20130712001: 1 1 6 ; 8
20130712002: 1 2 5 ; 8
20130712003: 3 4 4 ; 11
20130712004: 2 3 3 ; 8
20130712005: 4 5 5 ; 14
20130712006: 1 1 1 ; 3
20130712007: 2 2 6 ; 10
20130712008: 2 3 4 ; 9
20130712009: 1 1 2 ; 4
20130712010: 4 4 5 ; 13
20130712011: 2 5 6 ; 13
20130712012: 6 6 6 ; 18
20130712013: 3 4 5 ; 12
20130712014: 3 5 5 ; 13
20130712015: 2 2 5 ; 9
20130712016: 1 3 6 ; 10
20130712017: 2 3 3 ; 8
20130712018: 2 3 5 ; 10
20130712019: 1 3 4 ; 8
20130712020: 5 6 6 ; 17
20130712021: 3 3 5 ; 11
20130712022: 1 3 6 ; 10
20130712023: 3 5 5 ; 13
20130712024: 2 5 6 ; 13
20130712025: 1 3 3 ; 7
20130712026: 2 4 6 ; 12
20130712027: 4 5 6 ; 15
20130712028: 5 6 6 ; 17
20130712029: 1 1 4 ; 6
20130712030: 1 4 5 ; 10
20130712031: 3 5 6 ; 14
20130712032: 1 2 6 ; 9
20130712033: 1 3 5 ; 9
20130712034: 1 2 3 ; 6
20130712035: 2 3 4 ; 9
20130712036: 1 4 4 ; 9
20130712037: 2 3 4 ; 9
20130712038: 1 4 4 ; 9
20130712039: 1 2 2 ; 5
20130712040: 1 5 5 ; 11
20130712041: 4 6 6 ; 16
20130712042: 1 5 5 ; 11
20130712043: 3 3 4 ; 10
20130712044: 1 1 5 ; 7
20130712045: 2 2 2 ; 6
20130712046: 1 3 5 ; 9
20130712047: 3 3 5 ; 11
20130712048: 1 3 5 ; 9
20130712049: 1 1 3 ; 5
20130712050: 3 6 6 ; 15
20130712051: 1 2 3 ; 6
20130712052: 1 4 5 ; 10
20130712053: 1 1 4 ; 6
20130712054: 2 5 5 ; 12
20130712055: 1 2 2 ; 5
20130712056: 1 4 5 ; 10
20130712057: 3 4 6 ; 13
20130712058: 2 3 4 ; 9
20130712059: 1 3 5 ; 9
20130712060: 1 2 3 ; 6
20130712061: 2 3 5 ; 10
20130712062: 2 5 5 ; 12
20130712063: 4 5 6 ; 15
20130712064: 1 4 5 ; 10
20130712065: 4 4 5 ; 13
20130712066: 1 3 5 ; 9
20130712067: 1 1 2 ; 4
20130712068: 1 4 6 ; 11
20130712069: 1 1 4 ; 6
20130712070: 3 4 4 ; 11
20130712071: 1 3 4 ; 8
20130712072: 1 2 6 ; 9
20130712073: 1 4 5 ; 10
20130712074: 3 3 6 ; 12
20130712075: 3 5 5 ; 13
20130712076: 1 3 6 ; 10
20130712077: 5 5 6 ; 16
20130712078: 1 3 6 ; 10
