20130731001: 1 3 4 ; 8
20130731002: 3 5 6 ; 14
20130731003: 1 4 5 ; 10
20130731004: 1 3 4 ; 8
20130731005: 2 2 6 ; 10
20130731006: 2 4 5 ; 11
20130731007: 2 3 4 ; 9
20130731008: 1 2 4 ; 7
20130731009: 1 1 6 ; 8
20130731010: 2 5 6 ; 13
20130731011: 1 3 4 ; 8
20130731012: 4 5 5 ; 14
20130731013: 5 5 5 ; 15
20130731014: 1 1 2 ; 4
20130731015: 4 5 6 ; 15
20130731016: 1 3 3 ; 7
20130731017: 1 1 2 ; 4
20130731018: 1 5 6 ; 12
20130731019: 2 3 4 ; 9
20130731020: 1 4 6 ; 11
20130731021: 1 3 6 ; 10
20130731022: 1 2 2 ; 5
20130731023: 5 6 6 ; 17
20130731024: 3 3 5 ; 11
20130731025: 3 6 6 ; 15
20130731026: 1 3 4 ; 8
20130731027: 2 3 4 ; 9
20130731028: 1 2 4 ; 7
20130731029: 1 1 5 ; 7
20130731030: 2 2 6 ; 10
20130731031: 3 3 6 ; 12
20130731032: 1 2 6 ; 9
20130731033: 2 3 4 ; 9
20130731034: 1 4 4 ; 9
20130731035: 1 2 2 ; 5
20130731036: 1 5 6 ; 12
20130731037: 2 2 3 ; 7
20130731038: 2 4 4 ; 10
20130731039: 1 1 6 ; 8
20130731040: 1 3 6 ; 10
20130731041: 1 3 4 ; 8
20130731042: 3 5 6 ; 14
20130731043: 1 1 5 ; 7
20130731044: 2 6 6 ; 14
20130731045: 1 6 6 ; 13
20130731046: 1 3 4 ; 8
20130731047: 1 4 6 ; 11
20130731048: 2 2 3 ; 7
20130731049: 1 2 6 ; 9
20130731050: 1 4 5 ; 10
20130731051: 3 3 4 ; 10
20130731052: 4 4 5 ; 13
20130731053: 1 2 6 ; 9
20130731054: 3 3 6 ; 12
20130731055: 1 3 5 ; 9
20130731056: 1 4 6 ; 11
20130731057: 5 6 6 ; 17
20130731058: 2 5 6 ; 13
20130731059: 2 4 6 ; 12
20130731060: 1 1 6 ; 8
20130731061: 1 1 2 ; 4
20130731062: 1 2 6 ; 9
20130731063: 1 4 4 ; 9
20130731064: 1 1 5 ; 7
20130731065: 2 4 6 ; 12
20130731066: 1 1 4 ; 6
20130731067: 1 3 3 ; 7
20130731068: 2 4 5 ; 11
20130731069: 4 5 6 ; 15
20130731070: 1 4 6 ; 11
20130731071: 2 5 5 ; 12
20130731072: 2 4 4 ; 10
20130731073: 2 5 6 ; 13
20130731074: 1 1 6 ; 8
20130731075: 2 2 4 ; 8
20130731076: 1 3 5 ; 9
20130731077: 1 6 6 ; 13
20130731078: 1 2 6 ; 9
