20130728001: 2 5 6 ; 13
20130728002: 2 2 2 ; 6
20130728003: 3 4 6 ; 13
20130728004: 1 2 5 ; 8
20130728005: 5 6 6 ; 17
20130728006: 6 6 6 ; 18
20130728007: 2 3 5 ; 10
20130728008: 2 3 4 ; 9
20130728009: 2 2 5 ; 9
20130728010: 1 2 4 ; 7
20130728011: 1 2 3 ; 6
20130728012: 2 5 5 ; 12
20130728013: 2 3 6 ; 11
20130728014: 2 3 3 ; 8
20130728015: 4 5 6 ; 15
20130728016: 1 3 3 ; 7
20130728017: 1 5 6 ; 12
20130728018: 1 6 6 ; 13
20130728019: 1 4 6 ; 11
20130728020: 5 5 5 ; 15
20130728021: 2 2 3 ; 7
20130728022: 1 3 3 ; 7
20130728023: 2 4 6 ; 12
20130728024: 2 4 6 ; 12
20130728025: 1 3 6 ; 10
20130728026: 5 6 6 ; 17
20130728027: 1 2 6 ; 9
20130728028: 3 3 6 ; 12
20130728029: 1 1 5 ; 7
20130728030: 2 5 5 ; 12
20130728031: 2 4 5 ; 11
20130728032: 3 4 5 ; 12
20130728033: 3 6 6 ; 15
20130728034: 2 3 6 ; 11
20130728035: 2 2 3 ; 7
20130728036: 1 3 4 ; 8
20130728037: 1 3 5 ; 9
20130728038: 1 2 5 ; 8
20130728039: 2 4 6 ; 12
20130728040: 1 4 6 ; 11
20130728041: 2 6 6 ; 14
20130728042: 2 5 6 ; 13
20130728043: 2 3 4 ; 9
20130728044: 2 2 4 ; 8
20130728045: 3 4 6 ; 13
20130728046: 2 4 6 ; 12
20130728047: 1 4 5 ; 10
20130728048: 2 2 2 ; 6
20130728049: 2 6 6 ; 14
20130728050: 1 5 5 ; 11
20130728051: 3 4 5 ; 12
20130728052: 1 2 6 ; 9
20130728053: 2 3 4 ; 9
20130728054: 1 1 6 ; 8
20130728055: 1 3 4 ; 8
20130728056: 1 3 6 ; 10
20130728057: 2 3 5 ; 10
20130728058: 1 2 3 ; 6
20130728059: 4 4 5 ; 13
20130728060: 1 2 5 ; 8
20130728061: 1 1 3 ; 5
20130728062: 3 3 6 ; 12
20130728063: 2 3 4 ; 9
20130728064: 2 6 6 ; 14
20130728065: 1 4 6 ; 11
20130728066: 5 6 6 ; 17
20130728067: 2 2 6 ; 10
20130728068: 2 4 6 ; 12
20130728069: 5 6 6 ; 17
20130728070: 5 5 5 ; 15
20130728071: 1 4 5 ; 10
20130728072: 3 4 5 ; 12
20130728073: 1 1 2 ; 4
20130728074: 2 4 6 ; 12
20130728075: 2 2 6 ; 10
20130728076: 3 6 6 ; 15
20130728077: 1 1 4 ; 6
20130728078: 2 4 6 ; 12
