20130705001: 1 2 5 ; 8
20130705002: 1 2 2 ; 5
20130705003: 4 5 5 ; 14
20130705004: 1 1 5 ; 7
20130705005: 2 6 6 ; 14
20130705006: 2 3 5 ; 10
20130705007: 1 1 1 ; 3
20130705008: 1 1 5 ; 7
20130705009: 2 2 5 ; 9
20130705010: 2 2 3 ; 7
20130705011: 4 4 6 ; 14
20130705012: 6 6 6 ; 18
20130705013: 3 3 6 ; 12
20130705014: 1 2 6 ; 9
20130705015: 2 2 3 ; 7
20130705016: 4 5 6 ; 15
20130705017: 1 1 3 ; 5
20130705018: 1 4 5 ; 10
20130705019: 2 3 6 ; 11
20130705020: 1 3 4 ; 8
20130705021: 1 2 3 ; 6
20130705022: 3 5 6 ; 14
20130705023: 4 4 5 ; 13
20130705024: 3 3 5 ; 11
20130705025: 1 5 5 ; 11
20130705026: 1 5 6 ; 12
20130705027: 2 3 6 ; 11
20130705028: 3 3 4 ; 10
20130705029: 1 3 5 ; 9
20130705030: 2 3 3 ; 8
20130705031: 1 3 4 ; 8
20130705032: 1 4 6 ; 11
20130705033: 3 4 6 ; 13
20130705034: 2 5 5 ; 12
20130705035: 1 3 3 ; 7
20130705036: 1 2 5 ; 8
20130705037: 2 2 6 ; 10
20130705038: 1 1 2 ; 4
20130705039: 3 4 5 ; 12
20130705040: 1 2 3 ; 6
20130705041: 3 5 6 ; 14
20130705042: 1 1 3 ; 5
20130705043: 2 4 6 ; 12
20130705044: 2 2 5 ; 9
20130705045: 2 3 4 ; 9
20130705046: 1 3 4 ; 8
20130705047: 1 2 3 ; 6
20130705048: 3 4 4 ; 11
20130705049: 2 5 6 ; 13
20130705050: 3 3 4 ; 10
20130705051: 5 5 6 ; 16
20130705052: 1 4 4 ; 9
20130705053: 3 6 6 ; 15
20130705054: 1 4 4 ; 9
20130705055: 4 4 6 ; 14
20130705056: 4 5 5 ; 14
20130705057: 2 3 5 ; 10
20130705058: 6 6 6 ; 18
20130705059: 3 3 4 ; 10
20130705060: 2 5 5 ; 12
20130705061: 1 3 4 ; 8
20130705062: 1 1 6 ; 8
20130705063: 2 5 5 ; 12
20130705064: 2 4 6 ; 12
20130705065: 3 4 5 ; 12
20130705066: 3 4 5 ; 12
20130705067: 1 3 3 ; 7
20130705068: 3 4 6 ; 13
20130705069: 2 4 6 ; 12
20130705070: 1 1 4 ; 6
20130705071: 1 1 3 ; 5
20130705072: 4 5 6 ; 15
20130705073: 1 5 6 ; 12
20130705074: 3 5 5 ; 13
20130705075: 1 3 5 ; 9
20130705076: 3 4 5 ; 12
20130705077: 3 4 6 ; 13
20130705078: 1 3 4 ; 8
