20130729001: 2 4 6 ; 12
20130729002: 1 2 4 ; 7
20130729003: 1 1 4 ; 6
20130729004: 2 2 4 ; 8
20130729005: 5 5 6 ; 16
20130729006: 1 6 6 ; 13
20130729007: 2 4 5 ; 11
20130729008: 2 4 5 ; 11
20130729009: 1 2 6 ; 9
20130729010: 1 3 6 ; 10
20130729011: 1 4 5 ; 10
20130729012: 2 4 6 ; 12
20130729013: 3 5 6 ; 14
20130729014: 2 4 5 ; 11
20130729015: 3 3 6 ; 12
20130729016: 1 2 4 ; 7
20130729017: 1 4 5 ; 10
20130729018: 2 3 4 ; 9
20130729019: 3 3 6 ; 12
20130729020: 1 3 4 ; 8
20130729021: 3 3 4 ; 10
20130729022: 2 3 4 ; 9
20130729023: 2 3 6 ; 11
20130729024: 4 5 5 ; 14
20130729025: 1 1 2 ; 4
20130729026: 1 1 2 ; 4
20130729027: 2 5 5 ; 12
20130729028: 1 2 5 ; 8
20130729029: 2 3 6 ; 11
20130729030: 3 3 6 ; 12
20130729031: 3 3 6 ; 12
20130729032: 1 3 3 ; 7
20130729033: 1 1 2 ; 4
20130729034: 1 2 4 ; 7
20130729035: 1 6 6 ; 13
20130729036: 2 3 4 ; 9
20130729037: 4 5 5 ; 14
20130729038: 4 4 5 ; 13
20130729039: 2 4 5 ; 11
20130729040: 2 2 4 ; 8
20130729041: 4 4 6 ; 14
20130729042: 6 6 6 ; 18
20130729043: 1 2 4 ; 7
20130729044: 1 4 4 ; 9
20130729045: 1 3 6 ; 10
20130729046: 3 3 5 ; 11
20130729047: 3 4 5 ; 12
20130729048: 1 2 3 ; 6
20130729049: 4 6 6 ; 16
20130729050: 3 5 5 ; 13
20130729051: 1 4 6 ; 11
20130729052: 2 2 2 ; 6
20130729053: 2 3 5 ; 10
20130729054: 1 3 5 ; 9
20130729055: 4 4 4 ; 12
20130729056: 5 5 6 ; 16
20130729057: 3 5 6 ; 14
20130729058: 1 6 6 ; 13
20130729059: 1 5 5 ; 11
20130729060: 3 4 5 ; 12
20130729061: 1 5 6 ; 12
20130729062: 1 4 6 ; 11
20130729063: 1 4 5 ; 10
20130729064: 1 2 6 ; 9
20130729065: 4 5 6 ; 15
20130729066: 1 2 3 ; 6
20130729067: 1 1 3 ; 5
20130729068: 3 4 4 ; 11
20130729069: 4 5 5 ; 14
20130729070: 1 1 2 ; 4
20130729071: 4 4 6 ; 14
20130729072: 1 2 3 ; 6
20130729073: 1 2 5 ; 8
20130729074: 2 2 3 ; 7
20130729075: 1 4 6 ; 11
20130729076: 1 1 3 ; 5
20130729077: 1 3 5 ; 9
20130729078: 1 4 6 ; 11
