20131114001: 1 1 2 ; 4
20131114002: 1 2 2 ; 5
20131114003: 3 4 4 ; 11
20131114004: 4 5 6 ; 15
20131114005: 4 5 5 ; 14
20131114006: 4 4 5 ; 13
20131114007: 2 2 6 ; 10
20131114008: 3 5 6 ; 14
20131114009: 1 3 6 ; 10
20131114010: 1 2 5 ; 8
20131114011: 1 3 5 ; 9
20131114012: 4 4 5 ; 13
20131114013: 1 2 5 ; 8
20131114014: 1 3 4 ; 8
20131114015: 4 6 6 ; 16
20131114016: 1 2 2 ; 5
20131114017: 1 5 6 ; 12
20131114018: 3 4 4 ; 11
20131114019: 2 2 5 ; 9
20131114020: 1 6 6 ; 13
20131114021: 2 2 4 ; 8
20131114022: 3 4 6 ; 13
20131114023: 1 2 3 ; 6
20131114024: 1 2 3 ; 6
20131114025: 2 3 6 ; 11
20131114026: 2 4 5 ; 11
20131114027: 1 3 5 ; 9
20131114028: 3 5 6 ; 14
20131114029: 2 3 6 ; 11
20131114030: 3 3 4 ; 10
20131114031: 1 5 6 ; 12
20131114032: 3 6 6 ; 15
20131114033: 1 3 3 ; 7
20131114034: 1 6 6 ; 13
20131114035: 4 5 6 ; 15
20131114036: 1 3 3 ; 7
20131114037: 1 1 2 ; 4
20131114038: 1 2 5 ; 8
20131114039: 3 3 5 ; 11
20131114040: 1 5 6 ; 12
20131114041: 1 2 6 ; 9
20131114042: 1 2 6 ; 9
20131114043: 1 6 6 ; 13
20131114044: 1 2 6 ; 9
20131114045: 2 4 5 ; 11
20131114046: 1 4 5 ; 10
20131114047: 2 3 6 ; 11
20131114048: 3 3 3 ; 9
20131114049: 2 2 4 ; 8
20131114050: 1 4 6 ; 11
20131114051: 1 3 3 ; 7
20131114052: 1 2 5 ; 8
20131114053: 1 3 3 ; 7
20131114054: 1 2 3 ; 6
20131114055: 1 2 6 ; 9
20131114056: 4 5 5 ; 14
20131114057: 2 5 6 ; 13
20131114058: 1 3 5 ; 9
20131114059: 1 5 5 ; 11
20131114060: 5 6 6 ; 17
20131114061: 2 5 6 ; 13
20131114062: 1 4 4 ; 9
20131114063: 1 2 3 ; 6
20131114064: 4 4 6 ; 14
20131114065: 4 5 5 ; 14
20131114066: 2 3 3 ; 8
20131114067: 1 5 6 ; 12
20131114068: 1 3 5 ; 9
20131114069: 2 2 4 ; 8
20131114070: 1 6 6 ; 13
20131114071: 1 2 6 ; 9
20131114072: 1 1 4 ; 6
20131114073: 1 2 3 ; 6
20131114074: 4 6 6 ; 16
20131114075: 1 3 4 ; 8
20131114076: 3 4 6 ; 13
20131114077: 3 5 6 ; 14
20131114078: 2 4 5 ; 11
