20131024001: 4 5 6 ; 15
20131024002: 1 4 5 ; 10
20131024003: 3 4 6 ; 13
20131024004: 2 3 4 ; 9
20131024005: 1 3 6 ; 10
20131024006: 3 3 3 ; 9
20131024007: 1 5 5 ; 11
20131024008: 2 4 6 ; 12
20131024009: 1 3 4 ; 8
20131024010: 2 4 5 ; 11
20131024011: 1 2 5 ; 8
20131024012: 2 2 5 ; 9
20131024013: 4 5 6 ; 15
20131024014: 2 2 3 ; 7
20131024015: 2 4 4 ; 10
20131024016: 3 4 4 ; 11
20131024017: 1 3 4 ; 8
20131024018: 1 3 4 ; 8
20131024019: 1 3 6 ; 10
20131024020: 1 5 6 ; 12
20131024021: 1 2 4 ; 7
20131024022: 1 3 6 ; 10
20131024023: 2 2 5 ; 9
20131024024: 1 3 6 ; 10
20131024025: 1 2 4 ; 7
20131024026: 4 4 4 ; 12
20131024027: 2 3 5 ; 10
20131024028: 1 1 6 ; 8
20131024029: 1 6 6 ; 13
20131024030: 3 5 6 ; 14
20131024031: 2 3 3 ; 8
20131024032: 3 3 6 ; 12
20131024033: 5 5 6 ; 16
20131024034: 2 4 6 ; 12
20131024035: 1 3 6 ; 10
20131024036: 3 3 3 ; 9
20131024037: 1 2 3 ; 6
20131024038: 1 1 2 ; 4
20131024039: 1 2 3 ; 6
20131024040: 1 4 5 ; 10
20131024041: 4 4 6 ; 14
20131024042: 3 5 6 ; 14
20131024043: 1 2 4 ; 7
20131024044: 4 5 6 ; 15
20131024045: 1 2 6 ; 9
20131024046: 2 3 6 ; 11
20131024047: 4 6 6 ; 16
20131024048: 1 4 6 ; 11
20131024049: 2 4 6 ; 12
20131024050: 1 1 5 ; 7
20131024051: 1 3 4 ; 8
20131024052: 3 6 6 ; 15
20131024053: 4 5 5 ; 14
20131024054: 1 2 6 ; 9
20131024055: 2 3 6 ; 11
20131024056: 1 3 3 ; 7
20131024057: 1 3 6 ; 10
20131024058: 1 1 5 ; 7
20131024059: 4 4 6 ; 14
20131024060: 6 6 6 ; 18
20131024061: 2 2 5 ; 9
20131024062: 2 3 5 ; 10
20131024063: 1 5 6 ; 12
20131024064: 3 3 4 ; 10
20131024065: 2 3 6 ; 11
20131024066: 3 5 5 ; 13
20131024067: 1 3 4 ; 8
20131024068: 4 5 6 ; 15
20131024069: 5 5 6 ; 16
20131024070: 1 6 6 ; 13
20131024071: 4 5 6 ; 15
20131024072: 4 5 6 ; 15
20131024073: 3 5 6 ; 14
20131024074: 2 4 6 ; 12
20131024075: 4 6 6 ; 16
20131024076: 4 4 6 ; 14
20131024077: 3 3 6 ; 12
20131024078: 1 3 5 ; 9
