20131214001: 1 4 6 ; 11
20131214002: 1 3 5 ; 9
20131214003: 1 4 5 ; 10
20131214004: 1 4 4 ; 9
20131214005: 1 4 5 ; 10
20131214006: 1 2 6 ; 9
20131214007: 2 5 5 ; 12
20131214008: 1 6 6 ; 13
20131214009: 3 4 5 ; 12
20131214010: 1 1 3 ; 5
20131214011: 3 5 6 ; 14
20131214012: 2 3 3 ; 8
20131214013: 3 6 6 ; 15
20131214014: 1 2 5 ; 8
20131214015: 1 5 6 ; 12
20131214016: 3 4 6 ; 13
20131214017: 4 4 5 ; 13
20131214018: 2 5 6 ; 13
20131214019: 3 4 4 ; 11
20131214020: 1 4 5 ; 10
20131214021: 2 5 5 ; 12
20131214022: 4 5 6 ; 15
20131214023: 1 2 5 ; 8
20131214024: 5 6 6 ; 17
20131214025: 1 3 4 ; 8
20131214026: 3 5 5 ; 13
20131214027: 4 5 5 ; 14
20131214028: 3 4 6 ; 13
20131214029: 2 3 3 ; 8
20131214030: 3 5 6 ; 14
20131214031: 2 2 4 ; 8
20131214032: 2 5 6 ; 13
20131214033: 2 6 6 ; 14
20131214034: 1 1 6 ; 8
20131214035: 5 5 6 ; 16
20131214036: 4 4 6 ; 14
20131214037: 2 5 6 ; 13
20131214038: 3 5 6 ; 14
20131214039: 3 4 6 ; 13
20131214040: 1 3 4 ; 8
20131214041: 1 3 5 ; 9
20131214042: 2 4 5 ; 11
20131214043: 2 4 5 ; 11
20131214044: 1 3 6 ; 10
20131214045: 2 3 4 ; 9
20131214046: 2 3 4 ; 9
20131214047: 4 5 6 ; 15
20131214048: 1 1 6 ; 8
20131214049: 2 3 4 ; 9
20131214050: 1 1 5 ; 7
20131214051: 1 5 5 ; 11
20131214052: 2 5 6 ; 13
20131214053: 2 3 6 ; 11
20131214054: 3 3 5 ; 11
20131214055: 1 4 5 ; 10
20131214056: 1 3 5 ; 9
20131214057: 1 4 5 ; 10
20131214058: 1 1 4 ; 6
20131214059: 1 2 3 ; 6
20131214060: 1 3 5 ; 9
20131214061: 1 3 5 ; 9
20131214062: 1 2 5 ; 8
20131214063: 1 5 6 ; 12
20131214064: 1 3 3 ; 7
20131214065: 5 5 6 ; 16
20131214066: 2 3 5 ; 10
20131214067: 2 3 4 ; 9
20131214068: 1 3 6 ; 10
20131214069: 3 3 6 ; 12
20131214070: 2 5 6 ; 13
20131214071: 5 5 6 ; 16
20131214072: 5 5 6 ; 16
20131214073: 1 6 6 ; 13
20131214074: 4 5 6 ; 15
20131214075: 2 2 4 ; 8
20131214076: 3 4 6 ; 13
20131214077: 2 4 5 ; 11
20131214078: 1 3 3 ; 7
