20131121001: 1 3 5 ; 9
20131121002: 2 3 6 ; 11
20131121003: 3 3 6 ; 12
20131121004: 3 3 5 ; 11
20131121005: 3 3 6 ; 12
20131121006: 1 4 4 ; 9
20131121007: 1 5 5 ; 11
20131121008: 1 6 6 ; 13
20131121009: 2 3 3 ; 8
20131121010: 2 4 6 ; 12
20131121011: 3 4 5 ; 12
20131121012: 3 5 6 ; 14
20131121013: 1 5 6 ; 12
20131121014: 2 4 5 ; 11
20131121015: 1 1 6 ; 8
20131121016: 1 2 3 ; 6
20131121017: 1 3 3 ; 7
20131121018: 1 6 6 ; 13
20131121019: 4 4 5 ; 13
20131121020: 2 4 5 ; 11
20131121021: 1 4 6 ; 11
20131121022: 2 2 2 ; 6
20131121023: 1 4 4 ; 9
20131121024: 1 3 3 ; 7
20131121025: 1 1 2 ; 4
20131121026: 2 3 4 ; 9
20131121027: 2 3 4 ; 9
20131121028: 1 4 5 ; 10
20131121029: 2 4 6 ; 12
20131121030: 1 2 6 ; 9
20131121031: 1 3 6 ; 10
20131121032: 4 4 6 ; 14
20131121033: 1 5 5 ; 11
20131121034: 2 3 6 ; 11
20131121035: 5 5 5 ; 15
20131121036: 1 3 4 ; 8
20131121037: 2 2 4 ; 8
20131121038: 1 1 2 ; 4
20131121039: 2 3 3 ; 8
20131121040: 4 5 6 ; 15
20131121041: 2 3 5 ; 10
20131121042: 2 5 5 ; 12
20131121043: 4 5 6 ; 15
20131121044: 1 3 6 ; 10
20131121045: 3 3 5 ; 11
20131121046: 3 6 6 ; 15
20131121047: 1 4 5 ; 10
20131121048: 2 4 6 ; 12
20131121049: 1 3 4 ; 8
20131121050: 2 2 5 ; 9
20131121051: 2 3 5 ; 10
20131121052: 1 2 2 ; 5
20131121053: 1 1 6 ; 8
20131121054: 5 5 5 ; 15
20131121055: 2 2 5 ; 9
20131121056: 1 2 4 ; 7
20131121057: 1 2 6 ; 9
20131121058: 3 3 6 ; 12
20131121059: 2 3 4 ; 9
20131121060: 1 4 5 ; 10
20131121061: 1 1 2 ; 4
20131121062: 3 6 6 ; 15
20131121063: 2 3 5 ; 10
20131121064: 4 6 6 ; 16
20131121065: 1 4 6 ; 11
20131121066: 1 3 4 ; 8
20131121067: 4 5 6 ; 15
20131121068: 2 2 4 ; 8
20131121069: 3 4 6 ; 13
20131121070: 2 3 4 ; 9
20131121071: 1 2 3 ; 6
20131121072: 2 2 4 ; 8
20131121073: 2 3 5 ; 10
20131121074: 1 4 6 ; 11
20131121075: 3 4 5 ; 12
20131121076: 1 3 4 ; 8
20131121077: 2 3 4 ; 9
20131121078: 2 4 6 ; 12
