20130607001: 3 4 4 ; 11
20130607002: 2 4 6 ; 12
20130607003: 3 3 4 ; 10
20130607004: 3 5 6 ; 14
20130607005: 1 3 3 ; 7
20130607006: 2 3 3 ; 8
20130607007: 4 5 5 ; 14
20130607008: 3 5 5 ; 13
20130607009: 1 3 3 ; 7
20130607010: 2 5 5 ; 12
20130607011: 3 6 6 ; 15
20130607012: 2 3 6 ; 11
20130607013: 2 5 6 ; 13
20130607014: 1 1 4 ; 6
20130607015: 1 2 5 ; 8
20130607016: 1 1 3 ; 5
20130607017: 2 3 5 ; 10
20130607018: 2 3 4 ; 9
20130607019: 4 4 5 ; 13
20130607020: 1 2 5 ; 8
20130607021: 2 3 5 ; 10
20130607022: 2 2 4 ; 8
20130607023: 2 4 6 ; 12
20130607024: 2 4 6 ; 12
20130607025: 4 5 6 ; 15
20130607026: 4 4 4 ; 12
20130607027: 2 5 6 ; 13
20130607028: 1 5 5 ; 11
20130607029: 2 3 4 ; 9
20130607030: 3 4 5 ; 12
20130607031: 4 6 6 ; 16
20130607032: 2 5 6 ; 13
20130607033: 4 5 6 ; 15
20130607034: 1 1 1 ; 3
20130607035: 3 4 5 ; 12
20130607036: 1 1 6 ; 8
20130607037: 5 5 6 ; 16
20130607038: 1 4 5 ; 10
20130607039: 3 3 5 ; 11
20130607040: 1 3 6 ; 10
20130607041: 1 4 5 ; 10
20130607042: 3 5 6 ; 14
20130607043: 1 3 3 ; 7
20130607044: 1 1 6 ; 8
20130607045: 2 2 5 ; 9
20130607046: 2 3 6 ; 11
20130607047: 1 2 4 ; 7
20130607048: 1 4 6 ; 11
20130607049: 4 5 5 ; 14
20130607050: 3 5 5 ; 13
20130607051: 4 4 4 ; 12
20130607052: 1 1 4 ; 6
20130607053: 2 3 6 ; 11
20130607054: 1 2 3 ; 6
20130607055: 2 4 6 ; 12
20130607056: 2 3 6 ; 11
20130607057: 1 5 6 ; 12
20130607058: 1 1 5 ; 7
20130607059: 3 3 4 ; 10
20130607060: 2 3 5 ; 10
20130607061: 2 6 6 ; 14
20130607062: 2 6 6 ; 14
20130607063: 1 1 3 ; 5
20130607064: 1 2 4 ; 7
20130607065: 1 4 6 ; 11
20130607066: 2 3 3 ; 8
20130607067: 2 5 5 ; 12
20130607068: 1 3 4 ; 8
20130607069: 1 2 5 ; 8
20130607070: 1 1 4 ; 6
20130607071: 2 4 6 ; 12
20130607072: 1 3 5 ; 9
