20130823001: 3 4 5 ; 12
20130823002: 1 4 6 ; 11
20130823003: 2 3 4 ; 9
20130823004: 1 5 6 ; 12
20130823005: 1 2 2 ; 5
20130823006: 2 5 5 ; 12
20130823007: 5 6 6 ; 17
20130823008: 2 4 4 ; 10
20130823009: 1 6 6 ; 13
20130823010: 1 2 6 ; 9
20130823011: 4 4 6 ; 14
20130823012: 2 2 5 ; 9
20130823013: 2 4 5 ; 11
20130823014: 1 5 5 ; 11
20130823015: 3 3 4 ; 10
20130823016: 2 2 2 ; 6
20130823017: 2 3 4 ; 9
20130823018: 4 5 6 ; 15
20130823019: 2 6 6 ; 14
20130823020: 4 6 6 ; 16
20130823021: 1 2 4 ; 7
20130823022: 3 4 5 ; 12
20130823023: 1 4 6 ; 11
20130823024: 4 5 5 ; 14
20130823025: 2 2 6 ; 10
20130823026: 1 2 4 ; 7
20130823027: 1 3 6 ; 10
20130823028: 2 4 6 ; 12
20130823029: 3 3 5 ; 11
20130823030: 1 1 3 ; 5
20130823031: 3 4 5 ; 12
20130823032: 4 5 6 ; 15
20130823033: 2 2 5 ; 9
20130823034: 5 6 6 ; 17
20130823035: 2 3 5 ; 10
20130823036: 2 2 4 ; 8
20130823037: 4 4 6 ; 14
20130823038: 1 2 6 ; 9
20130823039: 3 5 5 ; 13
20130823040: 1 1 5 ; 7
20130823041: 1 6 6 ; 13
20130823042: 2 6 6 ; 14
20130823043: 3 3 4 ; 10
20130823044: 4 5 6 ; 15
20130823045: 2 2 5 ; 9
20130823046: 1 2 3 ; 6
20130823047: 1 4 5 ; 10
20130823048: 2 2 6 ; 10
20130823049: 4 5 6 ; 15
20130823050: 1 2 6 ; 9
20130823051: 1 1 3 ; 5
20130823052: 1 1 6 ; 8
20130823053: 2 3 5 ; 10
20130823054: 2 3 6 ; 11
20130823055: 2 4 6 ; 12
20130823056: 1 3 5 ; 9
20130823057: 1 3 4 ; 8
20130823058: 1 2 5 ; 8
20130823059: 1 3 4 ; 8
20130823060: 1 1 3 ; 5
20130823061: 1 3 4 ; 8
20130823062: 3 3 6 ; 12
20130823063: 2 5 6 ; 13
20130823064: 3 3 5 ; 11
20130823065: 3 5 6 ; 14
20130823066: 3 4 6 ; 13
20130823067: 1 5 5 ; 11
20130823068: 2 4 6 ; 12
20130823069: 4 4 6 ; 14
20130823070: 1 3 5 ; 9
20130823071: 1 2 5 ; 8
20130823072: 1 4 6 ; 11
20130823073: 3 5 5 ; 13
20130823074: 1 3 4 ; 8
20130823075: 1 1 4 ; 6
20130823076: 2 3 4 ; 9
20130823077: 2 4 6 ; 12
20130823078: 1 3 5 ; 9
