20130903001: 4 4 6 ; 14
20130903002: 2 3 5 ; 10
20130903003: 4 4 6 ; 14
20130903004: 2 3 5 ; 10
20130903005: 2 4 5 ; 11
20130903006: 4 6 6 ; 16
20130903007: 5 5 5 ; 15
20130903008: 3 3 3 ; 9
20130903009: 1 5 5 ; 11
20130903010: 3 3 4 ; 10
20130903011: 1 3 5 ; 9
20130903012: 4 4 5 ; 13
20130903013: 2 2 4 ; 8
20130903014: 2 4 5 ; 11
20130903015: 4 5 6 ; 15
20130903016: 3 4 6 ; 13
20130903017: 1 2 4 ; 7
20130903018: 2 3 4 ; 9
20130903019: 2 2 3 ; 7
20130903020: 3 4 6 ; 13
20130903021: 2 4 6 ; 12
20130903022: 2 3 3 ; 8
20130903023: 3 4 4 ; 11
20130903024: 1 2 5 ; 8
20130903025: 2 5 6 ; 13
20130903026: 1 1 4 ; 6
20130903027: 2 2 3 ; 7
20130903028: 3 3 5 ; 11
20130903029: 2 6 6 ; 14
20130903030: 3 4 6 ; 13
20130903031: 1 5 5 ; 11
20130903032: 1 3 5 ; 9
20130903033: 3 3 4 ; 10
20130903034: 2 2 4 ; 8
20130903035: 2 3 5 ; 10
20130903036: 1 6 6 ; 13
20130903037: 1 4 5 ; 10
20130903038: 1 2 4 ; 7
20130903039: 2 3 4 ; 9
20130903040: 1 4 4 ; 9
20130903041: 3 4 5 ; 12
20130903042: 3 3 5 ; 11
20130903043: 2 2 5 ; 9
20130903044: 1 5 6 ; 12
20130903045: 4 5 6 ; 15
20130903046: 2 2 6 ; 10
20130903047: 1 1 3 ; 5
20130903048: 3 6 6 ; 15
20130903049: 1 1 6 ; 8
20130903050: 1 2 3 ; 6
20130903051: 1 3 6 ; 10
20130903052: 2 4 6 ; 12
20130903053: 4 4 6 ; 14
20130903054: 3 6 6 ; 15
20130903055: 1 1 6 ; 8
20130903056: 1 4 6 ; 11
20130903057: 1 6 6 ; 13
20130903058: 5 5 5 ; 15
20130903059: 1 3 5 ; 9
20130903060: 1 5 5 ; 11
20130903061: 3 6 6 ; 15
20130903062: 1 2 6 ; 9
20130903063: 3 3 6 ; 12
20130903064: 3 5 6 ; 14
20130903065: 2 4 5 ; 11
20130903066: 2 4 4 ; 10
20130903067: 3 3 5 ; 11
20130903068: 2 2 4 ; 8
20130903069: 3 4 6 ; 13
20130903070: 3 4 5 ; 12
20130903071: 4 4 5 ; 13
20130903072: 1 5 6 ; 12
20130903073: 3 4 6 ; 13
20130903074: 4 6 6 ; 16
20130903075: 1 6 6 ; 13
20130903076: 3 4 5 ; 12
20130903077: 4 6 6 ; 16
20130903078: 3 5 6 ; 14
