20130716001: 2 3 5 ; 10
20130716002: 1 2 4 ; 7
20130716003: 1 4 4 ; 9
20130716004: 2 4 6 ; 12
20130716005: 1 1 1 ; 3
20130716006: 4 4 6 ; 14
20130716007: 2 4 6 ; 12
20130716008: 4 4 6 ; 14
20130716009: 3 4 6 ; 13
20130716010: 3 3 4 ; 10
20130716011: 2 3 6 ; 11
20130716012: 4 6 6 ; 16
20130716013: 1 1 5 ; 7
20130716014: 4 6 6 ; 16
20130716015: 2 3 4 ; 9
20130716016: 4 4 5 ; 13
20130716017: 2 3 5 ; 10
20130716018: 1 3 5 ; 9
20130716019: 1 3 5 ; 9
20130716020: 1 3 6 ; 10
20130716021: 1 1 3 ; 5
20130716022: 1 3 5 ; 9
20130716023: 2 2 5 ; 9
20130716024: 5 5 6 ; 16
20130716025: 1 2 2 ; 5
20130716026: 2 3 5 ; 10
20130716027: 1 1 6 ; 8
20130716028: 4 4 5 ; 13
20130716029: 1 3 3 ; 7
20130716030: 2 2 6 ; 10
20130716031: 2 3 3 ; 8
20130716032: 2 4 4 ; 10
20130716033: 3 4 6 ; 13
20130716034: 1 2 4 ; 7
20130716035: 3 4 6 ; 13
20130716036: 1 4 5 ; 10
20130716037: 1 5 6 ; 12
20130716038: 4 4 6 ; 14
20130716039: 5 6 6 ; 17
20130716040: 3 4 4 ; 11
20130716041: 2 2 6 ; 10
20130716042: 1 3 6 ; 10
20130716043: 1 6 6 ; 13
20130716044: 1 2 4 ; 7
20130716045: 2 5 5 ; 12
20130716046: 1 4 6 ; 11
20130716047: 1 4 6 ; 11
20130716048: 1 3 4 ; 8
20130716049: 2 3 3 ; 8
20130716050: 4 5 6 ; 15
20130716051: 2 2 4 ; 8
20130716052: 1 1 6 ; 8
20130716053: 1 2 6 ; 9
20130716054: 2 4 5 ; 11
20130716055: 3 5 6 ; 14
20130716056: 1 4 5 ; 10
20130716057: 1 2 5 ; 8
20130716058: 1 4 4 ; 9
20130716059: 2 2 3 ; 7
20130716060: 2 3 4 ; 9
20130716061: 2 4 5 ; 11
20130716062: 1 5 6 ; 12
20130716063: 1 4 5 ; 10
20130716064: 1 3 3 ; 7
20130716065: 2 2 3 ; 7
20130716066: 3 4 5 ; 12
20130716067: 4 5 6 ; 15
20130716068: 2 3 5 ; 10
20130716069: 2 5 5 ; 12
20130716070: 2 3 5 ; 10
20130716071: 1 4 5 ; 10
20130716072: 4 4 5 ; 13
20130716073: 4 6 6 ; 16
20130716074: 1 4 6 ; 11
20130716075: 2 4 5 ; 11
20130716076: 1 5 6 ; 12
20130716077: 2 4 5 ; 11
20130716078: 2 4 6 ; 12
