20130708001: 3 4 6 ; 13
20130708002: 2 3 5 ; 10
20130708003: 1 2 6 ; 9
20130708004: 3 4 5 ; 12
20130708005: 3 4 6 ; 13
20130708006: 2 3 3 ; 8
20130708007: 1 2 6 ; 9
20130708008: 1 1 2 ; 4
20130708009: 4 4 5 ; 13
20130708010: 5 6 6 ; 17
20130708011: 2 4 6 ; 12
20130708012: 3 4 6 ; 13
20130708013: 3 3 5 ; 11
20130708014: 3 4 6 ; 13
20130708015: 4 5 6 ; 15
20130708016: 1 6 6 ; 13
20130708017: 1 3 5 ; 9
20130708018: 3 3 6 ; 12
20130708019: 4 6 6 ; 16
20130708020: 2 4 4 ; 10
20130708021: 2 5 6 ; 13
20130708022: 4 4 6 ; 14
20130708023: 3 6 6 ; 15
20130708024: 1 3 5 ; 9
20130708025: 1 4 6 ; 11
20130708026: 1 1 1 ; 3
20130708027: 3 4 6 ; 13
20130708028: 2 4 5 ; 11
20130708029: 1 5 5 ; 11
20130708030: 1 4 6 ; 11
20130708031: 1 4 5 ; 10
20130708032: 2 3 4 ; 9
20130708033: 3 3 3 ; 9
20130708034: 1 2 6 ; 9
20130708035: 3 6 6 ; 15
20130708036: 3 4 5 ; 12
20130708037: 3 4 5 ; 12
20130708038: 2 4 5 ; 11
20130708039: 3 5 6 ; 14
20130708040: 2 3 6 ; 11
20130708041: 1 4 5 ; 10
20130708042: 6 6 6 ; 18
20130708043: 2 3 4 ; 9
20130708044: 1 2 2 ; 5
20130708045: 1 4 6 ; 11
20130708046: 3 5 6 ; 14
20130708047: 2 3 5 ; 10
20130708048: 3 5 6 ; 14
20130708049: 1 2 5 ; 8
20130708050: 1 4 6 ; 11
20130708051: 3 4 5 ; 12
20130708052: 1 1 2 ; 4
20130708053: 3 3 6 ; 12
20130708054: 1 6 6 ; 13
20130708055: 1 4 5 ; 10
20130708056: 1 5 5 ; 11
20130708057: 4 5 6 ; 15
20130708058: 2 5 6 ; 13
20130708059: 2 4 6 ; 12
20130708060: 3 4 5 ; 12
20130708061: 1 5 6 ; 12
20130708062: 2 4 4 ; 10
20130708063: 2 4 5 ; 11
20130708064: 2 3 3 ; 8
20130708065: 3 5 6 ; 14
20130708066: 1 4 6 ; 11
20130708067: 1 2 4 ; 7
20130708068: 5 6 6 ; 17
20130708069: 2 4 5 ; 11
20130708070: 1 3 3 ; 7
20130708071: 1 3 6 ; 10
20130708072: 1 4 4 ; 9
20130708073: 2 2 5 ; 9
20130708074: 3 3 5 ; 11
20130708075: 4 6 6 ; 16
20130708076: 5 6 6 ; 17
20130708077: 2 4 4 ; 10
20130708078: 2 2 5 ; 9
