20131001001: 1 2 4 ; 7
20131001002: 1 2 4 ; 7
20131001003: 3 3 6 ; 12
20131001004: 6 6 6 ; 18
20131001005: 2 3 4 ; 9
20131001006: 2 3 5 ; 10
20131001007: 4 4 6 ; 14
20131001008: 1 3 6 ; 10
20131001009: 3 3 6 ; 12
20131001010: 2 4 4 ; 10
20131001011: 4 5 6 ; 15
20131001012: 1 2 2 ; 5
20131001013: 1 2 6 ; 9
20131001014: 1 2 4 ; 7
20131001015: 2 2 4 ; 8
20131001016: 4 5 6 ; 15
20131001017: 2 3 4 ; 9
20131001018: 2 5 6 ; 13
20131001019: 2 5 6 ; 13
20131001020: 1 3 3 ; 7
20131001021: 1 2 6 ; 9
20131001022: 1 2 3 ; 6
20131001023: 3 3 6 ; 12
20131001024: 1 4 5 ; 10
20131001025: 3 4 4 ; 11
20131001026: 3 5 6 ; 14
20131001027: 3 3 4 ; 10
20131001028: 2 3 5 ; 10
20131001029: 3 5 6 ; 14
20131001030: 3 5 5 ; 13
20131001031: 1 1 4 ; 6
20131001032: 2 4 6 ; 12
20131001033: 2 4 6 ; 12
20131001034: 1 6 6 ; 13
20131001035: 2 2 5 ; 9
20131001036: 3 4 4 ; 11
20131001037: 4 6 6 ; 16
20131001038: 2 3 6 ; 11
20131001039: 3 5 6 ; 14
20131001040: 1 4 6 ; 11
20131001041: 1 5 6 ; 12
20131001042: 2 3 4 ; 9
20131001043: 3 4 6 ; 13
20131001044: 4 5 6 ; 15
20131001045: 2 3 5 ; 10
20131001046: 3 4 6 ; 13
20131001047: 1 1 3 ; 5
20131001048: 3 4 4 ; 11
20131001049: 2 3 6 ; 11
20131001050: 3 3 6 ; 12
20131001051: 1 2 2 ; 5
20131001052: 4 4 6 ; 14
20131001053: 2 3 4 ; 9
20131001054: 2 3 6 ; 11
20131001055: 3 4 4 ; 11
20131001056: 1 4 6 ; 11
20131001057: 1 3 6 ; 10
20131001058: 1 1 6 ; 8
20131001059: 2 2 2 ; 6
20131001060: 4 5 5 ; 14
20131001061: 1 2 6 ; 9
20131001062: 1 1 4 ; 6
20131001063: 2 6 6 ; 14
20131001064: 2 5 5 ; 12
20131001065: 3 4 4 ; 11
20131001066: 1 4 6 ; 11
20131001067: 1 1 4 ; 6
20131001068: 2 2 2 ; 6
20131001069: 2 4 6 ; 12
20131001070: 1 2 2 ; 5
20131001071: 2 2 4 ; 8
20131001072: 4 4 6 ; 14
20131001073: 1 2 4 ; 7
20131001074: 2 2 3 ; 7
20131001075: 1 1 4 ; 6
20131001076: 4 5 6 ; 15
20131001077: 1 1 6 ; 8
20131001078: 3 6 6 ; 15
