20131009001: 4 4 4 ; 12
20131009002: 1 6 6 ; 13
20131009003: 2 4 6 ; 12
20131009004: 1 1 5 ; 7
20131009005: 1 2 5 ; 8
20131009006: 3 4 4 ; 11
20131009007: 2 2 6 ; 10
20131009008: 2 3 4 ; 9
20131009009: 2 6 6 ; 14
20131009010: 1 2 5 ; 8
20131009011: 4 5 6 ; 15
20131009012: 2 3 6 ; 11
20131009013: 2 3 5 ; 10
20131009014: 1 2 4 ; 7
20131009015: 2 5 5 ; 12
20131009016: 2 5 6 ; 13
20131009017: 4 4 6 ; 14
20131009018: 2 4 5 ; 11
20131009019: 1 1 3 ; 5
20131009020: 3 4 6 ; 13
20131009021: 3 5 6 ; 14
20131009022: 1 3 5 ; 9
20131009023: 2 2 4 ; 8
20131009024: 1 1 4 ; 6
20131009025: 1 1 4 ; 6
20131009026: 4 4 5 ; 13
20131009027: 1 1 6 ; 8
20131009028: 1 1 5 ; 7
20131009029: 1 2 6 ; 9
20131009030: 1 1 4 ; 6
20131009031: 3 4 4 ; 11
20131009032: 2 5 6 ; 13
20131009033: 1 1 4 ; 6
20131009034: 1 3 5 ; 9
20131009035: 2 3 4 ; 9
20131009036: 1 4 5 ; 10
20131009037: 5 5 5 ; 15
20131009038: 3 5 6 ; 14
20131009039: 4 4 5 ; 13
20131009040: 3 3 5 ; 11
20131009041: 2 2 2 ; 6
20131009042: 1 3 6 ; 10
20131009043: 1 1 5 ; 7
20131009044: 1 1 4 ; 6
20131009045: 2 3 5 ; 10
20131009046: 3 3 6 ; 12
20131009047: 1 4 6 ; 11
20131009048: 2 5 6 ; 13
20131009049: 1 3 5 ; 9
20131009050: 1 1 2 ; 4
20131009051: 1 1 5 ; 7
20131009052: 2 2 2 ; 6
20131009053: 1 3 4 ; 8
20131009054: 2 3 6 ; 11
20131009055: 1 3 5 ; 9
20131009056: 2 6 6 ; 14
20131009057: 1 5 6 ; 12
20131009058: 2 3 5 ; 10
20131009059: 1 2 5 ; 8
20131009060: 3 4 6 ; 13
20131009061: 6 6 6 ; 18
20131009062: 2 4 6 ; 12
20131009063: 1 5 6 ; 12
20131009064: 1 3 4 ; 8
20131009065: 2 4 6 ; 12
20131009066: 3 5 6 ; 14
20131009067: 1 3 5 ; 9
20131009068: 1 4 5 ; 10
20131009069: 4 4 5 ; 13
20131009070: 1 4 6 ; 11
20131009071: 3 4 6 ; 13
20131009072: 1 3 4 ; 8
20131009073: 1 1 6 ; 8
20131009074: 4 4 4 ; 12
20131009075: 3 3 4 ; 10
20131009076: 2 5 6 ; 13
20131009077: 1 2 5 ; 8
20131009078: 1 6 6 ; 13
