20130709001: 2 3 5 ; 10
20130709002: 1 2 3 ; 6
20130709003: 2 3 6 ; 11
20130709004: 2 3 3 ; 8
20130709005: 2 3 3 ; 8
20130709006: 3 3 6 ; 12
20130709007: 2 4 6 ; 12
20130709008: 2 3 4 ; 9
20130709009: 4 5 6 ; 15
20130709010: 5 6 6 ; 17
20130709011: 1 3 5 ; 9
20130709012: 2 4 5 ; 11
20130709013: 4 5 5 ; 14
20130709014: 1 2 5 ; 8
20130709015: 1 1 3 ; 5
20130709016: 2 3 6 ; 11
20130709017: 2 3 6 ; 11
20130709018: 2 5 6 ; 13
20130709019: 2 2 3 ; 7
20130709020: 4 5 6 ; 15
20130709021: 4 5 5 ; 14
20130709022: 3 3 6 ; 12
20130709023: 3 6 6 ; 15
20130709024: 1 2 5 ; 8
20130709025: 2 3 6 ; 11
20130709026: 1 3 6 ; 10
20130709027: 3 4 6 ; 13
20130709028: 4 5 6 ; 15
20130709029: 1 4 5 ; 10
20130709030: 2 3 3 ; 8
20130709031: 5 5 6 ; 16
20130709032: 2 4 5 ; 11
20130709033: 2 2 3 ; 7
20130709034: 3 4 6 ; 13
20130709035: 4 6 6 ; 16
20130709036: 1 6 6 ; 13
20130709037: 2 5 6 ; 13
20130709038: 4 5 6 ; 15
20130709039: 5 5 6 ; 16
20130709040: 1 3 4 ; 8
20130709041: 1 2 4 ; 7
20130709042: 4 4 5 ; 13
20130709043: 1 4 5 ; 10
20130709044: 2 3 6 ; 11
20130709045: 2 2 3 ; 7
20130709046: 2 6 6 ; 14
20130709047: 1 3 3 ; 7
20130709048: 4 5 5 ; 14
20130709049: 2 3 6 ; 11
20130709050: 2 3 6 ; 11
20130709051: 3 5 6 ; 14
20130709052: 2 5 6 ; 13
20130709053: 1 2 6 ; 9
20130709054: 2 4 5 ; 11
20130709055: 5 5 6 ; 16
20130709056: 1 5 6 ; 12
20130709057: 1 2 4 ; 7
20130709058: 1 4 5 ; 10
20130709059: 3 3 6 ; 12
20130709060: 1 5 6 ; 12
20130709061: 3 3 5 ; 11
20130709062: 1 6 6 ; 13
20130709063: 3 4 4 ; 11
20130709064: 1 4 6 ; 11
20130709065: 1 4 4 ; 9
20130709066: 4 5 6 ; 15
20130709067: 5 5 6 ; 16
20130709068: 1 1 6 ; 8
20130709069: 1 3 4 ; 8
20130709070: 1 2 6 ; 9
20130709071: 5 5 5 ; 15
20130709072: 4 5 6 ; 15
20130709073: 1 1 3 ; 5
20130709074: 2 3 4 ; 9
20130709075: 1 3 5 ; 9
20130709076: 4 6 6 ; 16
20130709077: 1 1 4 ; 6
20130709078: 1 6 6 ; 13
