20130531001: 1 3 5 ; 9
20130531002: 3 3 4 ; 10
20130531003: 2 3 6 ; 11
20130531004: 3 4 4 ; 11
20130531005: 3 4 5 ; 12
20130531006: 1 1 4 ; 6
20130531007: 1 1 1 ; 3
20130531008: 4 5 6 ; 15
20130531009: 1 1 2 ; 4
20130531010: 1 2 3 ; 6
20130531011: 2 3 6 ; 11
20130531012: 2 2 3 ; 7
20130531013: 4 5 6 ; 15
20130531014: 1 2 6 ; 9
20130531015: 1 5 5 ; 11
20130531016: 3 4 6 ; 13
20130531017: 2 4 6 ; 12
20130531018: 2 3 4 ; 9
20130531019: 2 3 6 ; 11
20130531020: 4 6 6 ; 16
20130531021: 1 5 6 ; 12
20130531022: 2 3 5 ; 10
20130531023: 1 2 2 ; 5
20130531024: 2 3 4 ; 9
20130531025: 2 2 6 ; 10
20130531026: 3 3 6 ; 12
20130531027: 1 3 4 ; 8
20130531028: 1 3 5 ; 9
20130531029: 3 4 5 ; 12
20130531030: 2 5 5 ; 12
20130531031: 1 3 4 ; 8
20130531032: 1 1 4 ; 6
20130531033: 3 4 5 ; 12
20130531034: 1 2 6 ; 9
20130531035: 2 4 6 ; 12
20130531036: 1 2 3 ; 6
20130531037: 2 5 6 ; 13
20130531038: 3 3 3 ; 9
20130531039: 1 4 4 ; 9
20130531040: 4 5 6 ; 15
20130531041: 2 3 5 ; 10
20130531042: 2 3 4 ; 9
20130531043: 4 5 6 ; 15
20130531044: 1 2 5 ; 8
20130531045: 2 4 5 ; 11
20130531046: 3 3 4 ; 10
20130531047: 1 2 3 ; 6
20130531048: 1 6 6 ; 13
20130531049: 1 2 6 ; 9
20130531050: 2 3 4 ; 9
20130531051: 2 3 6 ; 11
20130531052: 4 4 5 ; 13
20130531053: 2 5 6 ; 13
20130531054: 2 5 5 ; 12
20130531055: 2 2 6 ; 10
20130531056: 1 6 6 ; 13
20130531057: 1 2 3 ; 6
20130531058: 3 3 5 ; 11
20130531059: 1 5 6 ; 12
20130531060: 1 2 3 ; 6
20130531061: 2 3 4 ; 9
20130531062: 3 4 6 ; 13
20130531063: 4 6 6 ; 16
20130531064: 1 6 6 ; 13
20130531065: 2 3 6 ; 11
20130531066: 1 2 3 ; 6
20130531067: 3 4 6 ; 13
20130531068: 1 2 4 ; 7
20130531069: 1 5 6 ; 12
20130531070: 1 4 4 ; 9
20130531071: 1 2 5 ; 8
20130531072: 1 1 5 ; 7
