20130818001: 2 3 4 ; 9
20130818002: 1 6 6 ; 13
20130818003: 1 5 5 ; 11
20130818004: 2 5 5 ; 12
20130818005: 1 3 4 ; 8
20130818006: 1 2 3 ; 6
20130818007: 2 3 5 ; 10
20130818008: 1 2 5 ; 8
20130818009: 3 4 5 ; 12
20130818010: 2 3 6 ; 11
20130818011: 2 4 5 ; 11
20130818012: 3 4 6 ; 13
20130818013: 2 6 6 ; 14
20130818014: 4 4 6 ; 14
20130818015: 1 5 5 ; 11
20130818016: 1 5 6 ; 12
20130818017: 2 2 3 ; 7
20130818018: 3 5 6 ; 14
20130818019: 2 2 5 ; 9
20130818020: 1 3 4 ; 8
20130818021: 4 5 6 ; 15
20130818022: 2 2 6 ; 10
20130818023: 1 1 1 ; 3
20130818024: 1 2 4 ; 7
20130818025: 1 6 6 ; 13
20130818026: 2 2 5 ; 9
20130818027: 2 3 5 ; 10
20130818028: 1 2 4 ; 7
20130818029: 2 5 6 ; 13
20130818030: 3 6 6 ; 15
20130818031: 6 6 6 ; 18
20130818032: 1 2 3 ; 6
20130818033: 1 3 6 ; 10
20130818034: 1 2 5 ; 8
20130818035: 2 2 5 ; 9
20130818036: 4 5 6 ; 15
20130818037: 3 3 5 ; 11
20130818038: 1 5 6 ; 12
20130818039: 1 5 5 ; 11
20130818040: 1 3 4 ; 8
20130818041: 1 4 5 ; 10
20130818042: 3 3 3 ; 9
20130818043: 1 2 5 ; 8
20130818044: 1 2 4 ; 7
20130818045: 2 3 5 ; 10
20130818046: 1 2 4 ; 7
20130818047: 1 3 4 ; 8
20130818048: 1 5 5 ; 11
20130818049: 1 2 3 ; 6
20130818050: 2 6 6 ; 14
20130818051: 3 4 6 ; 13
20130818052: 1 4 6 ; 11
20130818053: 4 4 6 ; 14
20130818054: 1 4 6 ; 11
20130818055: 1 5 6 ; 12
20130818056: 2 3 6 ; 11
20130818057: 2 3 6 ; 11
20130818058: 1 1 3 ; 5
20130818059: 3 3 4 ; 10
20130818060: 4 5 6 ; 15
20130818061: 1 3 4 ; 8
20130818062: 2 5 6 ; 13
20130818063: 5 6 6 ; 17
20130818064: 4 4 6 ; 14
20130818065: 3 3 4 ; 10
20130818066: 1 3 4 ; 8
20130818067: 3 3 5 ; 11
20130818068: 6 6 6 ; 18
20130818069: 4 5 5 ; 14
20130818070: 2 2 3 ; 7
20130818071: 3 4 5 ; 12
20130818072: 2 2 4 ; 8
20130818073: 2 4 5 ; 11
20130818074: 1 2 5 ; 8
20130818075: 2 4 5 ; 11
20130818076: 1 2 4 ; 7
20130818077: 3 5 6 ; 14
20130818078: 1 3 6 ; 10
