20131020001: 2 4 6 ; 12
20131020002: 2 3 4 ; 9
20131020003: 4 5 6 ; 15
20131020004: 2 3 4 ; 9
20131020005: 1 4 6 ; 11
20131020006: 1 6 6 ; 13
20131020007: 1 1 6 ; 8
20131020008: 2 3 6 ; 11
20131020009: 1 2 5 ; 8
20131020010: 3 4 4 ; 11
20131020011: 1 2 4 ; 7
20131020012: 2 4 5 ; 11
20131020013: 3 5 6 ; 14
20131020014: 1 5 6 ; 12
20131020015: 2 3 4 ; 9
20131020016: 2 4 5 ; 11
20131020017: 4 4 5 ; 13
20131020018: 1 1 5 ; 7
20131020019: 3 5 6 ; 14
20131020020: 2 4 5 ; 11
20131020021: 4 6 6 ; 16
20131020022: 2 2 5 ; 9
20131020023: 1 2 5 ; 8
20131020024: 2 3 6 ; 11
20131020025: 2 5 5 ; 12
20131020026: 3 3 4 ; 10
20131020027: 1 5 5 ; 11
20131020028: 1 3 5 ; 9
20131020029: 2 3 4 ; 9
20131020030: 2 5 5 ; 12
20131020031: 1 3 6 ; 10
20131020032: 2 3 4 ; 9
20131020033: 1 2 5 ; 8
20131020034: 2 3 5 ; 10
20131020035: 4 5 6 ; 15
20131020036: 3 3 6 ; 12
20131020037: 4 5 6 ; 15
20131020038: 1 1 1 ; 3
20131020039: 3 3 6 ; 12
20131020040: 2 3 6 ; 11
20131020041: 1 5 5 ; 11
20131020042: 3 5 6 ; 14
20131020043: 5 6 6 ; 17
20131020044: 2 3 5 ; 10
20131020045: 1 1 5 ; 7
20131020046: 1 1 4 ; 6
20131020047: 1 2 6 ; 9
20131020048: 2 4 5 ; 11
20131020049: 2 5 6 ; 13
20131020050: 1 1 1 ; 3
20131020051: 1 4 4 ; 9
20131020052: 1 4 5 ; 10
20131020053: 1 2 5 ; 8
20131020054: 1 4 6 ; 11
20131020055: 1 2 4 ; 7
20131020056: 4 4 4 ; 12
20131020057: 2 3 4 ; 9
20131020058: 3 5 6 ; 14
20131020059: 1 1 4 ; 6
20131020060: 2 3 6 ; 11
20131020061: 1 1 4 ; 6
20131020062: 1 3 6 ; 10
20131020063: 1 5 6 ; 12
20131020064: 3 4 6 ; 13
20131020065: 1 1 5 ; 7
20131020066: 1 4 6 ; 11
20131020067: 3 5 6 ; 14
20131020068: 2 2 6 ; 10
20131020069: 1 3 5 ; 9
20131020070: 1 5 6 ; 12
20131020071: 3 4 6 ; 13
20131020072: 2 4 5 ; 11
20131020073: 1 1 5 ; 7
20131020074: 1 3 4 ; 8
20131020075: 4 5 6 ; 15
20131020076: 1 1 2 ; 4
20131020077: 1 2 5 ; 8
20131020078: 1 1 3 ; 5
