20130613001: 2 2 6 ; 10
20130613002: 4 6 6 ; 16
20130613003: 2 3 4 ; 9
20130613004: 1 3 3 ; 7
20130613005: 1 2 5 ; 8
20130613006: 1 4 4 ; 9
20130613007: 2 3 3 ; 8
20130613008: 2 3 4 ; 9
20130613009: 1 1 6 ; 8
20130613010: 3 4 6 ; 13
20130613011: 2 4 4 ; 10
20130613012: 1 4 5 ; 10
20130613013: 4 5 5 ; 14
20130613014: 1 1 2 ; 4
20130613015: 2 4 4 ; 10
20130613016: 2 2 5 ; 9
20130613017: 1 2 5 ; 8
20130613018: 1 1 3 ; 5
20130613019: 2 2 6 ; 10
20130613020: 2 6 6 ; 14
20130613021: 1 5 5 ; 11
20130613022: 2 5 6 ; 13
20130613023: 2 5 6 ; 13
20130613024: 1 2 6 ; 9
20130613025: 3 5 6 ; 14
20130613026: 6 6 6 ; 18
20130613027: 1 2 4 ; 7
20130613028: 2 3 4 ; 9
20130613029: 1 4 6 ; 11
20130613030: 1 2 3 ; 6
20130613031: 2 4 5 ; 11
20130613032: 3 6 6 ; 15
20130613033: 2 2 5 ; 9
20130613034: 4 6 6 ; 16
20130613035: 2 6 6 ; 14
20130613036: 4 4 5 ; 13
20130613037: 2 3 6 ; 11
20130613038: 1 3 5 ; 9
20130613039: 2 3 6 ; 11
20130613040: 1 1 3 ; 5
20130613041: 3 3 5 ; 11
20130613042: 1 1 2 ; 4
20130613043: 1 2 4 ; 7
20130613044: 2 3 6 ; 11
20130613045: 2 3 4 ; 9
20130613046: 3 5 6 ; 14
20130613047: 4 5 5 ; 14
20130613048: 3 4 5 ; 12
20130613049: 1 1 3 ; 5
20130613050: 2 3 5 ; 10
20130613051: 3 4 5 ; 12
20130613052: 2 2 6 ; 10
20130613053: 2 6 6 ; 14
20130613054: 1 1 3 ; 5
20130613055: 2 3 6 ; 11
20130613056: 2 3 6 ; 11
20130613057: 1 2 4 ; 7
20130613058: 1 1 2 ; 4
20130613059: 1 3 4 ; 8
20130613060: 2 3 4 ; 9
20130613061: 1 2 2 ; 5
20130613062: 1 2 6 ; 9
20130613063: 2 4 5 ; 11
20130613064: 4 5 5 ; 14
20130613065: 2 3 6 ; 11
20130613066: 4 5 6 ; 15
20130613067: 1 2 5 ; 8
20130613068: 2 3 6 ; 11
20130613069: 4 4 5 ; 13
20130613070: 3 4 5 ; 12
20130613071: 1 1 5 ; 7
20130613072: 1 4 6 ; 11
