20131218001: 1 1 5 ; 7
20131218002: 1 2 3 ; 6
20131218003: 1 6 6 ; 13
20131218004: 5 6 6 ; 17
20131218005: 2 5 5 ; 12
20131218006: 3 3 3 ; 9
20131218007: 2 3 6 ; 11
20131218008: 4 5 6 ; 15
20131218009: 5 6 6 ; 17
20131218010: 1 3 5 ; 9
20131218011: 1 1 6 ; 8
20131218012: 2 4 6 ; 12
20131218013: 2 3 6 ; 11
20131218014: 2 4 5 ; 11
20131218015: 1 6 6 ; 13
20131218016: 1 4 6 ; 11
20131218017: 1 2 4 ; 7
20131218018: 2 2 5 ; 9
20131218019: 1 1 2 ; 4
20131218020: 3 3 5 ; 11
20131218021: 2 2 4 ; 8
20131218022: 1 2 2 ; 5
20131218023: 4 5 5 ; 14
20131218024: 1 3 3 ; 7
20131218025: 2 3 3 ; 8
20131218026: 1 3 4 ; 8
20131218027: 3 4 6 ; 13
20131218028: 2 3 5 ; 10
20131218029: 1 3 6 ; 10
20131218030: 2 4 5 ; 11
20131218031: 2 3 4 ; 9
20131218032: 2 3 4 ; 9
20131218033: 3 5 6 ; 14
20131218034: 4 5 6 ; 15
20131218035: 1 4 6 ; 11
20131218036: 3 3 5 ; 11
20131218037: 6 6 6 ; 18
20131218038: 2 2 5 ; 9
20131218039: 3 6 6 ; 15
20131218040: 1 5 6 ; 12
20131218041: 2 4 5 ; 11
20131218042: 1 1 4 ; 6
20131218043: 2 6 6 ; 14
20131218044: 2 3 6 ; 11
20131218045: 2 3 6 ; 11
20131218046: 1 4 5 ; 10
20131218047: 2 5 5 ; 12
20131218048: 2 4 4 ; 10
20131218049: 2 4 6 ; 12
20131218050: 3 3 6 ; 12
20131218051: 1 1 3 ; 5
20131218052: 4 4 5 ; 13
20131218053: 5 5 6 ; 16
20131218054: 1 3 4 ; 8
20131218055: 3 3 4 ; 10
20131218056: 4 5 6 ; 15
20131218057: 1 3 5 ; 9
20131218058: 1 3 6 ; 10
20131218059: 1 4 6 ; 11
20131218060: 1 1 3 ; 5
20131218061: 1 2 4 ; 7
20131218062: 4 4 6 ; 14
20131218063: 2 3 4 ; 9
20131218064: 3 4 6 ; 13
20131218065: 3 3 6 ; 12
20131218066: 2 4 4 ; 10
20131218067: 1 6 6 ; 13
20131218068: 4 5 6 ; 15
20131218069: 2 5 6 ; 13
20131218070: 1 1 6 ; 8
20131218071: 1 2 3 ; 6
20131218072: 2 6 6 ; 14
20131218073: 4 6 6 ; 16
20131218074: 2 2 4 ; 8
20131218075: 6 6 6 ; 18
20131218076: 1 5 5 ; 11
20131218077: 1 3 6 ; 10
20131218078: 3 4 5 ; 12
