20131216001: 3 4 4 ; 11
20131216002: 3 4 5 ; 12
20131216003: 4 5 6 ; 15
20131216004: 1 5 6 ; 12
20131216005: 3 3 4 ; 10
20131216006: 2 4 5 ; 11
20131216007: 4 6 6 ; 16
20131216008: 3 4 4 ; 11
20131216009: 1 2 4 ; 7
20131216010: 2 2 3 ; 7
20131216011: 3 6 6 ; 15
20131216012: 1 3 6 ; 10
20131216013: 1 3 5 ; 9
20131216014: 2 3 6 ; 11
20131216015: 5 6 6 ; 17
20131216016: 1 3 6 ; 10
20131216017: 5 5 6 ; 16
20131216018: 1 1 3 ; 5
20131216019: 1 3 4 ; 8
20131216020: 1 3 6 ; 10
20131216021: 3 6 6 ; 15
20131216022: 1 2 6 ; 9
20131216023: 3 4 5 ; 12
20131216024: 1 2 5 ; 8
20131216025: 2 6 6 ; 14
20131216026: 1 3 5 ; 9
20131216027: 2 5 5 ; 12
20131216028: 2 4 5 ; 11
20131216029: 3 3 4 ; 10
20131216030: 1 1 2 ; 4
20131216031: 5 6 6 ; 17
20131216032: 4 6 6 ; 16
20131216033: 5 6 6 ; 17
20131216034: 2 3 5 ; 10
20131216035: 1 1 6 ; 8
20131216036: 3 3 4 ; 10
20131216037: 2 6 6 ; 14
20131216038: 3 5 6 ; 14
20131216039: 1 5 6 ; 12
20131216040: 3 5 5 ; 13
20131216041: 4 6 6 ; 16
20131216042: 1 3 3 ; 7
20131216043: 4 5 6 ; 15
20131216044: 2 3 6 ; 11
20131216045: 3 4 5 ; 12
20131216046: 1 2 3 ; 6
20131216047: 1 3 4 ; 8
20131216048: 1 3 5 ; 9
20131216049: 1 3 5 ; 9
20131216050: 4 4 5 ; 13
20131216051: 1 3 6 ; 10
20131216052: 3 4 6 ; 13
20131216053: 2 5 6 ; 13
20131216054: 2 4 6 ; 12
20131216055: 2 5 6 ; 13
20131216056: 1 2 3 ; 6
20131216057: 1 1 5 ; 7
20131216058: 1 1 4 ; 6
20131216059: 3 4 6 ; 13
20131216060: 1 5 5 ; 11
20131216061: 1 6 6 ; 13
20131216062: 2 4 6 ; 12
20131216063: 1 1 5 ; 7
20131216064: 2 3 5 ; 10
20131216065: 1 3 5 ; 9
20131216066: 2 2 5 ; 9
20131216067: 4 5 6 ; 15
20131216068: 2 6 6 ; 14
20131216069: 2 3 6 ; 11
20131216070: 1 5 6 ; 12
20131216071: 3 5 5 ; 13
20131216072: 1 1 5 ; 7
20131216073: 1 6 6 ; 13
20131216074: 2 3 4 ; 9
20131216075: 2 5 6 ; 13
20131216076: 2 3 3 ; 8
20131216077: 1 4 5 ; 10
20131216078: 3 4 5 ; 12
