20130827001: 2 4 5 ; 11
20130827002: 1 3 6 ; 10
20130827003: 3 4 5 ; 12
20130827004: 1 3 4 ; 8
20130827005: 1 1 4 ; 6
20130827006: 1 4 5 ; 10
20130827007: 2 4 5 ; 11
20130827008: 3 4 5 ; 12
20130827009: 2 2 4 ; 8
20130827010: 1 5 5 ; 11
20130827011: 2 2 4 ; 8
20130827012: 1 3 6 ; 10
20130827013: 1 3 6 ; 10
20130827014: 1 4 6 ; 11
20130827015: 4 6 6 ; 16
20130827016: 3 4 6 ; 13
20130827017: 1 3 4 ; 8
20130827018: 2 3 6 ; 11
20130827019: 2 3 5 ; 10
20130827020: 1 3 5 ; 9
20130827021: 2 3 4 ; 9
20130827022: 2 5 6 ; 13
20130827023: 1 1 4 ; 6
20130827024: 1 2 5 ; 8
20130827025: 2 2 6 ; 10
20130827026: 2 4 4 ; 10
20130827027: 3 3 6 ; 12
20130827028: 1 6 6 ; 13
20130827029: 3 6 6 ; 15
20130827030: 1 2 2 ; 5
20130827031: 5 6 6 ; 17
20130827032: 4 4 5 ; 13
20130827033: 4 4 6 ; 14
20130827034: 3 6 6 ; 15
20130827035: 2 2 4 ; 8
20130827036: 1 1 5 ; 7
20130827037: 2 3 6 ; 11
20130827038: 1 3 4 ; 8
20130827039: 2 3 5 ; 10
20130827040: 1 4 5 ; 10
20130827041: 1 3 5 ; 9
20130827042: 1 5 6 ; 12
20130827043: 1 3 4 ; 8
20130827044: 1 5 5 ; 11
20130827045: 1 2 3 ; 6
20130827046: 3 4 6 ; 13
20130827047: 2 3 4 ; 9
20130827048: 3 5 6 ; 14
20130827049: 1 3 5 ; 9
20130827050: 1 2 4 ; 7
20130827051: 3 5 5 ; 13
20130827052: 2 2 6 ; 10
20130827053: 2 4 5 ; 11
20130827054: 5 5 6 ; 16
20130827055: 1 3 5 ; 9
20130827056: 2 6 6 ; 14
20130827057: 1 3 5 ; 9
20130827058: 4 6 6 ; 16
20130827059: 2 2 3 ; 7
20130827060: 1 4 4 ; 9
20130827061: 1 4 6 ; 11
20130827062: 2 4 6 ; 12
20130827063: 2 2 4 ; 8
20130827064: 3 5 6 ; 14
20130827065: 1 3 5 ; 9
20130827066: 1 5 6 ; 12
20130827067: 3 3 5 ; 11
20130827068: 1 3 5 ; 9
20130827069: 2 4 6 ; 12
20130827070: 3 4 6 ; 13
20130827071: 2 3 4 ; 9
20130827072: 3 6 6 ; 15
20130827073: 1 2 5 ; 8
20130827074: 2 5 6 ; 13
20130827075: 4 4 5 ; 13
20130827076: 3 6 6 ; 15
20130827077: 2 5 5 ; 12
20130827078: 1 4 6 ; 11
