20131202001: 1 2 6 ; 9
20131202002: 5 6 6 ; 17
20131202003: 1 2 3 ; 6
20131202004: 1 4 5 ; 10
20131202005: 3 6 6 ; 15
20131202006: 2 6 6 ; 14
20131202007: 2 5 6 ; 13
20131202008: 1 2 4 ; 7
20131202009: 4 6 6 ; 16
20131202010: 1 5 5 ; 11
20131202011: 1 2 5 ; 8
20131202012: 1 4 6 ; 11
20131202013: 4 4 5 ; 13
20131202014: 2 2 3 ; 7
20131202015: 1 1 4 ; 6
20131202016: 1 4 5 ; 10
20131202017: 1 2 2 ; 5
20131202018: 1 5 6 ; 12
20131202019: 1 5 6 ; 12
20131202020: 1 1 6 ; 8
20131202021: 2 3 4 ; 9
20131202022: 3 4 5 ; 12
20131202023: 1 1 3 ; 5
20131202024: 1 4 5 ; 10
20131202025: 2 4 6 ; 12
20131202026: 1 2 3 ; 6
20131202027: 5 5 6 ; 16
20131202028: 1 2 5 ; 8
20131202029: 1 1 4 ; 6
20131202030: 1 2 4 ; 7
20131202031: 1 2 5 ; 8
20131202032: 2 3 6 ; 11
20131202033: 3 4 4 ; 11
20131202034: 4 5 5 ; 14
20131202035: 3 5 6 ; 14
20131202036: 1 6 6 ; 13
20131202037: 1 5 6 ; 12
20131202038: 2 4 6 ; 12
20131202039: 1 4 5 ; 10
20131202040: 1 5 6 ; 12
20131202041: 1 2 6 ; 9
20131202042: 2 6 6 ; 14
20131202043: 1 5 6 ; 12
20131202044: 2 6 6 ; 14
20131202045: 2 4 4 ; 10
20131202046: 4 5 5 ; 14
20131202047: 1 2 4 ; 7
20131202048: 3 3 5 ; 11
20131202049: 2 2 6 ; 10
20131202050: 1 2 4 ; 7
20131202051: 2 3 5 ; 10
20131202052: 4 5 6 ; 15
20131202053: 4 5 5 ; 14
20131202054: 2 5 6 ; 13
20131202055: 1 2 3 ; 6
20131202056: 1 1 3 ; 5
20131202057: 3 3 6 ; 12
20131202058: 1 2 4 ; 7
20131202059: 1 4 4 ; 9
20131202060: 1 1 3 ; 5
20131202061: 1 4 6 ; 11
20131202062: 2 2 3 ; 7
20131202063: 3 4 4 ; 11
20131202064: 1 1 3 ; 5
20131202065: 1 2 4 ; 7
20131202066: 3 5 6 ; 14
20131202067: 1 1 6 ; 8
20131202068: 2 2 4 ; 8
20131202069: 3 3 4 ; 10
20131202070: 2 2 5 ; 9
20131202071: 1 4 6 ; 11
20131202072: 3 4 5 ; 12
20131202073: 2 3 5 ; 10
20131202074: 1 4 4 ; 9
20131202075: 3 3 5 ; 11
20131202076: 1 3 6 ; 10
20131202077: 4 5 6 ; 15
20131202078: 1 2 2 ; 5
