20131209001: 3 6 6 ; 15
20131209002: 3 5 6 ; 14
20131209003: 3 4 6 ; 13
20131209004: 1 4 6 ; 11
20131209005: 2 3 4 ; 9
20131209006: 1 3 5 ; 9
20131209007: 1 1 6 ; 8
20131209008: 1 3 5 ; 9
20131209009: 2 4 5 ; 11
20131209010: 3 6 6 ; 15
20131209011: 1 3 4 ; 8
20131209012: 2 3 5 ; 10
20131209013: 1 1 4 ; 6
20131209014: 2 3 5 ; 10
20131209015: 1 2 5 ; 8
20131209016: 2 3 6 ; 11
20131209017: 1 3 4 ; 8
20131209018: 5 6 6 ; 17
20131209019: 5 6 6 ; 17
20131209020: 4 5 6 ; 15
20131209021: 2 3 3 ; 8
20131209022: 3 4 4 ; 11
20131209023: 1 6 6 ; 13
20131209024: 3 4 4 ; 11
20131209025: 3 5 6 ; 14
20131209026: 1 2 5 ; 8
20131209027: 2 3 5 ; 10
20131209028: 1 5 6 ; 12
20131209029: 1 4 6 ; 11
20131209030: 2 5 5 ; 12
20131209031: 1 3 5 ; 9
20131209032: 4 5 5 ; 14
20131209033: 1 1 3 ; 5
20131209034: 1 2 5 ; 8
20131209035: 3 3 4 ; 10
20131209036: 3 4 6 ; 13
20131209037: 1 2 4 ; 7
20131209038: 4 4 6 ; 14
20131209039: 2 3 5 ; 10
20131209040: 2 2 3 ; 7
20131209041: 3 4 5 ; 12
20131209042: 1 2 2 ; 5
20131209043: 1 6 6 ; 13
20131209044: 2 3 6 ; 11
20131209045: 3 3 3 ; 9
20131209046: 1 4 6 ; 11
20131209047: 2 3 5 ; 10
20131209048: 6 6 6 ; 18
20131209049: 1 2 3 ; 6
20131209050: 3 4 5 ; 12
20131209051: 1 3 6 ; 10
20131209052: 1 3 4 ; 8
20131209053: 2 2 6 ; 10
20131209054: 2 2 6 ; 10
20131209055: 1 3 3 ; 7
20131209056: 2 2 4 ; 8
20131209057: 1 4 4 ; 9
20131209058: 1 3 4 ; 8
20131209059: 3 4 5 ; 12
20131209060: 2 2 4 ; 8
20131209061: 2 4 6 ; 12
20131209062: 3 4 6 ; 13
20131209063: 2 5 5 ; 12
20131209064: 2 5 6 ; 13
20131209065: 1 1 3 ; 5
20131209066: 2 4 4 ; 10
20131209067: 3 5 5 ; 13
20131209068: 2 3 3 ; 8
20131209069: 2 4 5 ; 11
20131209070: 1 4 6 ; 11
20131209071: 1 3 5 ; 9
20131209072: 1 1 6 ; 8
20131209073: 2 2 4 ; 8
20131209074: 1 3 5 ; 9
20131209075: 2 2 4 ; 8
20131209076: 3 5 6 ; 14
20131209077: 1 2 4 ; 7
20131209078: 2 2 4 ; 8
