20130614001: 1 4 5 ; 10
20130614002: 3 5 5 ; 13
20130614003: 4 5 5 ; 14
20130614004: 1 3 5 ; 9
20130614005: 1 5 6 ; 12
20130614006: 3 4 5 ; 12
20130614007: 3 3 5 ; 11
20130614008: 3 6 6 ; 15
20130614009: 1 1 6 ; 8
20130614010: 2 2 3 ; 7
20130614011: 2 3 4 ; 9
20130614012: 1 4 5 ; 10
20130614013: 5 5 6 ; 16
20130614014: 3 3 6 ; 12
20130614015: 3 5 5 ; 13
20130614016: 3 6 6 ; 15
20130614017: 1 1 6 ; 8
20130614018: 2 6 6 ; 14
20130614019: 1 2 4 ; 7
20130614020: 2 2 4 ; 8
20130614021: 2 5 6 ; 13
20130614022: 3 4 6 ; 13
20130614023: 1 1 3 ; 5
20130614024: 6 6 6 ; 18
20130614025: 1 2 5 ; 8
20130614026: 3 5 6 ; 14
20130614027: 1 3 6 ; 10
20130614028: 1 3 3 ; 7
20130614029: 1 2 4 ; 7
20130614030: 2 4 5 ; 11
20130614031: 3 3 4 ; 10
20130614032: 2 5 6 ; 13
20130614033: 1 4 5 ; 10
20130614034: 4 5 5 ; 14
20130614035: 1 2 5 ; 8
20130614036: 1 2 6 ; 9
20130614037: 1 6 6 ; 13
20130614038: 1 6 6 ; 13
20130614039: 1 4 6 ; 11
20130614040: 2 5 5 ; 12
20130614041: 3 4 5 ; 12
20130614042: 4 6 6 ; 16
20130614043: 3 4 4 ; 11
20130614044: 1 5 5 ; 11
20130614045: 2 5 6 ; 13
20130614046: 2 3 5 ; 10
20130614047: 1 6 6 ; 13
20130614048: 1 1 5 ; 7
20130614049: 1 1 6 ; 8
20130614050: 1 3 5 ; 9
20130614051: 2 2 6 ; 10
20130614052: 1 2 5 ; 8
20130614053: 1 4 6 ; 11
20130614054: 1 2 6 ; 9
20130614055: 3 4 5 ; 12
20130614056: 1 2 4 ; 7
20130614057: 3 5 5 ; 13
20130614058: 3 5 6 ; 14
20130614059: 2 5 6 ; 13
20130614060: 1 2 5 ; 8
20130614061: 4 4 6 ; 14
20130614062: 1 4 6 ; 11
20130614063: 1 4 5 ; 10
20130614064: 2 6 6 ; 14
20130614065: 1 2 5 ; 8
20130614066: 1 4 5 ; 10
20130614067: 2 4 5 ; 11
20130614068: 2 4 6 ; 12
20130614069: 1 4 6 ; 11
20130614070: 1 3 3 ; 7
20130614071: 1 2 2 ; 5
20130614072: 4 5 5 ; 14
