20130704001: 1 4 4 ; 9
20130704002: 4 5 6 ; 15
20130704003: 1 6 6 ; 13
20130704004: 2 5 6 ; 13
20130704005: 4 4 5 ; 13
20130704006: 1 5 6 ; 12
20130704007: 3 3 4 ; 10
20130704008: 2 3 3 ; 8
20130704009: 1 5 5 ; 11
20130704010: 2 3 5 ; 10
20130704011: 1 4 5 ; 10
20130704012: 1 2 5 ; 8
20130704013: 3 3 4 ; 10
20130704014: 2 3 6 ; 11
20130704015: 2 3 5 ; 10
20130704016: 2 3 4 ; 9
20130704017: 2 2 5 ; 9
20130704018: 1 2 5 ; 8
20130704019: 1 4 4 ; 9
20130704020: 1 2 6 ; 9
20130704021: 1 1 4 ; 6
20130704022: 3 4 4 ; 11
20130704023: 2 3 5 ; 10
20130704024: 1 3 6 ; 10
20130704025: 1 1 6 ; 8
20130704026: 2 3 5 ; 10
20130704027: 4 5 6 ; 15
20130704028: 2 5 5 ; 12
20130704029: 2 3 6 ; 11
20130704030: 1 1 6 ; 8
20130704031: 3 5 5 ; 13
20130704032: 1 1 1 ; 3
20130704033: 3 4 6 ; 13
20130704034: 4 5 6 ; 15
20130704035: 2 4 6 ; 12
20130704036: 1 3 6 ; 10
20130704037: 2 5 5 ; 12
20130704038: 3 6 6 ; 15
20130704039: 2 2 5 ; 9
20130704040: 1 2 2 ; 5
20130704041: 1 6 6 ; 13
20130704042: 1 4 5 ; 10
20130704043: 4 5 6 ; 15
20130704044: 1 5 6 ; 12
20130704045: 2 3 3 ; 8
20130704046: 2 3 6 ; 11
20130704047: 3 4 4 ; 11
20130704048: 2 4 6 ; 12
20130704049: 3 5 6 ; 14
20130704050: 5 5 6 ; 16
20130704051: 1 6 6 ; 13
20130704052: 3 3 5 ; 11
20130704053: 1 5 6 ; 12
20130704054: 1 4 5 ; 10
20130704055: 1 2 6 ; 9
20130704056: 2 2 3 ; 7
20130704057: 1 2 5 ; 8
20130704058: 3 3 4 ; 10
20130704059: 3 5 5 ; 13
20130704060: 2 2 4 ; 8
20130704061: 2 3 5 ; 10
20130704062: 1 6 6 ; 13
20130704063: 1 3 6 ; 10
20130704064: 3 4 5 ; 12
20130704065: 3 4 5 ; 12
20130704066: 2 2 5 ; 9
20130704067: 3 3 5 ; 11
20130704068: 1 2 6 ; 9
20130704069: 1 6 6 ; 13
20130704070: 1 3 6 ; 10
20130704071: 2 2 6 ; 10
20130704072: 2 4 5 ; 11
20130704073: 5 5 6 ; 16
20130704074: 1 2 4 ; 7
20130704075: 2 2 3 ; 7
20130704076: 2 5 6 ; 13
20130704077: 1 4 6 ; 11
20130704078: 2 4 6 ; 12
