20130721001: 1 3 6 ; 10
20130721002: 1 3 6 ; 10
20130721003: 1 3 5 ; 9
20130721004: 2 2 3 ; 7
20130721005: 1 1 5 ; 7
20130721006: 1 2 3 ; 6
20130721007: 2 4 5 ; 11
20130721008: 5 5 5 ; 15
20130721009: 1 1 2 ; 4
20130721010: 2 3 4 ; 9
20130721011: 2 3 6 ; 11
20130721012: 2 4 5 ; 11
20130721013: 4 6 6 ; 16
20130721014: 1 1 5 ; 7
20130721015: 1 3 6 ; 10
20130721016: 1 2 5 ; 8
20130721017: 1 2 2 ; 5
20130721018: 2 5 6 ; 13
20130721019: 1 5 5 ; 11
20130721020: 1 3 5 ; 9
20130721021: 6 6 6 ; 18
20130721022: 1 2 2 ; 5
20130721023: 2 2 4 ; 8
20130721024: 1 2 2 ; 5
20130721025: 2 5 5 ; 12
20130721026: 1 1 6 ; 8
20130721027: 5 6 6 ; 17
20130721028: 5 5 6 ; 16
20130721029: 2 6 6 ; 14
20130721030: 1 1 6 ; 8
20130721031: 5 6 6 ; 17
20130721032: 2 3 5 ; 10
20130721033: 2 6 6 ; 14
20130721034: 1 3 4 ; 8
20130721035: 2 4 4 ; 10
20130721036: 1 1 3 ; 5
20130721037: 2 4 5 ; 11
20130721038: 1 2 4 ; 7
20130721039: 2 3 5 ; 10
20130721040: 2 3 3 ; 8
20130721041: 1 4 6 ; 11
20130721042: 2 3 4 ; 9
20130721043: 2 3 6 ; 11
20130721044: 1 1 3 ; 5
20130721045: 3 4 6 ; 13
20130721046: 1 1 3 ; 5
20130721047: 4 4 6 ; 14
20130721048: 1 1 4 ; 6
20130721049: 1 1 3 ; 5
20130721050: 1 1 3 ; 5
20130721051: 1 2 3 ; 6
20130721052: 1 4 4 ; 9
20130721053: 3 4 6 ; 13
20130721054: 2 3 6 ; 11
20130721055: 3 4 5 ; 12
20130721056: 1 3 6 ; 10
20130721057: 1 2 6 ; 9
20130721058: 2 4 6 ; 12
20130721059: 2 6 6 ; 14
20130721060: 1 2 4 ; 7
20130721061: 3 3 6 ; 12
20130721062: 2 4 5 ; 11
20130721063: 1 3 3 ; 7
20130721064: 2 3 6 ; 11
20130721065: 2 5 6 ; 13
20130721066: 2 3 4 ; 9
20130721067: 1 2 2 ; 5
20130721068: 1 1 6 ; 8
20130721069: 3 3 4 ; 10
20130721070: 1 2 4 ; 7
20130721071: 1 3 5 ; 9
20130721072: 1 3 3 ; 7
20130721073: 1 2 3 ; 6
20130721074: 2 3 6 ; 11
20130721075: 1 4 6 ; 11
20130721076: 2 4 5 ; 11
20130721077: 1 1 3 ; 5
20130721078: 3 5 6 ; 14
