20130724001: 2 4 6 ; 12
20130724002: 1 4 6 ; 11
20130724003: 2 5 6 ; 13
20130724004: 6 6 6 ; 18
20130724005: 1 5 6 ; 12
20130724006: 3 4 4 ; 11
20130724007: 3 3 4 ; 10
20130724008: 3 3 4 ; 10
20130724009: 2 6 6 ; 14
20130724010: 1 4 6 ; 11
20130724011: 1 1 1 ; 3
20130724012: 1 5 6 ; 12
20130724013: 1 1 1 ; 3
20130724014: 2 3 3 ; 8
20130724015: 2 4 6 ; 12
20130724016: 1 5 5 ; 11
20130724017: 1 3 4 ; 8
20130724018: 3 3 6 ; 12
20130724019: 1 5 6 ; 12
20130724020: 1 1 2 ; 4
20130724021: 4 4 6 ; 14
20130724022: 4 5 6 ; 15
20130724023: 1 2 4 ; 7
20130724024: 2 4 6 ; 12
20130724025: 3 4 5 ; 12
20130724026: 3 5 6 ; 14
20130724027: 4 4 4 ; 12
20130724028: 4 5 6 ; 15
20130724029: 1 2 2 ; 5
20130724030: 5 5 6 ; 16
20130724031: 4 4 5 ; 13
20130724032: 4 6 6 ; 16
20130724033: 3 4 5 ; 12
20130724034: 2 4 6 ; 12
20130724035: 4 4 4 ; 12
20130724036: 2 2 3 ; 7
20130724037: 3 3 4 ; 10
20130724038: 2 4 4 ; 10
20130724039: 2 2 5 ; 9
20130724040: 1 4 6 ; 11
20130724041: 2 5 6 ; 13
20130724042: 1 1 5 ; 7
20130724043: 3 4 5 ; 12
20130724044: 2 5 6 ; 13
20130724045: 2 5 6 ; 13
20130724046: 2 2 6 ; 10
20130724047: 1 4 5 ; 10
20130724048: 4 6 6 ; 16
20130724049: 2 3 4 ; 9
20130724050: 1 6 6 ; 13
20130724051: 1 2 6 ; 9
20130724052: 2 4 6 ; 12
20130724053: 1 1 6 ; 8
20130724054: 2 5 5 ; 12
20130724055: 1 6 6 ; 13
20130724056: 1 5 6 ; 12
20130724057: 1 2 4 ; 7
20130724058: 3 4 6 ; 13
20130724059: 4 5 6 ; 15
20130724060: 4 4 5 ; 13
20130724061: 2 5 6 ; 13
20130724062: 4 5 5 ; 14
20130724063: 1 5 5 ; 11
20130724064: 2 6 6 ; 14
20130724065: 4 6 6 ; 16
20130724066: 2 4 6 ; 12
20130724067: 4 4 4 ; 12
20130724068: 4 4 5 ; 13
20130724069: 3 3 5 ; 11
20130724070: 2 4 5 ; 11
20130724071: 1 2 2 ; 5
20130724072: 3 6 6 ; 15
20130724073: 2 3 5 ; 10
20130724074: 2 3 6 ; 11
20130724075: 2 4 5 ; 11
20130724076: 1 6 6 ; 13
20130724077: 1 3 4 ; 8
20130724078: 1 2 6 ; 9
