20130923001: 2 4 6 ; 12
20130923002: 4 4 5 ; 13
20130923003: 2 4 6 ; 12
20130923004: 3 5 6 ; 14
20130923005: 1 2 4 ; 7
20130923006: 1 3 5 ; 9
20130923007: 2 3 3 ; 8
20130923008: 1 3 6 ; 10
20130923009: 2 2 4 ; 8
20130923010: 1 2 4 ; 7
20130923011: 3 6 6 ; 15
20130923012: 2 6 6 ; 14
20130923013: 5 6 6 ; 17
20130923014: 2 4 5 ; 11
20130923015: 2 2 5 ; 9
20130923016: 1 1 5 ; 7
20130923017: 2 3 3 ; 8
20130923018: 4 5 5 ; 14
20130923019: 1 4 6 ; 11
20130923020: 4 4 5 ; 13
20130923021: 4 5 5 ; 14
20130923022: 5 5 6 ; 16
20130923023: 3 3 6 ; 12
20130923024: 2 3 4 ; 9
20130923025: 1 3 6 ; 10
20130923026: 3 5 6 ; 14
20130923027: 1 3 6 ; 10
20130923028: 1 2 4 ; 7
20130923029: 1 4 6 ; 11
20130923030: 2 3 5 ; 10
20130923031: 1 2 5 ; 8
20130923032: 1 2 6 ; 9
20130923033: 1 3 5 ; 9
20130923034: 1 2 4 ; 7
20130923035: 2 3 4 ; 9
20130923036: 3 5 5 ; 13
20130923037: 3 5 6 ; 14
20130923038: 1 3 5 ; 9
20130923039: 2 3 5 ; 10
20130923040: 3 5 6 ; 14
20130923041: 2 4 6 ; 12
20130923042: 1 6 6 ; 13
20130923043: 1 2 5 ; 8
20130923044: 2 4 6 ; 12
20130923045: 1 2 6 ; 9
20130923046: 1 4 6 ; 11
20130923047: 3 4 5 ; 12
20130923048: 4 6 6 ; 16
20130923049: 1 1 6 ; 8
20130923050: 1 1 4 ; 6
20130923051: 3 3 6 ; 12
20130923052: 3 5 6 ; 14
20130923053: 3 5 6 ; 14
20130923054: 3 6 6 ; 15
20130923055: 6 6 6 ; 18
20130923056: 3 4 4 ; 11
20130923057: 1 2 3 ; 6
20130923058: 1 2 6 ; 9
20130923059: 1 4 4 ; 9
20130923060: 3 4 6 ; 13
20130923061: 4 5 6 ; 15
20130923062: 2 3 5 ; 10
20130923063: 2 5 6 ; 13
20130923064: 1 4 4 ; 9
20130923065: 1 3 5 ; 9
20130923066: 1 3 5 ; 9
20130923067: 1 2 4 ; 7
20130923068: 2 3 5 ; 10
20130923069: 1 2 3 ; 6
20130923070: 1 3 5 ; 9
20130923071: 1 2 5 ; 8
20130923072: 3 5 5 ; 13
20130923073: 4 5 6 ; 15
20130923074: 4 5 6 ; 15
20130923075: 4 6 6 ; 16
20130923076: 2 4 5 ; 11
20130923077: 2 6 6 ; 14
20130923078: 4 4 6 ; 14
