20131117001: 1 3 5 ; 9
20131117002: 1 3 5 ; 9
20131117003: 4 4 6 ; 14
20131117004: 2 5 6 ; 13
20131117005: 1 1 2 ; 4
20131117006: 1 4 5 ; 10
20131117007: 1 2 6 ; 9
20131117008: 1 2 6 ; 9
20131117009: 4 5 6 ; 15
20131117010: 1 1 1 ; 3
20131117011: 1 3 5 ; 9
20131117012: 1 1 2 ; 4
20131117013: 1 5 6 ; 12
20131117014: 2 4 4 ; 10
20131117015: 1 3 5 ; 9
20131117016: 2 3 6 ; 11
20131117017: 2 3 4 ; 9
20131117018: 2 3 5 ; 10
20131117019: 1 1 4 ; 6
20131117020: 1 3 4 ; 8
20131117021: 4 5 6 ; 15
20131117022: 2 2 5 ; 9
20131117023: 1 5 6 ; 12
20131117024: 2 3 6 ; 11
20131117025: 1 2 3 ; 6
20131117026: 1 2 6 ; 9
20131117027: 1 6 6 ; 13
20131117028: 1 3 6 ; 10
20131117029: 1 3 4 ; 8
20131117030: 2 6 6 ; 14
20131117031: 4 4 5 ; 13
20131117032: 1 2 2 ; 5
20131117033: 1 3 4 ; 8
20131117034: 4 5 6 ; 15
20131117035: 3 6 6 ; 15
20131117036: 1 2 2 ; 5
20131117037: 2 4 6 ; 12
20131117038: 3 4 6 ; 13
20131117039: 3 5 6 ; 14
20131117040: 1 6 6 ; 13
20131117041: 1 1 3 ; 5
20131117042: 1 3 4 ; 8
20131117043: 2 4 6 ; 12
20131117044: 1 4 6 ; 11
20131117045: 2 2 4 ; 8
20131117046: 2 3 5 ; 10
20131117047: 2 3 4 ; 9
20131117048: 1 2 2 ; 5
20131117049: 2 4 6 ; 12
20131117050: 1 1 6 ; 8
20131117051: 1 2 5 ; 8
20131117052: 1 1 4 ; 6
20131117053: 2 4 5 ; 11
20131117054: 4 4 5 ; 13
20131117055: 4 6 6 ; 16
20131117056: 4 4 6 ; 14
20131117057: 3 3 3 ; 9
20131117058: 2 2 5 ; 9
20131117059: 1 1 5 ; 7
20131117060: 2 2 6 ; 10
20131117061: 1 1 2 ; 4
20131117062: 1 3 5 ; 9
20131117063: 1 3 4 ; 8
20131117064: 2 4 6 ; 12
20131117065: 4 4 6 ; 14
20131117066: 3 5 6 ; 14
20131117067: 1 4 5 ; 10
20131117068: 3 5 5 ; 13
20131117069: 2 4 4 ; 10
20131117070: 2 4 6 ; 12
20131117071: 1 1 3 ; 5
20131117072: 6 6 6 ; 18
20131117073: 1 1 5 ; 7
20131117074: 1 5 5 ; 11
20131117075: 4 5 5 ; 14
20131117076: 1 4 5 ; 10
20131117077: 2 3 5 ; 10
20131117078: 2 2 3 ; 7
