20130811001: 5 5 6 ; 16
20130811002: 3 3 4 ; 10
20130811003: 1 2 2 ; 5
20130811004: 1 4 5 ; 10
20130811005: 1 3 3 ; 7
20130811006: 2 2 4 ; 8
20130811007: 3 4 5 ; 12
20130811008: 6 6 6 ; 18
20130811009: 2 4 6 ; 12
20130811010: 1 1 3 ; 5
20130811011: 3 4 6 ; 13
20130811012: 3 3 5 ; 11
20130811013: 1 2 5 ; 8
20130811014: 1 3 4 ; 8
20130811015: 1 4 5 ; 10
20130811016: 5 6 6 ; 17
20130811017: 3 4 5 ; 12
20130811018: 2 5 6 ; 13
20130811019: 1 5 6 ; 12
20130811020: 2 2 5 ; 9
20130811021: 3 4 6 ; 13
20130811022: 1 1 5 ; 7
20130811023: 2 4 6 ; 12
20130811024: 1 6 6 ; 13
20130811025: 3 4 5 ; 12
20130811026: 3 3 4 ; 10
20130811027: 2 3 4 ; 9
20130811028: 1 1 6 ; 8
20130811029: 2 3 6 ; 11
20130811030: 2 3 5 ; 10
20130811031: 2 3 6 ; 11
20130811032: 1 2 2 ; 5
20130811033: 1 1 3 ; 5
20130811034: 3 3 5 ; 11
20130811035: 1 5 6 ; 12
20130811036: 1 2 6 ; 9
20130811037: 1 3 5 ; 9
20130811038: 1 3 4 ; 8
20130811039: 3 4 5 ; 12
20130811040: 2 2 5 ; 9
20130811041: 3 3 5 ; 11
20130811042: 1 1 4 ; 6
20130811043: 1 2 4 ; 7
20130811044: 2 5 5 ; 12
20130811045: 3 3 3 ; 9
20130811046: 2 4 6 ; 12
20130811047: 1 5 5 ; 11
20130811048: 1 3 3 ; 7
20130811049: 2 4 6 ; 12
20130811050: 3 5 6 ; 14
20130811051: 2 5 6 ; 13
20130811052: 2 3 4 ; 9
20130811053: 2 4 5 ; 11
20130811054: 2 2 5 ; 9
20130811055: 1 5 6 ; 12
20130811056: 1 4 5 ; 10
20130811057: 2 2 6 ; 10
20130811058: 1 2 4 ; 7
20130811059: 2 2 3 ; 7
20130811060: 3 5 6 ; 14
20130811061: 2 3 6 ; 11
20130811062: 2 5 6 ; 13
20130811063: 1 4 5 ; 10
20130811064: 3 4 5 ; 12
20130811065: 3 4 5 ; 12
20130811066: 3 5 5 ; 13
20130811067: 2 2 3 ; 7
20130811068: 1 2 6 ; 9
20130811069: 3 4 5 ; 12
20130811070: 4 5 5 ; 14
20130811071: 1 3 6 ; 10
20130811072: 2 4 6 ; 12
20130811073: 3 5 6 ; 14
20130811074: 1 1 5 ; 7
20130811075: 2 2 5 ; 9
20130811076: 2 3 5 ; 10
20130811077: 3 3 5 ; 11
20130811078: 1 3 4 ; 8
