20130622001: 2 4 4 ; 10
20130622002: 3 4 5 ; 12
20130622003: 3 4 6 ; 13
20130622004: 1 2 4 ; 7
20130622005: 1 1 5 ; 7
20130622006: 4 5 5 ; 14
20130622007: 2 5 5 ; 12
20130622008: 3 5 6 ; 14
20130622009: 1 4 6 ; 11
20130622010: 1 5 6 ; 12
20130622011: 2 3 6 ; 11
20130622012: 2 3 4 ; 9
20130622013: 2 4 6 ; 12
20130622014: 1 4 6 ; 11
20130622015: 2 4 5 ; 11
20130622016: 1 4 5 ; 10
20130622017: 6 6 6 ; 18
20130622018: 5 5 6 ; 16
20130622019: 3 4 4 ; 11
20130622020: 3 5 6 ; 14
20130622021: 1 1 6 ; 8
20130622022: 2 3 6 ; 11
20130622023: 2 5 6 ; 13
20130622024: 1 1 2 ; 4
20130622025: 1 1 1 ; 3
20130622026: 2 3 6 ; 11
20130622027: 3 5 6 ; 14
20130622028: 3 6 6 ; 15
20130622029: 2 4 5 ; 11
20130622030: 3 5 6 ; 14
20130622031: 3 3 4 ; 10
20130622032: 2 2 3 ; 7
20130622033: 1 1 4 ; 6
20130622034: 3 5 6 ; 14
20130622035: 3 3 5 ; 11
20130622036: 1 2 3 ; 6
20130622037: 3 4 6 ; 13
20130622038: 4 5 6 ; 15
20130622039: 4 5 5 ; 14
20130622040: 1 1 3 ; 5
20130622041: 3 3 4 ; 10
20130622042: 3 6 6 ; 15
20130622043: 1 3 4 ; 8
20130622044: 4 4 6 ; 14
20130622045: 5 5 6 ; 16
20130622046: 2 6 6 ; 14
20130622047: 3 3 4 ; 10
20130622048: 3 4 6 ; 13
20130622049: 1 3 5 ; 9
20130622050: 1 2 4 ; 7
20130622051: 1 4 6 ; 11
20130622052: 3 5 5 ; 13
20130622053: 3 4 5 ; 12
20130622054: 2 5 5 ; 12
20130622055: 2 2 6 ; 10
20130622056: 3 5 5 ; 13
20130622057: 1 2 3 ; 6
20130622058: 5 5 6 ; 16
20130622059: 1 1 4 ; 6
20130622060: 2 4 6 ; 12
20130622061: 1 3 5 ; 9
20130622062: 2 2 4 ; 8
20130622063: 2 4 6 ; 12
20130622064: 1 2 5 ; 8
20130622065: 2 4 4 ; 10
20130622066: 1 4 6 ; 11
20130622067: 1 1 4 ; 6
20130622068: 2 3 5 ; 10
20130622069: 3 5 6 ; 14
20130622070: 1 2 4 ; 7
20130622071: 1 3 4 ; 8
20130622072: 2 2 5 ; 9
