20130916001: 1 5 6 ; 12
20130916002: 1 2 4 ; 7
20130916003: 1 1 4 ; 6
20130916004: 1 5 5 ; 11
20130916005: 1 2 6 ; 9
20130916006: 3 4 5 ; 12
20130916007: 3 4 5 ; 12
20130916008: 1 1 4 ; 6
20130916009: 2 3 6 ; 11
20130916010: 1 2 6 ; 9
20130916011: 1 2 6 ; 9
20130916012: 1 2 4 ; 7
20130916013: 3 6 6 ; 15
20130916014: 2 4 5 ; 11
20130916015: 1 2 6 ; 9
20130916016: 1 1 2 ; 4
20130916017: 1 3 5 ; 9
20130916018: 3 4 6 ; 13
20130916019: 2 3 5 ; 10
20130916020: 3 3 4 ; 10
20130916021: 1 4 4 ; 9
20130916022: 3 4 6 ; 13
20130916023: 2 3 4 ; 9
20130916024: 4 5 5 ; 14
20130916025: 3 3 5 ; 11
20130916026: 1 6 6 ; 13
20130916027: 1 4 6 ; 11
20130916028: 2 2 3 ; 7
20130916029: 3 3 5 ; 11
20130916030: 1 3 3 ; 7
20130916031: 1 4 5 ; 10
20130916032: 2 2 3 ; 7
20130916033: 4 4 5 ; 13
20130916034: 3 4 5 ; 12
20130916035: 1 1 3 ; 5
20130916036: 1 5 5 ; 11
20130916037: 3 4 4 ; 11
20130916038: 1 2 3 ; 6
20130916039: 1 3 4 ; 8
20130916040: 1 5 5 ; 11
20130916041: 1 1 2 ; 4
20130916042: 1 5 6 ; 12
20130916043: 1 3 4 ; 8
20130916044: 2 2 5 ; 9
20130916045: 3 3 6 ; 12
20130916046: 2 3 5 ; 10
20130916047: 2 3 5 ; 10
20130916048: 3 4 5 ; 12
20130916049: 1 2 3 ; 6
20130916050: 1 2 4 ; 7
20130916051: 2 2 5 ; 9
20130916052: 1 2 6 ; 9
20130916053: 2 2 3 ; 7
20130916054: 3 5 5 ; 13
20130916055: 2 3 6 ; 11
20130916056: 3 3 6 ; 12
20130916057: 1 1 2 ; 4
20130916058: 2 4 4 ; 10
20130916059: 2 3 5 ; 10
20130916060: 1 3 6 ; 10
20130916061: 1 3 4 ; 8
20130916062: 2 4 4 ; 10
20130916063: 2 4 6 ; 12
20130916064: 2 6 6 ; 14
20130916065: 2 5 5 ; 12
20130916066: 1 2 6 ; 9
20130916067: 1 4 6 ; 11
20130916068: 2 4 6 ; 12
20130916069: 5 5 6 ; 16
20130916070: 2 2 5 ; 9
20130916071: 4 6 6 ; 16
20130916072: 1 4 6 ; 11
20130916073: 1 4 5 ; 10
20130916074: 3 4 5 ; 12
20130916075: 1 2 2 ; 5
20130916076: 4 5 6 ; 15
20130916077: 1 2 4 ; 7
20130916078: 2 3 4 ; 9
