20130825001: 1 3 4 ; 8
20130825002: 1 2 3 ; 6
20130825003: 1 5 6 ; 12
20130825004: 4 5 6 ; 15
20130825005: 3 4 5 ; 12
20130825006: 3 5 6 ; 14
20130825007: 3 5 5 ; 13
20130825008: 1 1 2 ; 4
20130825009: 4 4 5 ; 13
20130825010: 4 5 6 ; 15
20130825011: 2 4 4 ; 10
20130825012: 1 3 6 ; 10
20130825013: 4 4 6 ; 14
20130825014: 2 3 5 ; 10
20130825015: 1 2 4 ; 7
20130825016: 1 1 3 ; 5
20130825017: 2 2 4 ; 8
20130825018: 1 5 6 ; 12
20130825019: 1 3 4 ; 8
20130825020: 2 6 6 ; 14
20130825021: 1 5 6 ; 12
20130825022: 1 2 3 ; 6
20130825023: 3 6 6 ; 15
20130825024: 2 4 5 ; 11
20130825025: 2 2 3 ; 7
20130825026: 1 2 2 ; 5
20130825027: 1 2 3 ; 6
20130825028: 2 2 6 ; 10
20130825029: 2 5 6 ; 13
20130825030: 2 2 6 ; 10
20130825031: 3 3 4 ; 10
20130825032: 4 4 5 ; 13
20130825033: 2 5 6 ; 13
20130825034: 2 2 2 ; 6
20130825035: 1 1 2 ; 4
20130825036: 1 2 3 ; 6
20130825037: 1 6 6 ; 13
20130825038: 1 5 5 ; 11
20130825039: 3 5 6 ; 14
20130825040: 2 3 3 ; 8
20130825041: 2 4 4 ; 10
20130825042: 1 3 6 ; 10
20130825043: 2 5 5 ; 12
20130825044: 5 6 6 ; 17
20130825045: 1 6 6 ; 13
20130825046: 3 4 6 ; 13
20130825047: 2 2 3 ; 7
20130825048: 1 1 2 ; 4
20130825049: 1 4 5 ; 10
20130825050: 1 4 5 ; 10
20130825051: 3 5 6 ; 14
20130825052: 2 4 5 ; 11
20130825053: 2 4 4 ; 10
20130825054: 1 4 4 ; 9
20130825055: 2 2 4 ; 8
20130825056: 1 5 6 ; 12
20130825057: 2 4 5 ; 11
20130825058: 3 3 4 ; 10
20130825059: 4 6 6 ; 16
20130825060: 3 4 6 ; 13
20130825061: 1 3 4 ; 8
20130825062: 2 4 5 ; 11
20130825063: 1 3 6 ; 10
20130825064: 1 1 2 ; 4
20130825065: 2 3 6 ; 11
20130825066: 2 4 4 ; 10
20130825067: 1 2 5 ; 8
20130825068: 3 4 5 ; 12
20130825069: 1 1 6 ; 8
20130825070: 1 2 5 ; 8
20130825071: 2 2 3 ; 7
20130825072: 1 3 5 ; 9
20130825073: 1 2 3 ; 6
20130825074: 1 6 6 ; 13
20130825075: 3 4 4 ; 11
20130825076: 2 3 6 ; 11
20130825077: 2 4 6 ; 12
20130825078: 2 3 4 ; 9
