20130814001: 3 5 5 ; 13
20130814002: 2 3 5 ; 10
20130814003: 1 2 6 ; 9
20130814004: 1 4 6 ; 11
20130814005: 1 3 5 ; 9
20130814006: 1 3 6 ; 10
20130814007: 2 3 6 ; 11
20130814008: 2 4 5 ; 11
20130814009: 1 3 5 ; 9
20130814010: 1 1 2 ; 4
20130814011: 2 3 6 ; 11
20130814012: 3 5 5 ; 13
20130814013: 2 3 3 ; 8
20130814014: 3 3 4 ; 10
20130814015: 3 4 5 ; 12
20130814016: 4 5 6 ; 15
20130814017: 1 6 6 ; 13
20130814018: 2 2 6 ; 10
20130814019: 3 3 4 ; 10
20130814020: 2 2 4 ; 8
20130814021: 4 4 6 ; 14
20130814022: 1 2 6 ; 9
20130814023: 1 4 5 ; 10
20130814024: 3 3 6 ; 12
20130814025: 3 4 5 ; 12
20130814026: 2 4 6 ; 12
20130814027: 5 5 6 ; 16
20130814028: 3 4 6 ; 13
20130814029: 2 3 5 ; 10
20130814030: 1 3 5 ; 9
20130814031: 1 3 5 ; 9
20130814032: 4 5 5 ; 14
20130814033: 1 5 6 ; 12
20130814034: 1 2 3 ; 6
20130814035: 2 2 4 ; 8
20130814036: 3 5 6 ; 14
20130814037: 1 3 3 ; 7
20130814038: 2 4 4 ; 10
20130814039: 2 5 5 ; 12
20130814040: 3 4 4 ; 11
20130814041: 2 3 6 ; 11
20130814042: 2 3 5 ; 10
20130814043: 3 4 5 ; 12
20130814044: 5 6 6 ; 17
20130814045: 2 5 5 ; 12
20130814046: 3 4 4 ; 11
20130814047: 2 3 4 ; 9
20130814048: 4 5 6 ; 15
20130814049: 3 4 5 ; 12
20130814050: 2 2 5 ; 9
20130814051: 4 4 6 ; 14
20130814052: 2 2 6 ; 10
20130814053: 2 5 5 ; 12
20130814054: 1 3 5 ; 9
20130814055: 1 2 4 ; 7
20130814056: 1 2 6 ; 9
20130814057: 2 4 5 ; 11
20130814058: 1 4 4 ; 9
20130814059: 1 5 5 ; 11
20130814060: 1 5 6 ; 12
20130814061: 2 3 6 ; 11
20130814062: 3 4 5 ; 12
20130814063: 2 3 5 ; 10
20130814064: 1 3 6 ; 10
20130814065: 3 4 5 ; 12
20130814066: 2 4 4 ; 10
20130814067: 3 5 6 ; 14
20130814068: 5 6 6 ; 17
20130814069: 1 1 6 ; 8
20130814070: 1 1 2 ; 4
20130814071: 2 3 4 ; 9
20130814072: 4 6 6 ; 16
20130814073: 2 2 2 ; 6
20130814074: 2 3 6 ; 11
20130814075: 1 2 5 ; 8
20130814076: 3 6 6 ; 15
20130814077: 2 2 3 ; 7
20130814078: 1 2 6 ; 9
