20131015001: 1 5 5 ; 11
20131015002: 2 3 6 ; 11
20131015003: 3 5 6 ; 14
20131015004: 1 2 4 ; 7
20131015005: 4 5 6 ; 15
20131015006: 3 3 4 ; 10
20131015007: 2 3 6 ; 11
20131015008: 1 1 2 ; 4
20131015009: 1 2 6 ; 9
20131015010: 3 3 4 ; 10
20131015011: 1 3 5 ; 9
20131015012: 2 2 3 ; 7
20131015013: 1 4 4 ; 9
20131015014: 5 6 6 ; 17
20131015015: 4 5 5 ; 14
20131015016: 2 2 4 ; 8
20131015017: 1 6 6 ; 13
20131015018: 4 5 6 ; 15
20131015019: 1 4 4 ; 9
20131015020: 2 6 6 ; 14
20131015021: 1 3 5 ; 9
20131015022: 2 4 6 ; 12
20131015023: 1 3 4 ; 8
20131015024: 2 4 5 ; 11
20131015025: 1 5 6 ; 12
20131015026: 1 6 6 ; 13
20131015027: 1 2 3 ; 6
20131015028: 1 4 5 ; 10
20131015029: 2 5 6 ; 13
20131015030: 2 4 4 ; 10
20131015031: 4 4 5 ; 13
20131015032: 1 4 6 ; 11
20131015033: 2 4 5 ; 11
20131015034: 1 2 5 ; 8
20131015035: 4 5 6 ; 15
20131015036: 1 4 6 ; 11
20131015037: 6 6 6 ; 18
20131015038: 3 4 6 ; 13
20131015039: 5 6 6 ; 17
20131015040: 2 3 4 ; 9
20131015041: 2 2 3 ; 7
20131015042: 1 2 5 ; 8
20131015043: 3 4 5 ; 12
20131015044: 1 3 6 ; 10
20131015045: 1 2 3 ; 6
20131015046: 1 2 4 ; 7
20131015047: 1 2 3 ; 6
20131015048: 1 4 5 ; 10
20131015049: 4 4 5 ; 13
20131015050: 3 3 3 ; 9
20131015051: 1 1 3 ; 5
20131015052: 1 4 5 ; 10
20131015053: 3 5 5 ; 13
20131015054: 1 2 3 ; 6
20131015055: 4 4 5 ; 13
20131015056: 4 5 6 ; 15
20131015057: 3 4 6 ; 13
20131015058: 2 5 6 ; 13
20131015059: 2 4 5 ; 11
20131015060: 2 4 5 ; 11
20131015061: 2 5 5 ; 12
20131015062: 5 6 6 ; 17
20131015063: 1 4 4 ; 9
20131015064: 1 6 6 ; 13
20131015065: 2 2 6 ; 10
20131015066: 2 2 4 ; 8
20131015067: 3 4 6 ; 13
20131015068: 2 5 6 ; 13
20131015069: 4 4 5 ; 13
20131015070: 1 4 6 ; 11
20131015071: 2 3 4 ; 9
20131015072: 1 3 5 ; 9
20131015073: 2 3 6 ; 11
20131015074: 5 6 6 ; 17
20131015075: 5 6 6 ; 17
20131015076: 3 4 4 ; 11
20131015077: 3 6 6 ; 15
20131015078: 2 3 6 ; 11
