20130921001: 4 4 5 ; 13
20130921002: 5 6 6 ; 17
20130921003: 1 5 6 ; 12
20130921004: 2 4 6 ; 12
20130921005: 2 3 5 ; 10
20130921006: 4 5 6 ; 15
20130921007: 2 3 5 ; 10
20130921008: 3 4 6 ; 13
20130921009: 3 6 6 ; 15
20130921010: 1 3 5 ; 9
20130921011: 6 6 6 ; 18
20130921012: 5 5 6 ; 16
20130921013: 1 1 4 ; 6
20130921014: 1 3 6 ; 10
20130921015: 5 5 6 ; 16
20130921016: 4 5 6 ; 15
20130921017: 4 6 6 ; 16
20130921018: 1 2 4 ; 7
20130921019: 1 2 5 ; 8
20130921020: 3 3 5 ; 11
20130921021: 3 3 6 ; 12
20130921022: 4 6 6 ; 16
20130921023: 1 3 5 ; 9
20130921024: 1 2 2 ; 5
20130921025: 1 4 5 ; 10
20130921026: 2 4 4 ; 10
20130921027: 1 1 3 ; 5
20130921028: 5 6 6 ; 17
20130921029: 2 4 5 ; 11
20130921030: 2 3 6 ; 11
20130921031: 1 2 5 ; 8
20130921032: 3 4 5 ; 12
20130921033: 4 5 6 ; 15
20130921034: 2 4 6 ; 12
20130921035: 2 4 4 ; 10
20130921036: 1 2 4 ; 7
20130921037: 1 1 6 ; 8
20130921038: 4 4 5 ; 13
20130921039: 2 3 3 ; 8
20130921040: 2 5 5 ; 12
20130921041: 3 5 5 ; 13
20130921042: 1 2 4 ; 7
20130921043: 2 5 6 ; 13
20130921044: 2 5 6 ; 13
20130921045: 1 3 5 ; 9
20130921046: 1 3 4 ; 8
20130921047: 5 6 6 ; 17
20130921048: 1 4 5 ; 10
20130921049: 1 2 3 ; 6
20130921050: 4 6 6 ; 16
20130921051: 1 1 2 ; 4
20130921052: 1 1 4 ; 6
20130921053: 2 3 4 ; 9
20130921054: 1 3 4 ; 8
20130921055: 1 1 6 ; 8
20130921056: 1 2 3 ; 6
20130921057: 3 5 5 ; 13
20130921058: 1 3 3 ; 7
20130921059: 4 5 5 ; 14
20130921060: 2 3 3 ; 8
20130921061: 2 3 6 ; 11
20130921062: 2 3 3 ; 8
20130921063: 3 3 4 ; 10
20130921064: 2 2 3 ; 7
20130921065: 1 2 5 ; 8
20130921066: 1 2 4 ; 7
20130921067: 1 2 3 ; 6
20130921068: 5 5 6 ; 16
20130921069: 2 3 4 ; 9
20130921070: 1 3 4 ; 8
20130921071: 3 4 6 ; 13
20130921072: 3 3 5 ; 11
20130921073: 3 4 5 ; 12
20130921074: 2 5 5 ; 12
20130921075: 1 3 6 ; 10
20130921076: 4 5 6 ; 15
20130921077: 1 4 5 ; 10
20130921078: 1 2 5 ; 8
