20130725001: 1 3 6 ; 10
20130725002: 1 3 5 ; 9
20130725003: 3 6 6 ; 15
20130725004: 1 1 4 ; 6
20130725005: 2 6 6 ; 14
20130725006: 4 6 6 ; 16
20130725007: 1 2 6 ; 9
20130725008: 1 2 6 ; 9
20130725009: 2 2 6 ; 10
20130725010: 2 3 4 ; 9
20130725011: 6 6 6 ; 18
20130725012: 1 2 5 ; 8
20130725013: 2 6 6 ; 14
20130725014: 3 5 6 ; 14
20130725015: 2 4 5 ; 11
20130725016: 2 3 5 ; 10
20130725017: 1 4 4 ; 9
20130725018: 3 4 4 ; 11
20130725019: 4 5 5 ; 14
20130725020: 2 6 6 ; 14
20130725021: 1 3 5 ; 9
20130725022: 2 6 6 ; 14
20130725023: 2 3 5 ; 10
20130725024: 1 3 4 ; 8
20130725025: 4 5 6 ; 15
20130725026: 2 2 6 ; 10
20130725027: 1 2 6 ; 9
20130725028: 1 4 6 ; 11
20130725029: 1 1 4 ; 6
20130725030: 1 3 5 ; 9
20130725031: 1 1 3 ; 5
20130725032: 1 4 5 ; 10
20130725033: 2 3 6 ; 11
20130725034: 1 4 4 ; 9
20130725035: 2 2 3 ; 7
20130725036: 1 2 3 ; 6
20130725037: 1 4 5 ; 10
20130725038: 5 5 5 ; 15
20130725039: 4 4 5 ; 13
20130725040: 2 4 6 ; 12
20130725041: 1 1 6 ; 8
20130725042: 2 5 5 ; 12
20130725043: 1 2 5 ; 8
20130725044: 1 4 5 ; 10
20130725045: 1 3 6 ; 10
20130725046: 1 2 3 ; 6
20130725047: 1 3 3 ; 7
20130725048: 2 3 6 ; 11
20130725049: 1 2 4 ; 7
20130725050: 1 3 6 ; 10
20130725051: 1 4 6 ; 11
20130725052: 1 3 5 ; 9
20130725053: 5 6 6 ; 17
20130725054: 1 3 4 ; 8
20130725055: 5 6 6 ; 17
20130725056: 3 4 5 ; 12
20130725057: 4 5 6 ; 15
20130725058: 5 5 6 ; 16
20130725059: 1 1 6 ; 8
20130725060: 2 3 5 ; 10
20130725061: 1 3 4 ; 8
20130725062: 1 2 6 ; 9
20130725063: 3 3 6 ; 12
20130725064: 1 2 3 ; 6
20130725065: 1 1 1 ; 3
20130725066: 4 4 6 ; 14
20130725067: 4 5 6 ; 15
20130725068: 1 3 4 ; 8
20130725069: 4 6 6 ; 16
20130725070: 1 5 6 ; 12
20130725071: 1 5 6 ; 12
20130725072: 2 2 6 ; 10
20130725073: 1 2 6 ; 9
20130725074: 1 1 3 ; 5
20130725075: 3 4 4 ; 11
20130725076: 4 5 6 ; 15
20130725077: 2 4 4 ; 10
20130725078: 3 5 5 ; 13
