20130902001: 1 4 4 ; 9
20130902002: 2 2 3 ; 7
20130902003: 2 4 4 ; 10
20130902004: 2 3 5 ; 10
20130902005: 1 2 2 ; 5
20130902006: 1 3 3 ; 7
20130902007: 1 3 3 ; 7
20130902008: 1 2 5 ; 8
20130902009: 1 1 2 ; 4
20130902010: 2 4 6 ; 12
20130902011: 1 2 6 ; 9
20130902012: 2 4 4 ; 10
20130902013: 3 3 4 ; 10
20130902014: 1 3 4 ; 8
20130902015: 5 5 6 ; 16
20130902016: 2 2 3 ; 7
20130902017: 2 4 5 ; 11
20130902018: 1 1 5 ; 7
20130902019: 2 5 6 ; 13
20130902020: 1 3 3 ; 7
20130902021: 4 5 6 ; 15
20130902022: 1 4 6 ; 11
20130902023: 5 6 6 ; 17
20130902024: 4 5 5 ; 14
20130902025: 6 6 6 ; 18
20130902026: 4 5 6 ; 15
20130902027: 1 1 5 ; 7
20130902028: 2 4 6 ; 12
20130902029: 2 4 5 ; 11
20130902030: 1 3 5 ; 9
20130902031: 1 5 6 ; 12
20130902032: 1 3 3 ; 7
20130902033: 1 6 6 ; 13
20130902034: 2 2 3 ; 7
20130902035: 3 6 6 ; 15
20130902036: 1 2 5 ; 8
20130902037: 1 4 5 ; 10
20130902038: 1 2 5 ; 8
20130902039: 1 4 5 ; 10
20130902040: 2 2 3 ; 7
20130902041: 3 3 5 ; 11
20130902042: 2 3 6 ; 11
20130902043: 2 5 6 ; 13
20130902044: 1 1 6 ; 8
20130902045: 3 5 6 ; 14
20130902046: 4 5 6 ; 15
20130902047: 2 3 5 ; 10
20130902048: 3 4 5 ; 12
20130902049: 2 2 3 ; 7
20130902050: 2 3 3 ; 8
20130902051: 2 2 3 ; 7
20130902052: 2 3 4 ; 9
20130902053: 2 3 6 ; 11
20130902054: 4 4 4 ; 12
20130902055: 3 5 6 ; 14
20130902056: 2 4 4 ; 10
20130902057: 1 2 5 ; 8
20130902058: 3 4 6 ; 13
20130902059: 3 5 6 ; 14
20130902060: 4 5 6 ; 15
20130902061: 3 4 6 ; 13
20130902062: 1 3 5 ; 9
20130902063: 2 4 6 ; 12
20130902064: 3 5 6 ; 14
20130902065: 1 4 6 ; 11
20130902066: 3 3 5 ; 11
20130902067: 1 3 6 ; 10
20130902068: 1 4 4 ; 9
20130902069: 1 3 5 ; 9
20130902070: 1 4 4 ; 9
20130902071: 1 5 6 ; 12
20130902072: 5 6 6 ; 17
20130902073: 5 5 6 ; 16
20130902074: 1 3 5 ; 9
20130902075: 1 1 2 ; 4
20130902076: 2 2 2 ; 6
20130902077: 4 6 6 ; 16
20130902078: 3 3 4 ; 10
