20131225001: 3 5 6 ; 14
20131225002: 4 4 6 ; 14
20131225003: 4 4 5 ; 13
20131225004: 1 2 6 ; 9
20131225005: 1 3 6 ; 10
20131225006: 1 3 4 ; 8
20131225007: 1 5 6 ; 12
20131225008: 2 3 6 ; 11
20131225009: 2 2 5 ; 9
20131225010: 1 3 6 ; 10
20131225011: 3 5 5 ; 13
20131225012: 1 3 6 ; 10
20131225013: 2 3 5 ; 10
20131225014: 2 3 4 ; 9
20131225015: 1 5 6 ; 12
20131225016: 1 2 5 ; 8
20131225017: 2 4 6 ; 12
20131225018: 1 2 4 ; 7
20131225019: 1 5 6 ; 12
20131225020: 3 4 6 ; 13
20131225021: 1 2 4 ; 7
20131225022: 4 4 6 ; 14
20131225023: 1 2 3 ; 6
20131225024: 2 2 5 ; 9
20131225025: 1 4 4 ; 9
20131225026: 1 1 5 ; 7
20131225027: 1 3 4 ; 8
20131225028: 3 3 4 ; 10
20131225029: 2 5 6 ; 13
20131225030: 4 5 6 ; 15
20131225031: 2 5 6 ; 13
20131225032: 1 2 6 ; 9
20131225033: 4 6 6 ; 16
20131225034: 1 1 6 ; 8
20131225035: 2 4 5 ; 11
20131225036: 1 5 5 ; 11
20131225037: 3 3 3 ; 9
20131225038: 2 3 3 ; 8
20131225039: 1 3 3 ; 7
20131225040: 2 2 4 ; 8
20131225041: 1 2 5 ; 8
20131225042: 1 3 5 ; 9
20131225043: 1 2 5 ; 8
20131225044: 2 3 4 ; 9
20131225045: 3 4 4 ; 11
20131225046: 2 2 5 ; 9
20131225047: 1 3 5 ; 9
20131225048: 4 4 5 ; 13
20131225049: 1 1 2 ; 4
20131225050: 1 2 5 ; 8
20131225051: 1 2 3 ; 6
20131225052: 3 3 5 ; 11
20131225053: 2 6 6 ; 14
20131225054: 1 5 6 ; 12
20131225055: 2 3 5 ; 10
20131225056: 2 3 6 ; 11
20131225057: 1 1 3 ; 5
20131225058: 2 4 6 ; 12
20131225059: 2 4 6 ; 12
20131225060: 1 3 6 ; 10
20131225061: 1 3 4 ; 8
20131225062: 1 6 6 ; 13
20131225063: 3 3 5 ; 11
20131225064: 1 3 3 ; 7
20131225065: 2 2 4 ; 8
20131225066: 2 2 3 ; 7
20131225067: 2 6 6 ; 14
20131225068: 1 2 3 ; 6
20131225069: 1 1 6 ; 8
20131225070: 5 5 6 ; 16
20131225071: 1 5 6 ; 12
20131225072: 1 3 5 ; 9
20131225073: 1 3 3 ; 7
20131225074: 1 1 6 ; 8
20131225075: 2 2 3 ; 7
20131225076: 3 6 6 ; 15
20131225077: 2 4 5 ; 11
20131225078: 1 4 6 ; 11
