20130925001: 1 1 2 ; 4
20130925002: 1 2 3 ; 6
20130925003: 3 3 6 ; 12
20130925004: 2 2 4 ; 8
20130925005: 1 2 2 ; 5
20130925006: 2 5 6 ; 13
20130925007: 1 1 2 ; 4
20130925008: 3 5 6 ; 14
20130925009: 2 4 5 ; 11
20130925010: 1 2 4 ; 7
20130925011: 4 5 5 ; 14
20130925012: 1 2 4 ; 7
20130925013: 2 5 6 ; 13
20130925014: 2 3 4 ; 9
20130925015: 1 2 6 ; 9
20130925016: 1 4 5 ; 10
20130925017: 5 5 6 ; 16
20130925018: 3 4 5 ; 12
20130925019: 1 2 5 ; 8
20130925020: 3 3 5 ; 11
20130925021: 2 3 6 ; 11
20130925022: 1 5 5 ; 11
20130925023: 1 2 3 ; 6
20130925024: 2 2 6 ; 10
20130925025: 4 4 5 ; 13
20130925026: 2 2 6 ; 10
20130925027: 1 3 3 ; 7
20130925028: 2 4 5 ; 11
20130925029: 1 2 5 ; 8
20130925030: 2 4 5 ; 11
20130925031: 1 4 6 ; 11
20130925032: 2 5 6 ; 13
20130925033: 1 1 5 ; 7
20130925034: 2 3 3 ; 8
20130925035: 3 5 6 ; 14
20130925036: 1 3 5 ; 9
20130925037: 1 2 5 ; 8
20130925038: 1 4 5 ; 10
20130925039: 1 3 5 ; 9
20130925040: 1 3 4 ; 8
20130925041: 2 2 6 ; 10
20130925042: 1 1 3 ; 5
20130925043: 2 5 5 ; 12
20130925044: 3 4 5 ; 12
20130925045: 1 5 6 ; 12
20130925046: 3 4 6 ; 13
20130925047: 3 4 5 ; 12
20130925048: 1 4 6 ; 11
20130925049: 4 4 6 ; 14
20130925050: 3 5 5 ; 13
20130925051: 1 1 1 ; 3
20130925052: 3 3 6 ; 12
20130925053: 6 6 6 ; 18
20130925054: 1 3 4 ; 8
20130925055: 2 3 5 ; 10
20130925056: 4 4 5 ; 13
20130925057: 5 5 6 ; 16
20130925058: 3 3 5 ; 11
20130925059: 1 4 5 ; 10
20130925060: 1 2 6 ; 9
20130925061: 1 1 6 ; 8
20130925062: 1 4 6 ; 11
20130925063: 4 4 4 ; 12
20130925064: 1 3 6 ; 10
20130925065: 2 4 4 ; 10
20130925066: 1 2 4 ; 7
20130925067: 1 1 6 ; 8
20130925068: 1 4 6 ; 11
20130925069: 1 2 6 ; 9
20130925070: 2 3 6 ; 11
20130925071: 3 4 5 ; 12
20130925072: 3 3 6 ; 12
20130925073: 1 2 4 ; 7
20130925074: 1 3 5 ; 9
20130925075: 4 5 6 ; 15
20130925076: 2 3 5 ; 10
20130925077: 1 5 6 ; 12
20130925078: 1 1 2 ; 4
