20130730001: 3 4 6 ; 13
20130730002: 4 5 5 ; 14
20130730003: 1 4 4 ; 9
20130730004: 1 4 5 ; 10
20130730005: 1 5 5 ; 11
20130730006: 1 1 5 ; 7
20130730007: 2 5 5 ; 12
20130730008: 4 4 6 ; 14
20130730009: 1 3 3 ; 7
20130730010: 3 4 5 ; 12
20130730011: 2 2 3 ; 7
20130730012: 4 4 5 ; 13
20130730013: 1 2 5 ; 8
20130730014: 1 3 6 ; 10
20130730015: 1 2 6 ; 9
20130730016: 3 3 5 ; 11
20130730017: 1 5 5 ; 11
20130730018: 3 5 6 ; 14
20130730019: 2 4 6 ; 12
20130730020: 3 5 6 ; 14
20130730021: 2 5 6 ; 13
20130730022: 1 4 5 ; 10
20130730023: 1 1 2 ; 4
20130730024: 2 3 5 ; 10
20130730025: 2 4 5 ; 11
20130730026: 1 4 5 ; 10
20130730027: 2 5 6 ; 13
20130730028: 1 6 6 ; 13
20130730029: 1 1 4 ; 6
20130730030: 3 3 5 ; 11
20130730031: 1 6 6 ; 13
20130730032: 1 2 4 ; 7
20130730033: 3 6 6 ; 15
20130730034: 5 5 6 ; 16
20130730035: 3 4 5 ; 12
20130730036: 2 6 6 ; 14
20130730037: 4 6 6 ; 16
20130730038: 2 4 4 ; 10
20130730039: 2 3 4 ; 9
20130730040: 1 2 3 ; 6
20130730041: 1 3 3 ; 7
20130730042: 1 3 5 ; 9
20130730043: 2 3 4 ; 9
20130730044: 1 2 3 ; 6
20130730045: 4 4 5 ; 13
20130730046: 2 3 5 ; 10
20130730047: 1 4 4 ; 9
20130730048: 2 3 3 ; 8
20130730049: 3 4 5 ; 12
20130730050: 1 1 4 ; 6
20130730051: 2 2 5 ; 9
20130730052: 2 6 6 ; 14
20130730053: 1 2 4 ; 7
20130730054: 1 1 4 ; 6
20130730055: 5 6 6 ; 17
20130730056: 3 5 6 ; 14
20130730057: 2 3 6 ; 11
20130730058: 1 2 6 ; 9
20130730059: 1 1 3 ; 5
20130730060: 2 3 4 ; 9
20130730061: 2 4 6 ; 12
20130730062: 3 5 6 ; 14
20130730063: 1 5 5 ; 11
20130730064: 2 4 5 ; 11
20130730065: 1 3 5 ; 9
20130730066: 1 4 6 ; 11
20130730067: 3 4 6 ; 13
20130730068: 1 3 6 ; 10
20130730069: 4 6 6 ; 16
20130730070: 2 4 5 ; 11
20130730071: 5 5 6 ; 16
20130730072: 1 1 4 ; 6
20130730073: 1 1 4 ; 6
20130730074: 3 6 6 ; 15
20130730075: 3 3 5 ; 11
20130730076: 2 6 6 ; 14
20130730077: 4 4 5 ; 13
20130730078: 2 3 6 ; 11
