20131026001: 1 3 5 ; 9
20131026002: 1 4 5 ; 10
20131026003: 2 6 6 ; 14
20131026004: 1 2 2 ; 5
20131026005: 2 5 6 ; 13
20131026006: 1 3 6 ; 10
20131026007: 1 5 6 ; 12
20131026008: 3 4 5 ; 12
20131026009: 2 4 5 ; 11
20131026010: 2 5 6 ; 13
20131026011: 3 3 5 ; 11
20131026012: 1 2 4 ; 7
20131026013: 3 5 6 ; 14
20131026014: 1 3 5 ; 9
20131026015: 1 3 6 ; 10
20131026016: 2 5 6 ; 13
20131026017: 2 3 4 ; 9
20131026018: 2 5 6 ; 13
20131026019: 1 3 4 ; 8
20131026020: 2 4 4 ; 10
20131026021: 2 4 4 ; 10
20131026022: 1 2 3 ; 6
20131026023: 2 3 5 ; 10
20131026024: 3 6 6 ; 15
20131026025: 2 2 5 ; 9
20131026026: 3 3 5 ; 11
20131026027: 2 2 5 ; 9
20131026028: 5 5 5 ; 15
20131026029: 2 2 5 ; 9
20131026030: 1 2 5 ; 8
20131026031: 1 2 5 ; 8
20131026032: 1 1 4 ; 6
20131026033: 2 3 4 ; 9
20131026034: 2 4 6 ; 12
20131026035: 1 2 4 ; 7
20131026036: 4 5 6 ; 15
20131026037: 2 2 4 ; 8
20131026038: 1 3 5 ; 9
20131026039: 5 5 6 ; 16
20131026040: 3 5 6 ; 14
20131026041: 5 5 6 ; 16
20131026042: 1 5 6 ; 12
20131026043: 1 3 4 ; 8
20131026044: 1 2 3 ; 6
20131026045: 1 2 6 ; 9
20131026046: 1 4 4 ; 9
20131026047: 1 4 5 ; 10
20131026048: 1 2 5 ; 8
20131026049: 1 2 3 ; 6
20131026050: 2 3 5 ; 10
20131026051: 1 2 4 ; 7
20131026052: 5 5 5 ; 15
20131026053: 3 5 6 ; 14
20131026054: 2 4 6 ; 12
20131026055: 1 3 5 ; 9
20131026056: 1 2 5 ; 8
20131026057: 3 3 3 ; 9
20131026058: 1 1 6 ; 8
20131026059: 2 5 5 ; 12
20131026060: 1 4 5 ; 10
20131026061: 1 4 4 ; 9
20131026062: 1 1 4 ; 6
20131026063: 2 2 5 ; 9
20131026064: 1 4 5 ; 10
20131026065: 4 5 5 ; 14
20131026066: 1 6 6 ; 13
20131026067: 2 2 6 ; 10
20131026068: 3 3 6 ; 12
20131026069: 2 4 6 ; 12
20131026070: 1 3 5 ; 9
20131026071: 1 1 2 ; 4
20131026072: 2 2 3 ; 7
20131026073: 2 2 5 ; 9
20131026074: 2 2 5 ; 9
20131026075: 1 2 6 ; 9
20131026076: 2 4 6 ; 12
20131026077: 1 1 4 ; 6
20131026078: 1 1 6 ; 8
