20131228001: 2 3 6 ; 11
20131228002: 1 2 5 ; 8
20131228003: 1 3 6 ; 10
20131228004: 1 4 6 ; 11
20131228005: 2 3 6 ; 11
20131228006: 1 2 4 ; 7
20131228007: 3 5 6 ; 14
20131228008: 3 4 6 ; 13
20131228009: 1 1 2 ; 4
20131228010: 1 1 4 ; 6
20131228011: 1 2 5 ; 8
20131228012: 4 4 6 ; 14
20131228013: 1 4 5 ; 10
20131228014: 2 4 5 ; 11
20131228015: 1 2 3 ; 6
20131228016: 1 2 4 ; 7
20131228017: 1 4 5 ; 10
20131228018: 2 5 5 ; 12
20131228019: 2 5 5 ; 12
20131228020: 1 6 6 ; 13
20131228021: 2 5 6 ; 13
20131228022: 2 3 3 ; 8
20131228023: 2 2 4 ; 8
20131228024: 2 5 6 ; 13
20131228025: 2 4 6 ; 12
20131228026: 1 3 4 ; 8
20131228027: 3 6 6 ; 15
20131228028: 2 3 6 ; 11
20131228029: 1 3 3 ; 7
20131228030: 2 2 5 ; 9
20131228031: 1 2 3 ; 6
20131228032: 4 6 6 ; 16
20131228033: 1 2 4 ; 7
20131228034: 4 4 5 ; 13
20131228035: 1 6 6 ; 13
20131228036: 2 4 4 ; 10
20131228037: 1 2 6 ; 9
20131228038: 1 3 6 ; 10
20131228039: 2 3 4 ; 9
20131228040: 2 4 5 ; 11
20131228041: 2 2 3 ; 7
20131228042: 2 2 3 ; 7
20131228043: 1 2 2 ; 5
20131228044: 1 2 3 ; 6
20131228045: 1 3 5 ; 9
20131228046: 2 4 5 ; 11
20131228047: 1 3 6 ; 10
20131228048: 2 4 4 ; 10
20131228049: 4 5 6 ; 15
20131228050: 1 5 6 ; 12
20131228051: 1 3 5 ; 9
20131228052: 2 4 4 ; 10
20131228053: 1 5 6 ; 12
20131228054: 1 3 5 ; 9
20131228055: 2 3 4 ; 9
20131228056: 3 3 5 ; 11
20131228057: 1 3 6 ; 10
20131228058: 1 4 5 ; 10
20131228059: 2 5 6 ; 13
20131228060: 2 4 6 ; 12
20131228061: 1 3 6 ; 10
20131228062: 3 4 6 ; 13
20131228063: 1 3 6 ; 10
20131228064: 2 2 4 ; 8
20131228065: 2 4 6 ; 12
20131228066: 1 6 6 ; 13
20131228067: 4 5 5 ; 14
20131228068: 1 2 5 ; 8
20131228069: 3 4 5 ; 12
20131228070: 1 1 3 ; 5
20131228071: 1 1 3 ; 5
20131228072: 1 2 5 ; 8
20131228073: 3 4 4 ; 11
20131228074: 1 1 5 ; 7
20131228075: 1 1 1 ; 3
20131228076: 2 5 6 ; 13
20131228077: 2 3 6 ; 11
20131228078: 1 1 4 ; 6
