20131010001: 2 3 6 ; 11
20131010002: 3 3 6 ; 12
20131010003: 3 5 6 ; 14
20131010004: 1 1 2 ; 4
20131010005: 2 4 4 ; 10
20131010006: 2 2 5 ; 9
20131010007: 1 3 4 ; 8
20131010008: 1 1 5 ; 7
20131010009: 1 2 5 ; 8
20131010010: 1 2 5 ; 8
20131010011: 1 3 4 ; 8
20131010012: 1 4 5 ; 10
20131010013: 3 4 6 ; 13
20131010014: 2 3 6 ; 11
20131010015: 3 6 6 ; 15
20131010016: 5 5 5 ; 15
20131010017: 3 4 6 ; 13
20131010018: 1 5 5 ; 11
20131010019: 2 3 6 ; 11
20131010020: 3 3 4 ; 10
20131010021: 3 5 5 ; 13
20131010022: 1 6 6 ; 13
20131010023: 1 6 6 ; 13
20131010024: 2 3 5 ; 10
20131010025: 1 2 6 ; 9
20131010026: 3 5 6 ; 14
20131010027: 2 3 5 ; 10
20131010028: 1 1 2 ; 4
20131010029: 1 2 6 ; 9
20131010030: 2 3 4 ; 9
20131010031: 1 3 4 ; 8
20131010032: 2 2 4 ; 8
20131010033: 2 2 2 ; 6
20131010034: 2 2 5 ; 9
20131010035: 5 6 6 ; 17
20131010036: 1 3 6 ; 10
20131010037: 1 2 4 ; 7
20131010038: 1 1 2 ; 4
20131010039: 1 6 6 ; 13
20131010040: 1 4 6 ; 11
20131010041: 1 2 6 ; 9
20131010042: 2 4 5 ; 11
20131010043: 2 3 5 ; 10
20131010044: 2 2 2 ; 6
20131010045: 1 3 4 ; 8
20131010046: 3 3 5 ; 11
20131010047: 4 6 6 ; 16
20131010048: 3 4 6 ; 13
20131010049: 1 3 6 ; 10
20131010050: 5 5 6 ; 16
20131010051: 3 4 6 ; 13
20131010052: 1 4 5 ; 10
20131010053: 2 4 6 ; 12
20131010054: 2 3 4 ; 9
20131010055: 1 2 3 ; 6
20131010056: 1 1 4 ; 6
20131010057: 1 5 6 ; 12
20131010058: 2 2 3 ; 7
20131010059: 2 5 5 ; 12
20131010060: 1 4 5 ; 10
20131010061: 2 4 6 ; 12
20131010062: 1 2 6 ; 9
20131010063: 3 5 6 ; 14
20131010064: 1 5 6 ; 12
20131010065: 3 5 6 ; 14
20131010066: 1 2 5 ; 8
20131010067: 2 2 3 ; 7
20131010068: 1 4 5 ; 10
20131010069: 1 3 4 ; 8
20131010070: 4 6 6 ; 16
20131010071: 3 3 6 ; 12
20131010072: 5 5 6 ; 16
20131010073: 3 4 5 ; 12
20131010074: 1 4 5 ; 10
20131010075: 4 6 6 ; 16
20131010076: 5 6 6 ; 17
20131010077: 1 3 6 ; 10
20131010078: 1 1 4 ; 6
