20130907001: 1 2 2 ; 5
20130907002: 1 4 6 ; 11
20130907003: 3 5 6 ; 14
20130907004: 3 5 6 ; 14
20130907005: 3 3 6 ; 12
20130907006: 1 4 4 ; 9
20130907007: 3 5 5 ; 13
20130907008: 4 5 6 ; 15
20130907009: 1 4 5 ; 10
20130907010: 5 6 6 ; 17
20130907011: 2 4 5 ; 11
20130907012: 1 2 6 ; 9
20130907013: 1 5 6 ; 12
20130907014: 1 3 4 ; 8
20130907015: 2 4 6 ; 12
20130907016: 2 4 5 ; 11
20130907017: 1 2 3 ; 6
20130907018: 2 3 4 ; 9
20130907019: 1 4 4 ; 9
20130907020: 1 3 5 ; 9
20130907021: 4 6 6 ; 16
20130907022: 3 4 5 ; 12
20130907023: 2 5 6 ; 13
20130907024: 1 2 5 ; 8
20130907025: 3 3 5 ; 11
20130907026: 1 1 1 ; 3
20130907027: 2 3 3 ; 8
20130907028: 2 4 4 ; 10
20130907029: 2 3 3 ; 8
20130907030: 3 5 6 ; 14
20130907031: 3 5 6 ; 14
20130907032: 1 2 3 ; 6
20130907033: 2 4 4 ; 10
20130907034: 3 4 6 ; 13
20130907035: 2 5 6 ; 13
20130907036: 1 6 6 ; 13
20130907037: 1 3 6 ; 10
20130907038: 1 4 6 ; 11
20130907039: 5 5 6 ; 16
20130907040: 4 5 6 ; 15
20130907041: 1 3 4 ; 8
20130907042: 3 3 4 ; 10
20130907043: 2 2 5 ; 9
20130907044: 3 4 4 ; 11
20130907045: 3 4 4 ; 11
20130907046: 2 2 3 ; 7
20130907047: 2 4 6 ; 12
20130907048: 1 4 6 ; 11
20130907049: 1 3 4 ; 8
20130907050: 4 5 6 ; 15
20130907051: 1 2 5 ; 8
20130907052: 4 5 5 ; 14
20130907053: 5 6 6 ; 17
20130907054: 2 3 3 ; 8
20130907055: 1 2 3 ; 6
20130907056: 2 3 6 ; 11
20130907057: 2 3 5 ; 10
20130907058: 4 5 6 ; 15
20130907059: 1 4 5 ; 10
20130907060: 2 2 6 ; 10
20130907061: 1 3 5 ; 9
20130907062: 1 3 4 ; 8
20130907063: 2 3 5 ; 10
20130907064: 1 2 5 ; 8
20130907065: 2 3 6 ; 11
20130907066: 2 4 6 ; 12
20130907067: 2 3 5 ; 10
20130907068: 5 5 6 ; 16
20130907069: 1 1 6 ; 8
20130907070: 2 3 5 ; 10
20130907071: 1 5 5 ; 11
20130907072: 1 3 5 ; 9
20130907073: 2 4 5 ; 11
20130907074: 1 1 2 ; 4
20130907075: 1 2 4 ; 7
20130907076: 1 6 6 ; 13
20130907077: 2 4 4 ; 10
20130907078: 2 5 5 ; 12
