20130710001: 3 4 5 ; 12
20130710002: 3 3 4 ; 10
20130710003: 1 2 6 ; 9
20130710004: 4 5 6 ; 15
20130710005: 1 3 3 ; 7
20130710006: 2 6 6 ; 14
20130710007: 4 5 6 ; 15
20130710008: 1 6 6 ; 13
20130710009: 2 4 6 ; 12
20130710010: 1 3 5 ; 9
20130710011: 1 3 6 ; 10
20130710012: 3 3 5 ; 11
20130710013: 2 2 5 ; 9
20130710014: 1 1 1 ; 3
20130710015: 2 5 6 ; 13
20130710016: 1 2 2 ; 5
20130710017: 2 6 6 ; 14
20130710018: 1 4 6 ; 11
20130710019: 3 4 5 ; 12
20130710020: 1 2 3 ; 6
20130710021: 2 2 4 ; 8
20130710022: 2 4 6 ; 12
20130710023: 1 3 4 ; 8
20130710024: 5 6 6 ; 17
20130710025: 2 4 5 ; 11
20130710026: 4 4 5 ; 13
20130710027: 1 2 5 ; 8
20130710028: 3 6 6 ; 15
20130710029: 1 3 6 ; 10
20130710030: 3 6 6 ; 15
20130710031: 1 3 4 ; 8
20130710032: 1 3 4 ; 8
20130710033: 3 6 6 ; 15
20130710034: 2 2 3 ; 7
20130710035: 2 4 6 ; 12
20130710036: 1 3 6 ; 10
20130710037: 2 4 6 ; 12
20130710038: 1 2 4 ; 7
20130710039: 1 1 1 ; 3
20130710040: 1 2 3 ; 6
20130710041: 1 3 3 ; 7
20130710042: 1 2 5 ; 8
20130710043: 2 2 4 ; 8
20130710044: 3 5 6 ; 14
20130710045: 1 3 5 ; 9
20130710046: 4 6 6 ; 16
20130710047: 2 4 6 ; 12
20130710048: 1 1 4 ; 6
20130710049: 2 6 6 ; 14
20130710050: 4 4 5 ; 13
20130710051: 2 3 5 ; 10
20130710052: 3 6 6 ; 15
20130710053: 1 4 5 ; 10
20130710054: 1 2 5 ; 8
20130710055: 1 5 5 ; 11
20130710056: 1 4 5 ; 10
20130710057: 2 3 3 ; 8
20130710058: 2 4 5 ; 11
20130710059: 2 3 5 ; 10
20130710060: 1 3 6 ; 10
20130710061: 1 5 6 ; 12
20130710062: 2 3 6 ; 11
20130710063: 4 6 6 ; 16
20130710064: 2 2 5 ; 9
20130710065: 2 3 5 ; 10
20130710066: 1 1 5 ; 7
20130710067: 1 4 5 ; 10
20130710068: 2 2 3 ; 7
20130710069: 1 1 1 ; 3
20130710070: 1 3 4 ; 8
20130710071: 2 5 6 ; 13
20130710072: 1 1 6 ; 8
20130710073: 1 1 6 ; 8
20130710074: 1 3 6 ; 10
20130710075: 1 3 3 ; 7
20130710076: 3 5 6 ; 14
20130710077: 1 2 4 ; 7
20130710078: 3 4 4 ; 11
