20130702001: 2 2 2 ; 6
20130702002: 2 3 4 ; 9
20130702003: 2 5 6 ; 13
20130702004: 3 3 5 ; 11
20130702005: 1 5 6 ; 12
20130702006: 1 1 6 ; 8
20130702007: 2 4 6 ; 12
20130702008: 2 3 4 ; 9
20130702009: 2 4 5 ; 11
20130702010: 1 2 6 ; 9
20130702011: 1 3 5 ; 9
20130702012: 3 5 5 ; 13
20130702013: 1 1 2 ; 4
20130702014: 2 5 5 ; 12
20130702015: 1 2 2 ; 5
20130702016: 1 5 6 ; 12
20130702017: 2 5 6 ; 13
20130702018: 1 3 4 ; 8
20130702019: 3 5 5 ; 13
20130702020: 1 3 4 ; 8
20130702021: 4 5 6 ; 15
20130702022: 1 5 5 ; 11
20130702023: 2 3 4 ; 9
20130702024: 4 5 6 ; 15
20130702025: 3 5 6 ; 14
20130702026: 1 3 6 ; 10
20130702027: 1 2 4 ; 7
20130702028: 5 5 6 ; 16
20130702029: 2 4 6 ; 12
20130702030: 1 4 6 ; 11
20130702031: 1 2 4 ; 7
20130702032: 3 3 5 ; 11
20130702033: 2 4 5 ; 11
20130702034: 3 5 6 ; 14
20130702035: 2 5 5 ; 12
20130702036: 2 2 4 ; 8
20130702037: 2 5 6 ; 13
20130702038: 1 3 6 ; 10
20130702039: 1 1 6 ; 8
20130702040: 3 5 5 ; 13
20130702041: 2 4 5 ; 11
20130702042: 1 3 4 ; 8
20130702043: 3 5 6 ; 14
20130702044: 2 5 5 ; 12
20130702045: 3 5 5 ; 13
20130702046: 4 4 5 ; 13
20130702047: 3 4 6 ; 13
20130702048: 1 5 6 ; 12
20130702049: 1 3 4 ; 8
20130702050: 1 5 6 ; 12
20130702051: 2 4 6 ; 12
20130702052: 2 4 5 ; 11
20130702053: 1 3 5 ; 9
20130702054: 1 3 6 ; 10
20130702055: 3 4 4 ; 11
20130702056: 1 4 5 ; 10
20130702057: 1 4 5 ; 10
20130702058: 2 3 6 ; 11
20130702059: 4 6 6 ; 16
20130702060: 2 3 4 ; 9
20130702061: 1 4 4 ; 9
20130702062: 1 2 2 ; 5
20130702063: 1 4 5 ; 10
20130702064: 1 1 5 ; 7
20130702065: 3 4 5 ; 12
20130702066: 2 4 5 ; 11
20130702067: 1 5 6 ; 12
20130702068: 1 3 6 ; 10
20130702069: 1 4 6 ; 11
20130702070: 2 2 3 ; 7
20130702071: 3 3 3 ; 9
20130702072: 1 2 6 ; 9
20130702073: 3 3 5 ; 11
20130702074: 4 5 5 ; 14
20130702075: 1 6 6 ; 13
20130702076: 2 3 4 ; 9
