20131002001: 2 4 5 ; 11
20131002002: 2 3 5 ; 10
20131002003: 1 3 5 ; 9
20131002004: 1 5 6 ; 12
20131002005: 2 2 6 ; 10
20131002006: 2 2 6 ; 10
20131002007: 1 3 6 ; 10
20131002008: 2 4 5 ; 11
20131002009: 1 5 5 ; 11
20131002010: 2 5 6 ; 13
20131002011: 2 3 4 ; 9
20131002012: 4 5 6 ; 15
20131002013: 2 2 3 ; 7
20131002014: 4 5 6 ; 15
20131002015: 1 4 6 ; 11
20131002016: 1 1 2 ; 4
20131002017: 3 4 4 ; 11
20131002018: 2 5 6 ; 13
20131002019: 1 2 3 ; 6
20131002020: 2 2 3 ; 7
20131002021: 2 2 4 ; 8
20131002022: 1 5 6 ; 12
20131002023: 1 4 4 ; 9
20131002024: 1 2 3 ; 6
20131002025: 3 3 3 ; 9
20131002026: 1 2 5 ; 8
20131002027: 1 4 4 ; 9
20131002028: 1 2 5 ; 8
20131002029: 1 5 6 ; 12
20131002030: 1 3 4 ; 8
20131002031: 3 4 5 ; 12
20131002032: 1 2 4 ; 7
20131002033: 2 3 3 ; 8
20131002034: 1 2 6 ; 9
20131002035: 1 4 6 ; 11
20131002036: 1 2 2 ; 5
20131002037: 1 2 2 ; 5
20131002038: 5 5 5 ; 15
20131002039: 3 3 4 ; 10
20131002040: 2 3 6 ; 11
20131002041: 1 4 4 ; 9
20131002042: 2 4 5 ; 11
20131002043: 1 2 5 ; 8
20131002044: 1 3 4 ; 8
20131002045: 1 2 6 ; 9
20131002046: 1 4 6 ; 11
20131002047: 3 5 5 ; 13
20131002048: 2 3 4 ; 9
20131002049: 1 2 6 ; 9
20131002050: 2 3 6 ; 11
20131002051: 3 6 6 ; 15
20131002052: 4 4 5 ; 13
20131002053: 1 1 3 ; 5
20131002054: 1 2 4 ; 7
20131002055: 1 2 6 ; 9
20131002056: 1 1 1 ; 3
20131002057: 1 3 3 ; 7
20131002058: 1 4 6 ; 11
20131002059: 2 6 6 ; 14
20131002060: 1 5 6 ; 12
20131002061: 3 3 3 ; 9
20131002062: 3 4 4 ; 11
20131002063: 3 4 5 ; 12
20131002064: 1 2 4 ; 7
20131002065: 2 5 6 ; 13
20131002066: 3 4 4 ; 11
20131002067: 2 4 6 ; 12
20131002068: 1 3 3 ; 7
20131002069: 6 6 6 ; 18
20131002070: 2 2 5 ; 9
20131002071: 2 4 4 ; 10
20131002072: 1 1 2 ; 4
20131002073: 2 5 6 ; 13
20131002074: 2 4 5 ; 11
20131002075: 1 6 6 ; 13
20131002076: 2 5 5 ; 12
20131002077: 1 3 5 ; 9
20131002078: 1 3 5 ; 9
