20131207001: 2 3 5 ; 10
20131207002: 2 3 4 ; 9
20131207003: 4 6 6 ; 16
20131207004: 1 2 3 ; 6
20131207005: 1 6 6 ; 13
20131207006: 1 3 4 ; 8
20131207007: 2 5 6 ; 13
20131207008: 1 1 6 ; 8
20131207009: 1 3 4 ; 8
20131207010: 1 2 5 ; 8
20131207011: 4 4 5 ; 13
20131207012: 4 4 5 ; 13
20131207013: 1 4 4 ; 9
20131207014: 5 6 6 ; 17
20131207015: 5 5 6 ; 16
20131207016: 2 5 6 ; 13
20131207017: 3 4 5 ; 12
20131207018: 2 5 5 ; 12
20131207019: 3 5 5 ; 13
20131207020: 1 1 3 ; 5
20131207021: 4 6 6 ; 16
20131207022: 1 2 6 ; 9
20131207023: 1 4 6 ; 11
20131207024: 2 4 4 ; 10
20131207025: 1 1 5 ; 7
20131207026: 1 2 6 ; 9
20131207027: 1 3 4 ; 8
20131207028: 1 3 3 ; 7
20131207029: 1 1 5 ; 7
20131207030: 1 1 6 ; 8
20131207031: 3 3 5 ; 11
20131207032: 4 6 6 ; 16
20131207033: 3 4 6 ; 13
20131207034: 1 3 3 ; 7
20131207035: 2 5 6 ; 13
20131207036: 2 3 4 ; 9
20131207037: 2 2 2 ; 6
20131207038: 2 3 4 ; 9
20131207039: 2 4 6 ; 12
20131207040: 1 2 5 ; 8
20131207041: 4 4 4 ; 12
20131207042: 4 5 6 ; 15
20131207043: 3 3 6 ; 12
20131207044: 2 3 4 ; 9
20131207045: 1 2 6 ; 9
20131207046: 2 3 5 ; 10
20131207047: 3 4 6 ; 13
20131207048: 3 4 5 ; 12
20131207049: 2 4 4 ; 10
20131207050: 1 4 4 ; 9
20131207051: 5 6 6 ; 17
20131207052: 3 4 6 ; 13
20131207053: 3 3 6 ; 12
20131207054: 2 3 3 ; 8
20131207055: 3 5 5 ; 13
20131207056: 4 4 5 ; 13
20131207057: 3 4 5 ; 12
20131207058: 2 4 5 ; 11
20131207059: 2 4 6 ; 12
20131207060: 2 3 4 ; 9
20131207061: 4 5 6 ; 15
20131207062: 5 5 5 ; 15
20131207063: 6 6 6 ; 18
20131207064: 4 4 5 ; 13
20131207065: 3 3 6 ; 12
20131207066: 1 2 5 ; 8
20131207067: 1 1 4 ; 6
20131207068: 1 1 2 ; 4
20131207069: 2 3 6 ; 11
20131207070: 5 5 5 ; 15
20131207071: 2 6 6 ; 14
20131207072: 1 1 6 ; 8
20131207073: 1 2 6 ; 9
20131207074: 1 5 6 ; 12
20131207075: 3 6 6 ; 15
20131207076: 1 3 4 ; 8
20131207077: 3 5 6 ; 14
20131207078: 2 3 4 ; 9
