20131116001: 1 2 4 ; 7
20131116002: 1 1 1 ; 3
20131116003: 1 2 6 ; 9
20131116004: 1 5 5 ; 11
20131116005: 1 2 3 ; 6
20131116006: 1 4 6 ; 11
20131116007: 2 5 6 ; 13
20131116008: 1 1 6 ; 8
20131116009: 5 5 6 ; 16
20131116010: 1 3 6 ; 10
20131116011: 2 5 6 ; 13
20131116012: 2 4 5 ; 11
20131116013: 1 2 3 ; 6
20131116014: 2 4 4 ; 10
20131116015: 1 2 3 ; 6
20131116016: 2 2 5 ; 9
20131116017: 1 3 6 ; 10
20131116018: 2 4 5 ; 11
20131116019: 2 3 5 ; 10
20131116020: 2 3 5 ; 10
20131116021: 1 1 5 ; 7
20131116022: 2 4 6 ; 12
20131116023: 1 1 4 ; 6
20131116024: 2 2 3 ; 7
20131116025: 4 6 6 ; 16
20131116026: 2 3 4 ; 9
20131116027: 1 3 5 ; 9
20131116028: 1 1 4 ; 6
20131116029: 2 2 5 ; 9
20131116030: 1 1 4 ; 6
20131116031: 4 5 6 ; 15
20131116032: 4 4 6 ; 14
20131116033: 4 5 6 ; 15
20131116034: 3 3 5 ; 11
20131116035: 3 3 5 ; 11
20131116036: 1 6 6 ; 13
20131116037: 1 4 5 ; 10
20131116038: 1 4 6 ; 11
20131116039: 1 3 5 ; 9
20131116040: 2 2 4 ; 8
20131116041: 3 3 4 ; 10
20131116042: 3 3 4 ; 10
20131116043: 2 5 5 ; 12
20131116044: 2 4 6 ; 12
20131116045: 1 4 5 ; 10
20131116046: 1 3 6 ; 10
20131116047: 3 6 6 ; 15
20131116048: 4 5 5 ; 14
20131116049: 2 5 5 ; 12
20131116050: 2 4 5 ; 11
20131116051: 1 2 6 ; 9
20131116052: 1 3 3 ; 7
20131116053: 1 3 6 ; 10
20131116054: 1 4 5 ; 10
20131116055: 2 2 4 ; 8
20131116056: 3 4 6 ; 13
20131116057: 1 4 4 ; 9
20131116058: 3 4 4 ; 11
20131116059: 1 5 5 ; 11
20131116060: 2 5 6 ; 13
20131116061: 4 5 6 ; 15
20131116062: 1 1 3 ; 5
20131116063: 2 5 6 ; 13
20131116064: 1 4 5 ; 10
20131116065: 1 2 4 ; 7
20131116066: 2 2 2 ; 6
20131116067: 2 5 6 ; 13
20131116068: 2 3 6 ; 11
20131116069: 4 4 4 ; 12
20131116070: 2 4 6 ; 12
20131116071: 1 1 3 ; 5
20131116072: 1 3 6 ; 10
20131116073: 3 4 6 ; 13
20131116074: 1 4 5 ; 10
20131116075: 1 3 5 ; 9
20131116076: 1 2 4 ; 7
20131116077: 2 5 5 ; 12
20131116078: 1 2 6 ; 9
