20131018001: 1 6 6 ; 13
20131018002: 1 4 6 ; 11
20131018003: 3 5 6 ; 14
20131018004: 2 3 4 ; 9
20131018005: 2 4 6 ; 12
20131018006: 1 2 4 ; 7
20131018007: 4 5 6 ; 15
20131018008: 2 2 6 ; 10
20131018009: 1 4 6 ; 11
20131018010: 3 3 5 ; 11
20131018011: 1 3 4 ; 8
20131018012: 2 5 6 ; 13
20131018013: 1 4 5 ; 10
20131018014: 1 3 3 ; 7
20131018015: 1 2 4 ; 7
20131018016: 2 2 3 ; 7
20131018017: 3 4 6 ; 13
20131018018: 1 3 5 ; 9
20131018019: 2 5 6 ; 13
20131018020: 1 4 6 ; 11
20131018021: 1 4 5 ; 10
20131018022: 1 5 6 ; 12
20131018023: 3 4 6 ; 13
20131018024: 1 4 6 ; 11
20131018025: 4 6 6 ; 16
20131018026: 2 3 4 ; 9
20131018027: 2 4 6 ; 12
20131018028: 1 1 5 ; 7
20131018029: 1 3 5 ; 9
20131018030: 1 2 6 ; 9
20131018031: 2 3 4 ; 9
20131018032: 2 2 4 ; 8
20131018033: 2 5 6 ; 13
20131018034: 1 3 4 ; 8
20131018035: 3 4 5 ; 12
20131018036: 1 3 3 ; 7
20131018037: 3 3 3 ; 9
20131018038: 2 5 6 ; 13
20131018039: 1 5 6 ; 12
20131018040: 3 6 6 ; 15
20131018041: 2 3 6 ; 11
20131018042: 2 4 4 ; 10
20131018043: 1 2 6 ; 9
20131018044: 1 5 6 ; 12
20131018045: 4 4 5 ; 13
20131018046: 1 3 4 ; 8
20131018047: 2 2 3 ; 7
20131018048: 2 4 6 ; 12
20131018049: 2 4 6 ; 12
20131018050: 1 1 5 ; 7
20131018051: 1 4 5 ; 10
20131018052: 4 5 5 ; 14
20131018053: 1 3 6 ; 10
20131018054: 4 4 4 ; 12
20131018055: 1 2 6 ; 9
20131018056: 1 4 4 ; 9
20131018057: 3 4 4 ; 11
20131018058: 1 1 5 ; 7
20131018059: 1 2 6 ; 9
20131018060: 1 3 5 ; 9
20131018061: 3 4 6 ; 13
20131018062: 1 3 5 ; 9
20131018063: 3 4 6 ; 13
20131018064: 3 3 6 ; 12
20131018065: 2 4 6 ; 12
20131018066: 4 5 6 ; 15
20131018067: 2 2 6 ; 10
20131018068: 1 1 4 ; 6
20131018069: 2 3 5 ; 10
20131018070: 2 5 6 ; 13
20131018071: 2 3 4 ; 9
20131018072: 2 3 4 ; 9
20131018073: 1 2 4 ; 7
20131018074: 4 5 5 ; 14
20131018075: 1 3 4 ; 8
20131018076: 4 5 5 ; 14
20131018077: 1 2 6 ; 9
20131018078: 1 3 3 ; 7
