20131129001: 4 4 6 ; 14
20131129002: 2 3 4 ; 9
20131129003: 1 5 6 ; 12
20131129004: 1 1 2 ; 4
20131129005: 1 3 4 ; 8
20131129006: 5 5 6 ; 16
20131129007: 1 2 3 ; 6
20131129008: 4 5 5 ; 14
20131129009: 1 2 4 ; 7
20131129010: 2 5 5 ; 12
20131129011: 2 3 5 ; 10
20131129012: 2 5 6 ; 13
20131129013: 3 4 5 ; 12
20131129014: 4 4 5 ; 13
20131129015: 1 2 3 ; 6
20131129016: 3 3 5 ; 11
20131129017: 3 6 6 ; 15
20131129018: 3 5 6 ; 14
20131129019: 1 1 2 ; 4
20131129020: 4 6 6 ; 16
20131129021: 1 2 2 ; 5
20131129022: 1 2 3 ; 6
20131129023: 1 4 4 ; 9
20131129024: 2 5 6 ; 13
20131129025: 1 3 4 ; 8
20131129026: 1 3 4 ; 8
20131129027: 2 4 6 ; 12
20131129028: 1 1 5 ; 7
20131129029: 1 4 4 ; 9
20131129030: 5 5 5 ; 15
20131129031: 1 2 4 ; 7
20131129032: 3 4 4 ; 11
20131129033: 4 4 6 ; 14
20131129034: 2 6 6 ; 14
20131129035: 4 5 5 ; 14
20131129036: 3 4 6 ; 13
20131129037: 1 3 4 ; 8
20131129038: 1 2 3 ; 6
20131129039: 3 5 6 ; 14
20131129040: 2 2 3 ; 7
20131129041: 3 4 6 ; 13
20131129042: 1 3 4 ; 8
20131129043: 2 3 4 ; 9
20131129044: 1 1 3 ; 5
20131129045: 5 6 6 ; 17
20131129046: 2 4 6 ; 12
20131129047: 2 6 6 ; 14
20131129048: 3 4 6 ; 13
20131129049: 1 4 6 ; 11
20131129050: 1 2 6 ; 9
20131129051: 1 5 6 ; 12
20131129052: 1 3 4 ; 8
20131129053: 4 6 6 ; 16
20131129054: 2 4 4 ; 10
20131129055: 1 6 6 ; 13
20131129056: 2 5 6 ; 13
20131129057: 2 3 3 ; 8
20131129058: 1 3 3 ; 7
20131129059: 3 4 6 ; 13
20131129060: 1 2 6 ; 9
20131129061: 3 4 6 ; 13
20131129062: 2 6 6 ; 14
20131129063: 5 5 6 ; 16
20131129064: 2 5 5 ; 12
20131129065: 1 3 6 ; 10
20131129066: 1 3 5 ; 9
20131129067: 2 2 6 ; 10
20131129068: 3 6 6 ; 15
20131129069: 1 4 5 ; 10
20131129070: 1 1 2 ; 4
20131129071: 4 6 6 ; 16
20131129072: 2 5 6 ; 13
20131129073: 3 4 6 ; 13
20131129074: 1 2 2 ; 5
20131129075: 1 3 5 ; 9
20131129076: 1 5 6 ; 12
20131129077: 2 2 5 ; 9
20131129078: 2 4 5 ; 11
