20130904001: 2 3 5 ; 10
20130904002: 5 6 6 ; 17
20130904003: 1 6 6 ; 13
20130904004: 3 5 6 ; 14
20130904005: 1 2 6 ; 9
20130904006: 1 3 6 ; 10
20130904007: 1 1 1 ; 3
20130904008: 5 6 6 ; 17
20130904009: 3 3 5 ; 11
20130904010: 1 3 6 ; 10
20130904011: 3 3 4 ; 10
20130904012: 4 5 6 ; 15
20130904013: 4 4 6 ; 14
20130904014: 1 3 4 ; 8
20130904015: 1 2 5 ; 8
20130904016: 1 3 6 ; 10
20130904017: 2 3 4 ; 9
20130904018: 1 4 4 ; 9
20130904019: 2 4 4 ; 10
20130904020: 4 6 6 ; 16
20130904021: 1 2 5 ; 8
20130904022: 3 6 6 ; 15
20130904023: 1 3 6 ; 10
20130904024: 3 4 6 ; 13
20130904025: 3 5 5 ; 13
20130904026: 1 1 4 ; 6
20130904027: 1 2 4 ; 7
20130904028: 4 4 4 ; 12
20130904029: 4 4 4 ; 12
20130904030: 1 4 5 ; 10
20130904031: 3 4 5 ; 12
20130904032: 2 5 6 ; 13
20130904033: 2 4 5 ; 11
20130904034: 1 2 2 ; 5
20130904035: 1 2 5 ; 8
20130904036: 3 5 5 ; 13
20130904037: 2 2 3 ; 7
20130904038: 3 4 5 ; 12
20130904039: 2 2 4 ; 8
20130904040: 2 3 6 ; 11
20130904041: 1 3 4 ; 8
20130904042: 1 2 3 ; 6
20130904043: 1 2 4 ; 7
20130904044: 3 4 6 ; 13
20130904045: 1 1 5 ; 7
20130904046: 1 2 6 ; 9
20130904047: 1 3 3 ; 7
20130904048: 2 3 4 ; 9
20130904049: 2 6 6 ; 14
20130904050: 1 6 6 ; 13
20130904051: 1 2 3 ; 6
20130904052: 1 1 4 ; 6
20130904053: 1 1 4 ; 6
20130904054: 1 5 6 ; 12
20130904055: 3 6 6 ; 15
20130904056: 1 2 2 ; 5
20130904057: 1 1 3 ; 5
20130904058: 5 5 6 ; 16
20130904059: 1 2 3 ; 6
20130904060: 2 3 6 ; 11
20130904061: 3 4 6 ; 13
20130904062: 4 5 6 ; 15
20130904063: 3 4 4 ; 11
20130904064: 2 6 6 ; 14
20130904065: 1 2 4 ; 7
20130904066: 3 3 4 ; 10
20130904067: 3 3 5 ; 11
20130904068: 1 5 6 ; 12
20130904069: 2 3 6 ; 11
20130904070: 1 2 3 ; 6
20130904071: 2 5 6 ; 13
20130904072: 2 5 5 ; 12
20130904073: 2 3 6 ; 11
20130904074: 1 3 3 ; 7
20130904075: 2 4 6 ; 12
20130904076: 2 3 4 ; 9
20130904077: 2 3 5 ; 10
20130904078: 2 2 3 ; 7
