20130805001: 4 5 6 ; 15
20130805002: 2 4 6 ; 12
20130805003: 2 3 5 ; 10
20130805004: 1 2 6 ; 9
20130805005: 1 3 3 ; 7
20130805006: 5 6 6 ; 17
20130805007: 3 4 5 ; 12
20130805008: 1 1 6 ; 8
20130805009: 3 4 5 ; 12
20130805010: 2 4 4 ; 10
20130805011: 1 3 5 ; 9
20130805012: 1 3 4 ; 8
20130805013: 1 3 3 ; 7
20130805014: 3 5 5 ; 13
20130805015: 1 2 5 ; 8
20130805016: 1 4 6 ; 11
20130805017: 1 1 3 ; 5
20130805018: 1 5 6 ; 12
20130805019: 3 3 4 ; 10
20130805020: 1 1 2 ; 4
20130805021: 1 4 6 ; 11
20130805022: 2 2 6 ; 10
20130805023: 4 5 5 ; 14
20130805024: 2 4 6 ; 12
20130805025: 2 5 6 ; 13
20130805026: 3 3 5 ; 11
20130805027: 1 1 6 ; 8
20130805028: 1 2 6 ; 9
20130805029: 1 1 4 ; 6
20130805030: 2 5 5 ; 12
20130805031: 3 4 6 ; 13
20130805032: 1 4 4 ; 9
20130805033: 1 5 5 ; 11
20130805034: 2 3 4 ; 9
20130805035: 3 4 6 ; 13
20130805036: 2 4 6 ; 12
20130805037: 1 3 5 ; 9
20130805038: 3 5 5 ; 13
20130805039: 3 5 6 ; 14
20130805040: 3 4 5 ; 12
20130805041: 1 5 6 ; 12
20130805042: 2 4 5 ; 11
20130805043: 1 1 3 ; 5
20130805044: 2 3 5 ; 10
20130805045: 1 4 6 ; 11
20130805046: 1 1 4 ; 6
20130805047: 4 5 6 ; 15
20130805048: 1 5 6 ; 12
20130805049: 2 5 6 ; 13
20130805050: 1 3 6 ; 10
20130805051: 2 5 5 ; 12
20130805052: 1 2 5 ; 8
20130805053: 3 6 6 ; 15
20130805054: 1 3 4 ; 8
20130805055: 1 3 4 ; 8
20130805056: 3 5 6 ; 14
20130805057: 2 2 4 ; 8
20130805058: 3 5 6 ; 14
20130805059: 5 5 6 ; 16
20130805060: 1 3 6 ; 10
20130805061: 4 5 6 ; 15
20130805062: 5 6 6 ; 17
20130805063: 5 5 6 ; 16
20130805064: 3 5 5 ; 13
20130805065: 1 4 6 ; 11
20130805066: 1 3 4 ; 8
20130805067: 2 6 6 ; 14
20130805068: 2 3 6 ; 11
20130805069: 4 4 5 ; 13
20130805070: 2 3 4 ; 9
20130805071: 2 3 3 ; 8
20130805072: 4 5 6 ; 15
20130805073: 4 5 6 ; 15
20130805074: 2 4 4 ; 10
20130805075: 1 2 5 ; 8
20130805076: 1 2 3 ; 6
20130805077: 1 2 5 ; 8
20130805078: 2 3 5 ; 10
