20131107001: 1 3 5 ; 9
20131107002: 6 6 6 ; 18
20131107003: 3 5 5 ; 13
20131107004: 1 1 3 ; 5
20131107005: 1 4 5 ; 10
20131107006: 1 3 6 ; 10
20131107007: 3 3 5 ; 11
20131107008: 3 3 6 ; 12
20131107009: 1 3 5 ; 9
20131107010: 1 4 4 ; 9
20131107011: 1 3 4 ; 8
20131107012: 1 4 6 ; 11
20131107013: 1 3 5 ; 9
20131107014: 3 5 6 ; 14
20131107015: 3 3 6 ; 12
20131107016: 1 2 2 ; 5
20131107017: 2 2 5 ; 9
20131107018: 3 5 6 ; 14
20131107019: 4 5 6 ; 15
20131107020: 1 2 3 ; 6
20131107021: 3 4 5 ; 12
20131107022: 2 5 6 ; 13
20131107023: 2 3 5 ; 10
20131107024: 3 4 6 ; 13
20131107025: 2 4 4 ; 10
20131107026: 1 4 6 ; 11
20131107027: 1 3 5 ; 9
20131107028: 3 4 5 ; 12
20131107029: 2 3 4 ; 9
20131107030: 2 4 5 ; 11
20131107031: 1 4 6 ; 11
20131107032: 1 2 3 ; 6
20131107033: 2 3 4 ; 9
20131107034: 2 3 6 ; 11
20131107035: 2 5 5 ; 12
20131107036: 1 1 6 ; 8
20131107037: 3 6 6 ; 15
20131107038: 3 4 5 ; 12
20131107039: 1 2 2 ; 5
20131107040: 4 5 5 ; 14
20131107041: 2 4 5 ; 11
20131107042: 2 3 6 ; 11
20131107043: 1 1 1 ; 3
20131107044: 1 1 3 ; 5
20131107045: 3 3 5 ; 11
20131107046: 1 3 5 ; 9
20131107047: 4 4 5 ; 13
20131107048: 1 2 4 ; 7
20131107049: 1 1 3 ; 5
20131107050: 3 5 6 ; 14
20131107051: 3 5 6 ; 14
20131107052: 2 3 4 ; 9
20131107053: 1 5 6 ; 12
20131107054: 2 5 6 ; 13
20131107055: 4 4 6 ; 14
20131107056: 2 3 4 ; 9
20131107057: 2 2 5 ; 9
20131107058: 2 4 6 ; 12
20131107059: 1 3 5 ; 9
20131107060: 1 1 3 ; 5
20131107061: 1 1 4 ; 6
20131107062: 3 4 6 ; 13
20131107063: 1 2 3 ; 6
20131107064: 1 4 6 ; 11
20131107065: 1 1 3 ; 5
20131107066: 1 1 5 ; 7
20131107067: 1 3 4 ; 8
20131107068: 3 5 6 ; 14
20131107069: 3 4 5 ; 12
20131107070: 4 5 6 ; 15
20131107071: 1 2 4 ; 7
20131107072: 1 1 2 ; 4
20131107073: 2 3 6 ; 11
20131107074: 1 3 4 ; 8
20131107075: 2 4 6 ; 12
20131107076: 3 5 6 ; 14
20131107077: 4 4 6 ; 14
20131107078: 1 2 3 ; 6
