20131201001: 1 4 4 ; 9
20131201002: 1 4 4 ; 9
20131201003: 1 3 3 ; 7
20131201004: 3 5 6 ; 14
20131201005: 2 3 4 ; 9
20131201006: 4 4 5 ; 13
20131201007: 1 1 6 ; 8
20131201008: 1 3 4 ; 8
20131201009: 3 5 6 ; 14
20131201010: 1 3 6 ; 10
20131201011: 1 3 3 ; 7
20131201012: 1 2 6 ; 9
20131201013: 1 5 5 ; 11
20131201014: 2 3 3 ; 8
20131201015: 1 2 3 ; 6
20131201016: 3 5 6 ; 14
20131201017: 4 5 6 ; 15
20131201018: 1 3 5 ; 9
20131201019: 2 3 6 ; 11
20131201020: 1 1 4 ; 6
20131201021: 4 5 6 ; 15
20131201022: 3 5 6 ; 14
20131201023: 2 3 5 ; 10
20131201024: 1 3 4 ; 8
20131201025: 2 2 5 ; 9
20131201026: 2 2 5 ; 9
20131201027: 1 1 1 ; 3
20131201028: 1 2 3 ; 6
20131201029: 1 5 5 ; 11
20131201030: 1 3 5 ; 9
20131201031: 1 4 6 ; 11
20131201032: 1 1 4 ; 6
20131201033: 4 5 6 ; 15
20131201034: 1 2 4 ; 7
20131201035: 1 4 5 ; 10
20131201036: 1 2 6 ; 9
20131201037: 1 2 5 ; 8
20131201038: 4 5 5 ; 14
20131201039: 5 6 6 ; 17
20131201040: 3 6 6 ; 15
20131201041: 4 5 6 ; 15
20131201042: 4 5 5 ; 14
20131201043: 1 2 4 ; 7
20131201044: 2 3 5 ; 10
20131201045: 1 4 5 ; 10
20131201046: 3 4 6 ; 13
20131201047: 2 2 4 ; 8
20131201048: 4 6 6 ; 16
20131201049: 1 4 5 ; 10
20131201050: 1 4 4 ; 9
20131201051: 1 1 4 ; 6
20131201052: 2 5 6 ; 13
20131201053: 4 5 6 ; 15
20131201054: 1 2 6 ; 9
20131201055: 1 3 6 ; 10
20131201056: 2 5 6 ; 13
20131201057: 5 5 6 ; 16
20131201058: 1 5 6 ; 12
20131201059: 2 3 3 ; 8
20131201060: 2 3 4 ; 9
20131201061: 1 5 6 ; 12
20131201062: 3 5 6 ; 14
20131201063: 4 4 5 ; 13
20131201064: 1 3 4 ; 8
20131201065: 3 5 5 ; 13
20131201066: 3 5 6 ; 14
20131201067: 5 5 6 ; 16
20131201068: 1 3 4 ; 8
20131201069: 3 6 6 ; 15
20131201070: 2 3 3 ; 8
20131201071: 2 3 5 ; 10
20131201072: 2 3 3 ; 8
20131201073: 2 4 4 ; 10
20131201074: 1 2 2 ; 5
20131201075: 2 4 5 ; 11
20131201076: 3 5 6 ; 14
20131201077: 1 1 4 ; 6
20131201078: 2 3 3 ; 8
