20131212001: 4 6 6 ; 16
20131212002: 1 1 2 ; 4
20131212003: 1 2 6 ; 9
20131212004: 2 2 6 ; 10
20131212005: 2 3 6 ; 11
20131212006: 3 4 5 ; 12
20131212007: 2 2 6 ; 10
20131212008: 1 3 4 ; 8
20131212009: 1 1 6 ; 8
20131212010: 3 5 6 ; 14
20131212011: 4 5 5 ; 14
20131212012: 2 2 6 ; 10
20131212013: 1 2 2 ; 5
20131212014: 2 5 6 ; 13
20131212015: 1 3 4 ; 8
20131212016: 1 1 6 ; 8
20131212017: 3 3 4 ; 10
20131212018: 1 2 6 ; 9
20131212019: 1 4 5 ; 10
20131212020: 2 3 4 ; 9
20131212021: 2 4 4 ; 10
20131212022: 4 5 5 ; 14
20131212023: 1 2 4 ; 7
20131212024: 1 4 6 ; 11
20131212025: 1 5 6 ; 12
20131212026: 2 3 5 ; 10
20131212027: 1 3 4 ; 8
20131212028: 1 2 5 ; 8
20131212029: 2 3 5 ; 10
20131212030: 1 3 4 ; 8
20131212031: 2 3 6 ; 11
20131212032: 1 4 6 ; 11
20131212033: 5 6 6 ; 17
20131212034: 2 5 5 ; 12
20131212035: 2 4 6 ; 12
20131212036: 1 2 5 ; 8
20131212037: 1 3 4 ; 8
20131212038: 1 4 6 ; 11
20131212039: 3 5 5 ; 13
20131212040: 1 2 6 ; 9
20131212041: 4 4 5 ; 13
20131212042: 3 5 6 ; 14
20131212043: 4 4 6 ; 14
20131212044: 2 4 6 ; 12
20131212045: 2 5 5 ; 12
20131212046: 2 3 3 ; 8
20131212047: 1 2 2 ; 5
20131212048: 2 5 5 ; 12
20131212049: 1 1 3 ; 5
20131212050: 3 4 4 ; 11
20131212051: 3 4 6 ; 13
20131212052: 1 2 6 ; 9
20131212053: 6 6 6 ; 18
20131212054: 1 6 6 ; 13
20131212055: 3 4 4 ; 11
20131212056: 4 4 5 ; 13
20131212057: 2 3 5 ; 10
20131212058: 1 6 6 ; 13
20131212059: 1 2 5 ; 8
20131212060: 2 5 6 ; 13
20131212061: 3 5 6 ; 14
20131212062: 4 5 6 ; 15
20131212063: 1 3 5 ; 9
20131212064: 2 3 5 ; 10
20131212065: 1 2 2 ; 5
20131212066: 1 4 6 ; 11
20131212067: 4 5 6 ; 15
20131212068: 5 5 6 ; 16
20131212069: 2 5 5 ; 12
20131212070: 3 5 6 ; 14
20131212071: 1 3 6 ; 10
20131212072: 1 1 6 ; 8
20131212073: 5 6 6 ; 17
20131212074: 3 4 6 ; 13
20131212075: 1 1 1 ; 3
20131212076: 2 4 5 ; 11
20131212077: 2 4 5 ; 11
20131212078: 3 4 5 ; 12
