20131106001: 4 4 6 ; 14
20131106002: 1 3 6 ; 10
20131106003: 4 4 4 ; 12
20131106004: 1 5 6 ; 12
20131106005: 1 1 2 ; 4
20131106006: 6 6 6 ; 18
20131106007: 4 4 6 ; 14
20131106008: 4 6 6 ; 16
20131106009: 1 4 6 ; 11
20131106010: 1 3 4 ; 8
20131106011: 4 4 6 ; 14
20131106012: 3 3 4 ; 10
20131106013: 5 6 6 ; 17
20131106014: 1 3 3 ; 7
20131106015: 2 5 6 ; 13
20131106016: 4 6 6 ; 16
20131106017: 1 2 6 ; 9
20131106018: 1 2 5 ; 8
20131106019: 1 3 6 ; 10
20131106020: 2 2 4 ; 8
20131106021: 2 4 5 ; 11
20131106022: 1 4 4 ; 9
20131106023: 2 3 5 ; 10
20131106024: 1 3 5 ; 9
20131106025: 3 4 6 ; 13
20131106026: 4 5 6 ; 15
20131106027: 1 2 6 ; 9
20131106028: 2 5 6 ; 13
20131106029: 3 5 5 ; 13
20131106030: 1 6 6 ; 13
20131106031: 1 1 4 ; 6
20131106032: 1 2 3 ; 6
20131106033: 1 1 5 ; 7
20131106034: 2 4 5 ; 11
20131106035: 1 4 5 ; 10
20131106036: 2 4 4 ; 10
20131106037: 1 6 6 ; 13
20131106038: 2 2 6 ; 10
20131106039: 2 4 6 ; 12
20131106040: 6 6 6 ; 18
20131106041: 4 5 6 ; 15
20131106042: 1 5 5 ; 11
20131106043: 1 5 6 ; 12
20131106044: 1 4 6 ; 11
20131106045: 1 2 3 ; 6
20131106046: 2 3 6 ; 11
20131106047: 3 5 5 ; 13
20131106048: 3 3 4 ; 10
20131106049: 1 3 4 ; 8
20131106050: 4 6 6 ; 16
20131106051: 3 4 4 ; 11
20131106052: 2 5 6 ; 13
20131106053: 2 5 5 ; 12
20131106054: 2 3 6 ; 11
20131106055: 3 4 6 ; 13
20131106056: 1 2 6 ; 9
20131106057: 1 2 3 ; 6
20131106058: 2 3 4 ; 9
20131106059: 4 4 5 ; 13
20131106060: 1 2 4 ; 7
20131106061: 3 3 5 ; 11
20131106062: 2 4 6 ; 12
20131106063: 3 4 6 ; 13
20131106064: 1 4 4 ; 9
20131106065: 4 4 5 ; 13
20131106066: 1 3 4 ; 8
20131106067: 2 5 5 ; 12
20131106068: 4 4 5 ; 13
20131106069: 2 2 6 ; 10
20131106070: 2 3 6 ; 11
20131106071: 3 5 5 ; 13
20131106072: 4 5 5 ; 14
20131106073: 3 3 4 ; 10
20131106074: 2 4 6 ; 12
20131106075: 1 2 6 ; 9
20131106076: 2 3 3 ; 8
20131106077: 2 4 5 ; 11
20131106078: 1 2 3 ; 6
