20130601001: 2 3 4 ; 9
20130601002: 4 4 6 ; 14
20130601003: 2 4 5 ; 11
20130601004: 2 3 5 ; 10
20130601005: 1 5 6 ; 12
20130601006: 1 6 6 ; 13
20130601007: 5 6 6 ; 17
20130601008: 1 5 6 ; 12
20130601009: 4 5 6 ; 15
20130601010: 2 4 4 ; 10
20130601011: 1 1 4 ; 6
20130601012: 2 3 4 ; 9
20130601013: 2 5 6 ; 13
20130601014: 1 2 3 ; 6
20130601015: 1 4 4 ; 9
20130601016: 3 3 4 ; 10
20130601017: 6 6 6 ; 18
20130601018: 1 2 5 ; 8
20130601019: 3 3 5 ; 11
20130601020: 3 3 5 ; 11
20130601021: 2 2 5 ; 9
20130601022: 3 5 6 ; 14
20130601023: 1 1 2 ; 4
20130601024: 2 2 6 ; 10
20130601025: 1 3 6 ; 10
20130601026: 1 2 6 ; 9
20130601027: 2 2 2 ; 6
20130601028: 4 4 6 ; 14
20130601029: 4 4 6 ; 14
20130601030: 3 4 4 ; 11
20130601031: 3 4 5 ; 12
20130601032: 5 5 5 ; 15
20130601033: 2 5 5 ; 12
20130601034: 3 3 3 ; 9
20130601035: 1 2 3 ; 6
20130601036: 1 3 4 ; 8
20130601037: 4 4 6 ; 14
20130601038: 1 3 4 ; 8
20130601039: 1 2 3 ; 6
20130601040: 2 4 5 ; 11
20130601041: 1 2 6 ; 9
20130601042: 2 4 4 ; 10
20130601043: 2 2 5 ; 9
20130601044: 1 5 6 ; 12
20130601045: 3 4 6 ; 13
20130601046: 2 6 6 ; 14
20130601047: 2 3 4 ; 9
20130601048: 2 5 6 ; 13
20130601049: 3 4 4 ; 11
20130601050: 3 5 6 ; 14
20130601051: 1 1 6 ; 8
20130601052: 2 2 6 ; 10
20130601053: 2 3 5 ; 10
20130601054: 4 4 6 ; 14
20130601055: 4 5 6 ; 15
20130601056: 1 1 4 ; 6
20130601057: 2 2 6 ; 10
20130601058: 1 1 3 ; 5
20130601059: 1 2 3 ; 6
20130601060: 1 5 5 ; 11
20130601061: 1 1 5 ; 7
20130601062: 5 5 6 ; 16
20130601063: 2 4 6 ; 12
20130601064: 2 3 4 ; 9
20130601065: 1 4 4 ; 9
20130601066: 3 5 5 ; 13
20130601067: 1 1 3 ; 5
20130601068: 2 6 6 ; 14
20130601069: 6 6 6 ; 18
20130601070: 1 3 5 ; 9
20130601071: 2 3 4 ; 9
20130601072: 2 3 5 ; 10
