20130809001: 3 6 6 ; 15
20130809002: 5 5 6 ; 16
20130809003: 2 5 6 ; 13
20130809004: 3 3 5 ; 11
20130809005: 2 5 5 ; 12
20130809006: 1 4 5 ; 10
20130809007: 1 3 4 ; 8
20130809008: 1 3 5 ; 9
20130809009: 1 2 5 ; 8
20130809010: 2 4 5 ; 11
20130809011: 2 6 6 ; 14
20130809012: 3 5 6 ; 14
20130809013: 3 4 6 ; 13
20130809014: 1 4 6 ; 11
20130809015: 1 2 6 ; 9
20130809016: 1 2 5 ; 8
20130809017: 1 2 2 ; 5
20130809018: 2 3 6 ; 11
20130809019: 5 5 5 ; 15
20130809020: 1 2 6 ; 9
20130809021: 2 3 4 ; 9
20130809022: 2 5 6 ; 13
20130809023: 1 2 6 ; 9
20130809024: 3 3 6 ; 12
20130809025: 3 3 6 ; 12
20130809026: 2 3 6 ; 11
20130809027: 3 6 6 ; 15
20130809028: 2 3 3 ; 8
20130809029: 2 5 6 ; 13
20130809030: 1 2 3 ; 6
20130809031: 2 2 5 ; 9
20130809032: 2 2 5 ; 9
20130809033: 2 4 5 ; 11
20130809034: 2 3 3 ; 8
20130809035: 1 3 6 ; 10
20130809036: 4 6 6 ; 16
20130809037: 2 5 6 ; 13
20130809038: 1 1 6 ; 8
20130809039: 1 4 6 ; 11
20130809040: 2 6 6 ; 14
20130809041: 1 4 6 ; 11
20130809042: 1 4 6 ; 11
20130809043: 1 3 5 ; 9
20130809044: 2 4 4 ; 10
20130809045: 2 5 6 ; 13
20130809046: 1 1 3 ; 5
20130809047: 3 5 6 ; 14
20130809048: 2 5 6 ; 13
20130809049: 3 4 4 ; 11
20130809050: 5 5 6 ; 16
20130809051: 1 5 6 ; 12
20130809052: 2 4 5 ; 11
20130809053: 1 3 3 ; 7
20130809054: 1 4 4 ; 9
20130809055: 1 2 4 ; 7
20130809056: 2 3 5 ; 10
20130809057: 1 5 5 ; 11
20130809058: 3 3 5 ; 11
20130809059: 2 2 3 ; 7
20130809060: 2 3 4 ; 9
20130809061: 2 3 3 ; 8
20130809062: 1 3 3 ; 7
20130809063: 4 6 6 ; 16
20130809064: 1 2 3 ; 6
20130809065: 1 4 6 ; 11
20130809066: 2 3 5 ; 10
20130809067: 4 6 6 ; 16
20130809068: 2 3 6 ; 11
20130809069: 2 3 6 ; 11
20130809070: 4 5 6 ; 15
20130809071: 3 5 5 ; 13
20130809072: 3 4 5 ; 12
20130809073: 2 2 3 ; 7
20130809074: 2 5 6 ; 13
20130809075: 2 3 6 ; 11
20130809076: 5 6 6 ; 17
20130809077: 1 1 2 ; 4
20130809078: 3 6 6 ; 15
