20130621001: 2 6 6 ; 14
20130621002: 4 5 6 ; 15
20130621003: 1 4 5 ; 10
20130621004: 2 3 4 ; 9
20130621005: 1 1 5 ; 7
20130621006: 1 1 2 ; 4
20130621007: 3 5 6 ; 14
20130621008: 1 4 6 ; 11
20130621009: 1 2 5 ; 8
20130621010: 3 5 6 ; 14
20130621011: 5 6 6 ; 17
20130621012: 3 4 6 ; 13
20130621013: 1 2 3 ; 6
20130621014: 1 1 3 ; 5
20130621015: 2 4 6 ; 12
20130621016: 1 1 2 ; 4
20130621017: 1 2 6 ; 9
20130621018: 5 6 6 ; 17
20130621019: 1 3 4 ; 8
20130621020: 3 5 6 ; 14
20130621021: 2 5 6 ; 13
20130621022: 1 5 5 ; 11
20130621023: 2 2 5 ; 9
20130621024: 2 3 6 ; 11
20130621025: 3 6 6 ; 15
20130621026: 2 2 6 ; 10
20130621027: 5 5 6 ; 16
20130621028: 3 4 5 ; 12
20130621029: 2 2 6 ; 10
20130621030: 1 2 2 ; 5
20130621031: 2 2 5 ; 9
20130621032: 1 1 4 ; 6
20130621033: 3 4 5 ; 12
20130621034: 2 4 5 ; 11
20130621035: 1 3 4 ; 8
20130621036: 2 2 5 ; 9
20130621037: 1 2 2 ; 5
20130621038: 3 5 5 ; 13
20130621039: 4 5 6 ; 15
20130621040: 3 3 4 ; 10
20130621041: 2 6 6 ; 14
20130621042: 1 5 6 ; 12
20130621043: 1 6 6 ; 13
20130621044: 2 5 5 ; 12
20130621045: 2 4 4 ; 10
20130621046: 2 2 4 ; 8
20130621047: 3 3 3 ; 9
20130621048: 1 3 6 ; 10
20130621049: 3 3 5 ; 11
20130621050: 2 5 6 ; 13
20130621051: 1 2 2 ; 5
20130621052: 3 4 4 ; 11
20130621053: 1 6 6 ; 13
20130621054: 2 4 6 ; 12
20130621055: 2 4 6 ; 12
20130621056: 1 2 5 ; 8
20130621057: 1 1 5 ; 7
20130621058: 1 3 5 ; 9
20130621059: 1 5 5 ; 11
20130621060: 3 4 6 ; 13
20130621061: 1 2 3 ; 6
20130621062: 2 2 5 ; 9
20130621063: 1 1 2 ; 4
20130621064: 1 1 4 ; 6
20130621065: 2 3 6 ; 11
20130621066: 5 5 6 ; 16
20130621067: 4 4 5 ; 13
20130621068: 1 3 5 ; 9
20130621069: 1 1 4 ; 6
20130621070: 1 3 4 ; 8
20130621071: 1 3 3 ; 7
20130621072: 1 4 6 ; 11
