20130727001: 1 2 5 ; 8
20130727002: 1 2 3 ; 6
20130727003: 3 5 6 ; 14
20130727004: 2 3 6 ; 11
20130727005: 3 5 5 ; 13
20130727006: 2 5 5 ; 12
20130727007: 1 3 4 ; 8
20130727008: 1 2 3 ; 6
20130727009: 1 4 5 ; 10
20130727010: 2 3 4 ; 9
20130727011: 3 4 5 ; 12
20130727012: 1 3 3 ; 7
20130727013: 1 4 6 ; 11
20130727014: 1 2 3 ; 6
20130727015: 1 2 4 ; 7
20130727016: 3 4 6 ; 13
20130727017: 1 1 6 ; 8
20130727018: 2 5 5 ; 12
20130727019: 4 5 5 ; 14
20130727020: 1 2 6 ; 9
20130727021: 2 5 5 ; 12
20130727022: 3 5 5 ; 13
20130727023: 5 6 6 ; 17
20130727024: 2 3 5 ; 10
20130727025: 2 3 3 ; 8
20130727026: 3 3 5 ; 11
20130727027: 2 4 5 ; 11
20130727028: 1 4 6 ; 11
20130727029: 2 5 5 ; 12
20130727030: 1 2 3 ; 6
20130727031: 3 4 5 ; 12
20130727032: 1 2 3 ; 6
20130727033: 5 5 6 ; 16
20130727034: 2 4 5 ; 11
20130727035: 1 2 5 ; 8
20130727036: 3 5 5 ; 13
20130727037: 1 2 3 ; 6
20130727038: 4 5 6 ; 15
20130727039: 2 2 3 ; 7
20130727040: 2 2 3 ; 7
20130727041: 2 3 5 ; 10
20130727042: 1 2 6 ; 9
20130727043: 3 3 3 ; 9
20130727044: 1 2 4 ; 7
20130727045: 1 2 4 ; 7
20130727046: 2 3 5 ; 10
20130727047: 1 2 4 ; 7
20130727048: 1 2 5 ; 8
20130727049: 1 3 5 ; 9
20130727050: 3 4 4 ; 11
20130727051: 1 3 5 ; 9
20130727052: 1 1 3 ; 5
20130727053: 2 3 6 ; 11
20130727054: 2 6 6 ; 14
20130727055: 1 1 2 ; 4
20130727056: 2 3 6 ; 11
20130727057: 2 5 6 ; 13
20130727058: 5 6 6 ; 17
20130727059: 2 3 3 ; 8
20130727060: 4 5 6 ; 15
20130727061: 4 5 5 ; 14
20130727062: 3 4 5 ; 12
20130727063: 1 6 6 ; 13
20130727064: 1 2 2 ; 5
20130727065: 1 3 4 ; 8
20130727066: 3 3 4 ; 10
20130727067: 3 3 4 ; 10
20130727068: 1 1 3 ; 5
20130727069: 2 3 4 ; 9
20130727070: 1 1 3 ; 5
20130727071: 2 3 6 ; 11
20130727072: 2 2 2 ; 6
20130727073: 1 4 5 ; 10
20130727074: 1 5 6 ; 12
20130727075: 5 5 6 ; 16
20130727076: 4 5 5 ; 14
20130727077: 4 5 6 ; 15
20130727078: 1 3 6 ; 10
