20131229001: 1 5 6 ; 12
20131229002: 2 4 4 ; 10
20131229003: 1 3 3 ; 7
20131229004: 2 4 4 ; 10
20131229005: 2 2 4 ; 8
20131229006: 1 2 3 ; 6
20131229007: 4 4 5 ; 13
20131229008: 3 3 4 ; 10
20131229009: 1 6 6 ; 13
20131229010: 1 5 6 ; 12
20131229011: 4 5 5 ; 14
20131229012: 2 3 5 ; 10
20131229013: 1 3 4 ; 8
20131229014: 1 6 6 ; 13
20131229015: 2 4 4 ; 10
20131229016: 3 5 6 ; 14
20131229017: 2 3 5 ; 10
20131229018: 3 6 6 ; 15
20131229019: 3 4 5 ; 12
20131229020: 1 2 4 ; 7
20131229021: 2 3 5 ; 10
20131229022: 1 2 3 ; 6
20131229023: 2 2 3 ; 7
20131229024: 3 3 3 ; 9
20131229025: 2 2 2 ; 6
20131229026: 2 2 6 ; 10
20131229027: 3 5 6 ; 14
20131229028: 2 4 4 ; 10
20131229029: 5 6 6 ; 17
20131229030: 2 2 3 ; 7
20131229031: 4 4 5 ; 13
20131229032: 2 4 6 ; 12
20131229033: 2 5 6 ; 13
20131229034: 1 4 5 ; 10
20131229035: 1 1 5 ; 7
20131229036: 2 4 5 ; 11
20131229037: 2 2 3 ; 7
20131229038: 2 2 6 ; 10
20131229039: 1 2 5 ; 8
20131229040: 3 3 6 ; 12
20131229041: 1 4 6 ; 11
20131229042: 4 4 5 ; 13
20131229043: 1 1 1 ; 3
20131229044: 1 2 6 ; 9
20131229045: 5 6 6 ; 17
20131229046: 1 3 4 ; 8
20131229047: 1 1 6 ; 8
20131229048: 1 4 5 ; 10
20131229049: 3 4 4 ; 11
20131229050: 3 4 5 ; 12
20131229051: 3 3 4 ; 10
20131229052: 2 2 5 ; 9
20131229053: 1 3 5 ; 9
20131229054: 1 6 6 ; 13
20131229055: 2 5 6 ; 13
20131229056: 1 4 5 ; 10
20131229057: 3 3 6 ; 12
20131229058: 1 3 5 ; 9
20131229059: 1 4 5 ; 10
20131229060: 1 4 5 ; 10
20131229061: 1 4 6 ; 11
20131229062: 2 3 6 ; 11
20131229063: 3 5 6 ; 14
20131229064: 1 5 6 ; 12
20131229065: 4 4 6 ; 14
20131229066: 3 4 6 ; 13
20131229067: 1 2 2 ; 5
20131229068: 5 6 6 ; 17
20131229069: 3 3 6 ; 12
20131229070: 3 5 5 ; 13
20131229071: 5 5 6 ; 16
20131229072: 2 4 6 ; 12
20131229073: 3 5 6 ; 14
20131229074: 1 5 6 ; 12
20131229075: 3 3 4 ; 10
20131229076: 3 4 6 ; 13
20131229077: 1 1 3 ; 5
20131229078: 1 2 2 ; 5
