20131224001: 3 4 5 ; 12
20131224002: 3 5 5 ; 13
20131224003: 2 2 6 ; 10
20131224004: 1 2 4 ; 7
20131224005: 1 1 5 ; 7
20131224006: 2 2 5 ; 9
20131224007: 4 5 5 ; 14
20131224008: 3 3 6 ; 12
20131224009: 5 5 5 ; 15
20131224010: 4 6 6 ; 16
20131224011: 1 2 6 ; 9
20131224012: 1 2 2 ; 5
20131224013: 1 6 6 ; 13
20131224014: 2 4 6 ; 12
20131224015: 4 5 6 ; 15
20131224016: 5 5 6 ; 16
20131224017: 1 4 4 ; 9
20131224018: 1 2 2 ; 5
20131224019: 2 4 6 ; 12
20131224020: 1 2 5 ; 8
20131224021: 1 1 4 ; 6
20131224022: 2 3 5 ; 10
20131224023: 4 5 5 ; 14
20131224024: 3 3 4 ; 10
20131224025: 1 2 3 ; 6
20131224026: 2 3 5 ; 10
20131224027: 3 5 6 ; 14
20131224028: 3 3 5 ; 11
20131224029: 2 3 6 ; 11
20131224030: 1 5 5 ; 11
20131224031: 2 3 5 ; 10
20131224032: 1 4 6 ; 11
20131224033: 1 2 6 ; 9
20131224034: 3 4 6 ; 13
20131224035: 4 6 6 ; 16
20131224036: 1 4 5 ; 10
20131224037: 3 6 6 ; 15
20131224038: 2 4 6 ; 12
20131224039: 1 1 6 ; 8
20131224040: 1 6 6 ; 13
20131224041: 3 4 6 ; 13
20131224042: 4 6 6 ; 16
20131224043: 2 3 4 ; 9
20131224044: 1 2 6 ; 9
20131224045: 1 2 4 ; 7
20131224046: 1 6 6 ; 13
20131224047: 1 1 6 ; 8
20131224048: 1 3 5 ; 9
20131224049: 1 3 5 ; 9
20131224050: 1 2 4 ; 7
20131224051: 1 1 6 ; 8
20131224052: 2 3 5 ; 10
20131224053: 1 2 6 ; 9
20131224054: 2 4 6 ; 12
20131224055: 4 5 5 ; 14
20131224056: 1 3 6 ; 10
20131224057: 3 4 5 ; 12
20131224058: 2 3 6 ; 11
20131224059: 3 4 5 ; 12
20131224060: 4 5 5 ; 14
20131224061: 3 5 6 ; 14
20131224062: 3 4 6 ; 13
20131224063: 1 1 1 ; 3
20131224064: 4 4 4 ; 12
20131224065: 4 5 5 ; 14
20131224066: 2 4 5 ; 11
20131224067: 3 4 5 ; 12
20131224068: 1 4 6 ; 11
20131224069: 2 3 6 ; 11
20131224070: 1 2 6 ; 9
20131224071: 6 6 6 ; 18
20131224072: 3 4 4 ; 11
20131224073: 3 4 5 ; 12
20131224074: 1 2 6 ; 9
20131224075: 1 2 5 ; 8
20131224076: 4 5 6 ; 15
20131224077: 3 3 5 ; 11
20131224078: 3 3 5 ; 11
