20130924001: 2 5 6 ; 13
20130924002: 1 2 6 ; 9
20130924003: 2 3 4 ; 9
20130924004: 1 3 3 ; 7
20130924005: 6 6 6 ; 18
20130924006: 2 3 3 ; 8
20130924007: 3 4 5 ; 12
20130924008: 3 4 6 ; 13
20130924009: 1 3 6 ; 10
20130924010: 1 4 5 ; 10
20130924011: 2 3 5 ; 10
20130924012: 3 4 4 ; 11
20130924013: 1 2 3 ; 6
20130924014: 1 2 2 ; 5
20130924015: 2 2 3 ; 7
20130924016: 4 5 5 ; 14
20130924017: 1 3 6 ; 10
20130924018: 1 1 5 ; 7
20130924019: 2 2 5 ; 9
20130924020: 1 3 6 ; 10
20130924021: 5 6 6 ; 17
20130924022: 1 2 3 ; 6
20130924023: 2 3 3 ; 8
20130924024: 2 2 2 ; 6
20130924025: 1 2 6 ; 9
20130924026: 1 2 5 ; 8
20130924027: 4 6 6 ; 16
20130924028: 2 3 6 ; 11
20130924029: 2 3 4 ; 9
20130924030: 1 3 6 ; 10
20130924031: 1 1 6 ; 8
20130924032: 5 5 6 ; 16
20130924033: 1 2 5 ; 8
20130924034: 4 5 6 ; 15
20130924035: 1 1 3 ; 5
20130924036: 1 2 6 ; 9
20130924037: 1 1 4 ; 6
20130924038: 1 2 4 ; 7
20130924039: 2 5 6 ; 13
20130924040: 3 5 6 ; 14
20130924041: 1 3 4 ; 8
20130924042: 1 3 6 ; 10
20130924043: 3 3 4 ; 10
20130924044: 1 1 2 ; 4
20130924045: 2 3 4 ; 9
20130924046: 4 4 6 ; 14
20130924047: 4 6 6 ; 16
20130924048: 2 5 6 ; 13
20130924049: 4 4 5 ; 13
20130924050: 6 6 6 ; 18
20130924051: 3 4 6 ; 13
20130924052: 2 2 5 ; 9
20130924053: 3 4 5 ; 12
20130924054: 1 3 5 ; 9
20130924055: 1 2 4 ; 7
20130924056: 1 4 4 ; 9
20130924057: 2 3 5 ; 10
20130924058: 1 2 3 ; 6
20130924059: 1 5 6 ; 12
20130924060: 2 2 4 ; 8
20130924061: 1 2 4 ; 7
20130924062: 4 5 6 ; 15
20130924063: 3 6 6 ; 15
20130924064: 2 5 6 ; 13
20130924065: 1 2 6 ; 9
20130924066: 1 2 3 ; 6
20130924067: 2 3 6 ; 11
20130924068: 1 4 5 ; 10
20130924069: 2 3 4 ; 9
20130924070: 4 5 6 ; 15
20130924071: 4 5 6 ; 15
20130924072: 3 4 4 ; 11
20130924073: 1 4 6 ; 11
20130924074: 1 5 6 ; 12
20130924075: 2 6 6 ; 14
20130924076: 5 5 5 ; 15
20130924077: 2 4 5 ; 11
20130924078: 1 4 6 ; 11
