20131127001: 4 5 5 ; 14
20131127002: 1 5 5 ; 11
20131127003: 3 3 4 ; 10
20131127004: 2 5 6 ; 13
20131127005: 1 2 4 ; 7
20131127006: 1 3 4 ; 8
20131127007: 1 2 3 ; 6
20131127008: 1 5 6 ; 12
20131127009: 2 2 5 ; 9
20131127010: 5 5 6 ; 16
20131127011: 1 5 5 ; 11
20131127012: 3 3 4 ; 10
20131127013: 1 3 5 ; 9
20131127014: 3 4 6 ; 13
20131127015: 2 4 5 ; 11
20131127016: 1 3 3 ; 7
20131127017: 2 2 5 ; 9
20131127018: 4 4 6 ; 14
20131127019: 1 4 4 ; 9
20131127020: 2 3 5 ; 10
20131127021: 1 4 4 ; 9
20131127022: 3 5 6 ; 14
20131127023: 1 3 3 ; 7
20131127024: 1 3 6 ; 10
20131127025: 1 2 5 ; 8
20131127026: 1 1 3 ; 5
20131127027: 2 3 4 ; 9
20131127028: 2 3 4 ; 9
20131127029: 2 3 5 ; 10
20131127030: 1 1 2 ; 4
20131127031: 2 4 4 ; 10
20131127032: 1 2 3 ; 6
20131127033: 2 2 6 ; 10
20131127034: 2 5 6 ; 13
20131127035: 2 4 6 ; 12
20131127036: 4 6 6 ; 16
20131127037: 2 3 3 ; 8
20131127038: 1 3 5 ; 9
20131127039: 2 3 5 ; 10
20131127040: 1 4 4 ; 9
20131127041: 5 6 6 ; 17
20131127042: 2 3 5 ; 10
20131127043: 3 4 6 ; 13
20131127044: 1 2 6 ; 9
20131127045: 3 3 6 ; 12
20131127046: 2 3 5 ; 10
20131127047: 2 4 6 ; 12
20131127048: 2 4 5 ; 11
20131127049: 2 3 6 ; 11
20131127050: 1 4 5 ; 10
20131127051: 3 4 6 ; 13
20131127052: 2 4 5 ; 11
20131127053: 2 4 5 ; 11
20131127054: 3 4 5 ; 12
20131127055: 1 2 3 ; 6
20131127056: 2 3 6 ; 11
20131127057: 2 6 6 ; 14
20131127058: 4 4 6 ; 14
20131127059: 2 5 6 ; 13
20131127060: 2 2 4 ; 8
20131127061: 2 3 6 ; 11
20131127062: 1 5 5 ; 11
20131127063: 1 1 2 ; 4
20131127064: 1 1 3 ; 5
20131127065: 1 4 4 ; 9
20131127066: 4 4 6 ; 14
20131127067: 1 4 6 ; 11
20131127068: 4 5 6 ; 15
20131127069: 2 3 5 ; 10
20131127070: 4 4 5 ; 13
20131127071: 2 5 6 ; 13
20131127072: 1 3 4 ; 8
20131127073: 2 6 6 ; 14
20131127074: 1 4 5 ; 10
20131127075: 3 5 5 ; 13
20131127076: 1 2 6 ; 9
20131127077: 3 5 6 ; 14
20131127078: 1 3 6 ; 10
