20130726001: 1 2 4 ; 7
20130726002: 2 3 5 ; 10
20130726003: 1 3 6 ; 10
20130726004: 1 6 6 ; 13
20130726005: 2 5 6 ; 13
20130726006: 1 6 6 ; 13
20130726007: 3 4 6 ; 13
20130726008: 2 3 5 ; 10
20130726009: 2 4 6 ; 12
20130726010: 1 1 4 ; 6
20130726011: 1 1 3 ; 5
20130726012: 2 3 4 ; 9
20130726013: 2 3 6 ; 11
20130726014: 1 4 6 ; 11
20130726015: 5 5 6 ; 16
20130726016: 3 5 6 ; 14
20130726017: 4 6 6 ; 16
20130726018: 1 1 2 ; 4
20130726019: 2 3 4 ; 9
20130726020: 1 5 5 ; 11
20130726021: 2 2 3 ; 7
20130726022: 1 3 6 ; 10
20130726023: 2 5 5 ; 12
20130726024: 3 6 6 ; 15
20130726025: 1 4 4 ; 9
20130726026: 1 2 5 ; 8
20130726027: 1 3 5 ; 9
20130726028: 4 4 6 ; 14
20130726029: 1 1 5 ; 7
20130726030: 2 3 5 ; 10
20130726031: 3 4 5 ; 12
20130726032: 3 3 5 ; 11
20130726033: 1 6 6 ; 13
20130726034: 3 5 6 ; 14
20130726035: 1 6 6 ; 13
20130726036: 2 3 4 ; 9
20130726037: 1 1 6 ; 8
20130726038: 1 4 4 ; 9
20130726039: 3 3 6 ; 12
20130726040: 1 4 6 ; 11
20130726041: 3 5 6 ; 14
20130726042: 1 4 5 ; 10
20130726043: 1 2 5 ; 8
20130726044: 2 3 6 ; 11
20130726045: 1 3 3 ; 7
20130726046: 1 3 4 ; 8
20130726047: 5 6 6 ; 17
20130726048: 1 2 5 ; 8
20130726049: 3 6 6 ; 15
20130726050: 2 3 5 ; 10
20130726051: 5 5 5 ; 15
20130726052: 3 6 6 ; 15
20130726053: 3 5 6 ; 14
20130726054: 1 3 4 ; 8
20130726055: 1 2 2 ; 5
20130726056: 1 3 6 ; 10
20130726057: 1 3 3 ; 7
20130726058: 1 3 5 ; 9
20130726059: 3 3 5 ; 11
20130726060: 1 4 6 ; 11
20130726061: 3 4 5 ; 12
20130726062: 1 3 5 ; 9
20130726063: 2 5 6 ; 13
20130726064: 2 5 5 ; 12
20130726065: 2 6 6 ; 14
20130726066: 2 3 4 ; 9
20130726067: 4 5 5 ; 14
20130726068: 1 1 2 ; 4
20130726069: 2 4 6 ; 12
20130726070: 3 4 6 ; 13
20130726071: 6 6 6 ; 18
20130726072: 4 5 5 ; 14
20130726073: 3 6 6 ; 15
20130726074: 2 3 6 ; 11
20130726075: 1 4 5 ; 10
20130726076: 1 1 2 ; 4
20130726077: 2 3 4 ; 9
20130726078: 1 2 5 ; 8
