20130906001: 4 6 6 ; 16
20130906002: 1 4 6 ; 11
20130906003: 3 5 5 ; 13
20130906004: 1 5 5 ; 11
20130906005: 1 4 5 ; 10
20130906006: 4 5 6 ; 15
20130906007: 1 4 6 ; 11
20130906008: 2 6 6 ; 14
20130906009: 3 3 5 ; 11
20130906010: 1 4 5 ; 10
20130906011: 2 2 6 ; 10
20130906012: 2 3 6 ; 11
20130906013: 1 2 5 ; 8
20130906014: 1 2 4 ; 7
20130906015: 4 5 6 ; 15
20130906016: 1 2 6 ; 9
20130906017: 1 3 5 ; 9
20130906018: 1 1 3 ; 5
20130906019: 1 1 5 ; 7
20130906020: 1 4 6 ; 11
20130906021: 2 2 4 ; 8
20130906022: 4 4 5 ; 13
20130906023: 2 4 4 ; 10
20130906024: 2 4 4 ; 10
20130906025: 2 3 4 ; 9
20130906026: 3 4 4 ; 11
20130906027: 2 2 3 ; 7
20130906028: 2 2 3 ; 7
20130906029: 1 2 5 ; 8
20130906030: 1 3 4 ; 8
20130906031: 4 6 6 ; 16
20130906032: 2 3 4 ; 9
20130906033: 3 5 6 ; 14
20130906034: 1 4 5 ; 10
20130906035: 2 3 4 ; 9
20130906036: 2 4 4 ; 10
20130906037: 1 1 2 ; 4
20130906038: 1 1 5 ; 7
20130906039: 4 4 6 ; 14
20130906040: 3 6 6 ; 15
20130906041: 1 5 6 ; 12
20130906042: 1 2 4 ; 7
20130906043: 3 4 5 ; 12
20130906044: 3 4 5 ; 12
20130906045: 2 4 5 ; 11
20130906046: 1 2 3 ; 6
20130906047: 2 3 6 ; 11
20130906048: 3 5 5 ; 13
20130906049: 3 4 6 ; 13
20130906050: 1 2 4 ; 7
20130906051: 1 3 4 ; 8
20130906052: 1 1 3 ; 5
20130906053: 1 3 6 ; 10
20130906054: 1 6 6 ; 13
20130906055: 5 5 6 ; 16
20130906056: 2 2 5 ; 9
20130906057: 1 2 4 ; 7
20130906058: 1 4 6 ; 11
20130906059: 4 6 6 ; 16
20130906060: 3 4 6 ; 13
20130906061: 3 4 5 ; 12
20130906062: 1 4 6 ; 11
20130906063: 3 5 6 ; 14
20130906064: 1 2 4 ; 7
20130906065: 2 3 5 ; 10
20130906066: 3 4 6 ; 13
20130906067: 1 4 5 ; 10
20130906068: 2 6 6 ; 14
20130906069: 1 5 5 ; 11
20130906070: 5 5 6 ; 16
20130906071: 6 6 6 ; 18
20130906072: 2 5 6 ; 13
20130906073: 2 3 5 ; 10
20130906074: 2 2 3 ; 7
20130906075: 1 1 3 ; 5
20130906076: 2 4 6 ; 12
20130906077: 2 5 6 ; 13
20130906078: 1 3 6 ; 10
