20130826001: 3 5 5 ; 13
20130826002: 1 6 6 ; 13
20130826003: 1 1 3 ; 5
20130826004: 1 1 6 ; 8
20130826005: 2 2 3 ; 7
20130826006: 1 3 6 ; 10
20130826007: 1 2 4 ; 7
20130826008: 2 2 6 ; 10
20130826009: 2 3 6 ; 11
20130826010: 2 3 6 ; 11
20130826011: 1 1 5 ; 7
20130826012: 1 2 5 ; 8
20130826013: 4 5 6 ; 15
20130826014: 2 2 3 ; 7
20130826015: 2 2 6 ; 10
20130826016: 4 5 6 ; 15
20130826017: 2 3 4 ; 9
20130826018: 4 5 6 ; 15
20130826019: 1 4 6 ; 11
20130826020: 1 3 5 ; 9
20130826021: 4 4 6 ; 14
20130826022: 3 4 6 ; 13
20130826023: 5 5 6 ; 16
20130826024: 1 3 5 ; 9
20130826025: 1 2 4 ; 7
20130826026: 2 3 5 ; 10
20130826027: 2 4 6 ; 12
20130826028: 1 6 6 ; 13
20130826029: 1 1 6 ; 8
20130826030: 3 4 5 ; 12
20130826031: 2 3 5 ; 10
20130826032: 4 5 6 ; 15
20130826033: 4 4 6 ; 14
20130826034: 2 5 6 ; 13
20130826035: 1 2 3 ; 6
20130826036: 1 1 3 ; 5
20130826037: 4 5 5 ; 14
20130826038: 1 3 5 ; 9
20130826039: 2 5 6 ; 13
20130826040: 1 1 2 ; 4
20130826041: 1 2 3 ; 6
20130826042: 1 2 3 ; 6
20130826043: 1 3 3 ; 7
20130826044: 3 6 6 ; 15
20130826045: 2 5 6 ; 13
20130826046: 1 2 4 ; 7
20130826047: 1 2 5 ; 8
20130826048: 1 1 6 ; 8
20130826049: 2 2 6 ; 10
20130826050: 4 4 4 ; 12
20130826051: 3 4 5 ; 12
20130826052: 2 6 6 ; 14
20130826053: 3 4 6 ; 13
20130826054: 1 2 4 ; 7
20130826055: 5 6 6 ; 17
20130826056: 3 3 4 ; 10
20130826057: 3 3 6 ; 12
20130826058: 4 5 6 ; 15
20130826059: 2 4 5 ; 11
20130826060: 1 1 6 ; 8
20130826061: 3 4 4 ; 11
20130826062: 3 3 4 ; 10
20130826063: 2 2 3 ; 7
20130826064: 1 5 6 ; 12
20130826065: 3 5 6 ; 14
20130826066: 3 3 3 ; 9
20130826067: 1 3 3 ; 7
20130826068: 3 4 5 ; 12
20130826069: 2 3 4 ; 9
20130826070: 2 3 4 ; 9
20130826071: 2 5 6 ; 13
20130826072: 2 2 2 ; 6
20130826073: 2 2 3 ; 7
20130826074: 1 1 2 ; 4
20130826075: 2 3 3 ; 8
20130826076: 6 6 6 ; 18
20130826077: 3 4 5 ; 12
20130826078: 3 4 5 ; 12
