20130612001: 1 3 3 ; 7
20130612002: 4 5 6 ; 15
20130612003: 1 4 6 ; 11
20130612004: 5 5 6 ; 16
20130612005: 1 5 5 ; 11
20130612006: 2 2 4 ; 8
20130612007: 1 3 5 ; 9
20130612008: 2 4 6 ; 12
20130612009: 2 4 4 ; 10
20130612010: 1 5 5 ; 11
20130612011: 2 4 6 ; 12
20130612012: 2 5 6 ; 13
20130612013: 1 1 2 ; 4
20130612014: 2 2 5 ; 9
20130612015: 1 5 6 ; 12
20130612016: 4 6 6 ; 16
20130612017: 1 1 5 ; 7
20130612018: 1 1 3 ; 5
20130612019: 1 5 6 ; 12
20130612020: 2 4 4 ; 10
20130612021: 1 1 3 ; 5
20130612022: 5 6 6 ; 17
20130612023: 2 3 6 ; 11
20130612024: 1 1 5 ; 7
20130612025: 4 6 6 ; 16
20130612026: 3 6 6 ; 15
20130612027: 1 2 6 ; 9
20130612028: 5 5 6 ; 16
20130612029: 2 5 6 ; 13
20130612030: 2 5 6 ; 13
20130612031: 1 2 3 ; 6
20130612032: 1 2 3 ; 6
20130612033: 1 3 5 ; 9
20130612034: 2 3 3 ; 8
20130612035: 1 3 4 ; 8
20130612036: 3 3 3 ; 9
20130612037: 2 4 4 ; 10
20130612038: 3 4 6 ; 13
20130612039: 2 4 5 ; 11
20130612040: 1 5 6 ; 12
20130612041: 1 1 4 ; 6
20130612042: 1 5 5 ; 11
20130612043: 1 3 5 ; 9
20130612044: 1 1 2 ; 4
20130612045: 1 3 6 ; 10
20130612046: 3 5 6 ; 14
20130612047: 2 5 6 ; 13
20130612048: 1 3 4 ; 8
20130612049: 1 6 6 ; 13
20130612050: 2 3 5 ; 10
20130612051: 1 3 5 ; 9
20130612052: 2 2 4 ; 8
20130612053: 1 2 4 ; 7
20130612054: 4 5 6 ; 15
20130612055: 1 2 4 ; 7
20130612056: 2 2 5 ; 9
20130612057: 3 4 5 ; 12
20130612058: 2 3 4 ; 9
20130612059: 1 3 5 ; 9
20130612060: 2 5 6 ; 13
20130612061: 1 1 2 ; 4
20130612062: 1 2 6 ; 9
20130612063: 3 3 4 ; 10
20130612064: 1 5 6 ; 12
20130612065: 1 2 4 ; 7
20130612066: 2 4 5 ; 11
20130612067: 1 1 4 ; 6
20130612068: 1 2 6 ; 9
20130612069: 1 5 6 ; 12
20130612070: 1 1 6 ; 8
20130612071: 2 3 4 ; 9
20130612072: 1 1 2 ; 4
