20131016001: 2 3 4 ; 9
20131016002: 5 5 6 ; 16
20131016003: 2 2 6 ; 10
20131016004: 4 5 6 ; 15
20131016005: 4 5 6 ; 15
20131016006: 2 5 5 ; 12
20131016007: 3 4 6 ; 13
20131016008: 2 4 4 ; 10
20131016009: 1 3 5 ; 9
20131016010: 2 4 4 ; 10
20131016011: 1 4 6 ; 11
20131016012: 6 6 6 ; 18
20131016013: 3 3 5 ; 11
20131016014: 2 6 6 ; 14
20131016015: 3 3 5 ; 11
20131016016: 3 4 5 ; 12
20131016017: 2 4 6 ; 12
20131016018: 4 5 6 ; 15
20131016019: 3 5 6 ; 14
20131016020: 1 1 4 ; 6
20131016021: 1 5 5 ; 11
20131016022: 1 3 5 ; 9
20131016023: 4 4 5 ; 13
20131016024: 4 4 6 ; 14
20131016025: 3 5 6 ; 14
20131016026: 3 5 5 ; 13
20131016027: 4 5 5 ; 14
20131016028: 1 2 2 ; 5
20131016029: 1 1 5 ; 7
20131016030: 3 4 6 ; 13
20131016031: 4 6 6 ; 16
20131016032: 1 5 6 ; 12
20131016033: 3 4 4 ; 11
20131016034: 1 2 4 ; 7
20131016035: 1 4 4 ; 9
20131016036: 2 3 3 ; 8
20131016037: 1 5 6 ; 12
20131016038: 3 5 6 ; 14
20131016039: 2 5 6 ; 13
20131016040: 1 1 3 ; 5
20131016041: 1 4 6 ; 11
20131016042: 3 4 6 ; 13
20131016043: 4 5 6 ; 15
20131016044: 1 2 3 ; 6
20131016045: 4 5 6 ; 15
20131016046: 1 1 4 ; 6
20131016047: 3 3 3 ; 9
20131016048: 1 2 4 ; 7
20131016049: 1 5 6 ; 12
20131016050: 2 3 5 ; 10
20131016051: 3 4 6 ; 13
20131016052: 1 3 6 ; 10
20131016053: 5 5 5 ; 15
20131016054: 1 4 5 ; 10
20131016055: 1 2 5 ; 8
20131016056: 2 3 3 ; 8
20131016057: 3 5 6 ; 14
20131016058: 1 2 6 ; 9
20131016059: 4 4 6 ; 14
20131016060: 2 3 4 ; 9
20131016061: 3 4 4 ; 11
20131016062: 4 5 5 ; 14
20131016063: 1 2 6 ; 9
20131016064: 3 4 6 ; 13
20131016065: 1 1 1 ; 3
20131016066: 2 4 5 ; 11
20131016067: 2 4 6 ; 12
20131016068: 1 3 5 ; 9
20131016069: 2 2 3 ; 7
20131016070: 3 4 6 ; 13
20131016071: 3 6 6 ; 15
20131016072: 1 2 2 ; 5
20131016073: 2 4 5 ; 11
20131016074: 2 4 4 ; 10
20131016075: 5 6 6 ; 17
20131016076: 1 6 6 ; 13
20131016077: 3 5 5 ; 13
20131016078: 3 4 5 ; 12
