20130926001: 1 3 5 ; 9
20130926002: 1 5 5 ; 11
20130926003: 2 2 3 ; 7
20130926004: 1 2 3 ; 6
20130926005: 3 4 5 ; 12
20130926006: 5 5 6 ; 16
20130926007: 5 6 6 ; 17
20130926008: 2 5 6 ; 13
20130926009: 3 3 3 ; 9
20130926010: 1 3 5 ; 9
20130926011: 2 5 6 ; 13
20130926012: 1 1 6 ; 8
20130926013: 1 1 6 ; 8
20130926014: 1 1 6 ; 8
20130926015: 1 2 2 ; 5
20130926016: 4 5 6 ; 15
20130926017: 3 5 6 ; 14
20130926018: 1 4 4 ; 9
20130926019: 3 3 6 ; 12
20130926020: 2 3 3 ; 8
20130926021: 1 4 5 ; 10
20130926022: 1 1 4 ; 6
20130926023: 2 5 6 ; 13
20130926024: 2 4 6 ; 12
20130926025: 2 5 5 ; 12
20130926026: 4 4 4 ; 12
20130926027: 1 1 3 ; 5
20130926028: 2 5 5 ; 12
20130926029: 4 4 5 ; 13
20130926030: 3 5 6 ; 14
20130926031: 2 5 6 ; 13
20130926032: 2 2 2 ; 6
20130926033: 4 5 6 ; 15
20130926034: 2 5 5 ; 12
20130926035: 2 5 5 ; 12
20130926036: 1 4 5 ; 10
20130926037: 1 2 3 ; 6
20130926038: 1 3 6 ; 10
20130926039: 2 3 5 ; 10
20130926040: 4 6 6 ; 16
20130926041: 1 2 4 ; 7
20130926042: 2 5 6 ; 13
20130926043: 1 3 6 ; 10
20130926044: 4 5 5 ; 14
20130926045: 1 3 6 ; 10
20130926046: 4 5 5 ; 14
20130926047: 1 3 4 ; 8
20130926048: 1 3 6 ; 10
20130926049: 1 4 6 ; 11
20130926050: 1 1 4 ; 6
20130926051: 1 2 4 ; 7
20130926052: 1 2 6 ; 9
20130926053: 1 4 6 ; 11
20130926054: 1 4 5 ; 10
20130926055: 2 2 5 ; 9
20130926056: 2 5 5 ; 12
20130926057: 2 2 4 ; 8
20130926058: 2 2 5 ; 9
20130926059: 3 5 5 ; 13
20130926060: 3 4 5 ; 12
20130926061: 4 4 5 ; 13
20130926062: 2 4 5 ; 11
20130926063: 3 5 6 ; 14
20130926064: 1 1 5 ; 7
20130926065: 4 6 6 ; 16
20130926066: 1 2 4 ; 7
20130926067: 1 1 3 ; 5
20130926068: 6 6 6 ; 18
20130926069: 1 4 6 ; 11
20130926070: 1 3 5 ; 9
20130926071: 1 1 2 ; 4
20130926072: 1 3 6 ; 10
20130926073: 2 3 5 ; 10
20130926074: 2 5 5 ; 12
20130926075: 3 3 6 ; 12
20130926076: 1 1 5 ; 7
20130926077: 2 4 4 ; 10
20130926078: 1 2 5 ; 8
