20131231001: 3 4 4 ; 11
20131231002: 2 3 6 ; 11
20131231003: 2 5 6 ; 13
20131231004: 2 5 6 ; 13
20131231005: 2 3 5 ; 10
20131231006: 2 5 6 ; 13
20131231007: 2 4 5 ; 11
20131231008: 2 2 5 ; 9
20131231009: 1 2 3 ; 6
20131231010: 1 1 2 ; 4
20131231011: 2 3 6 ; 11
20131231012: 2 4 5 ; 11
20131231013: 3 4 6 ; 13
20131231014: 1 2 6 ; 9
20131231015: 2 4 6 ; 12
20131231016: 4 4 5 ; 13
20131231017: 2 2 6 ; 10
20131231018: 1 4 4 ; 9
20131231019: 1 3 6 ; 10
20131231020: 1 4 5 ; 10
20131231021: 2 3 6 ; 11
20131231022: 2 4 5 ; 11
20131231023: 2 2 6 ; 10
20131231024: 2 6 6 ; 14
20131231025: 2 5 6 ; 13
20131231026: 2 4 5 ; 11
20131231027: 2 2 5 ; 9
20131231028: 1 1 3 ; 5
20131231029: 2 3 4 ; 9
20131231030: 2 5 6 ; 13
20131231031: 2 4 5 ; 11
20131231032: 1 3 5 ; 9
20131231033: 5 5 6 ; 16
20131231034: 1 4 5 ; 10
20131231035: 1 2 4 ; 7
20131231036: 1 2 6 ; 9
20131231037: 1 1 2 ; 4
20131231038: 1 3 6 ; 10
20131231039: 1 1 2 ; 4
20131231040: 1 3 4 ; 8
20131231041: 2 2 4 ; 8
20131231042: 4 4 5 ; 13
20131231043: 2 4 5 ; 11
20131231044: 4 4 6 ; 14
20131231045: 1 3 5 ; 9
20131231046: 4 4 6 ; 14
20131231047: 1 2 2 ; 5
20131231048: 2 6 6 ; 14
20131231049: 2 4 4 ; 10
20131231050: 3 4 6 ; 13
20131231051: 1 5 5 ; 11
20131231052: 2 2 3 ; 7
20131231053: 3 3 5 ; 11
20131231054: 1 2 6 ; 9
20131231055: 1 4 6 ; 11
20131231056: 1 1 4 ; 6
20131231057: 1 6 6 ; 13
20131231058: 3 4 6 ; 13
20131231059: 2 4 6 ; 12
20131231060: 4 4 5 ; 13
20131231061: 2 4 6 ; 12
20131231062: 2 5 6 ; 13
20131231063: 2 3 5 ; 10
20131231064: 2 2 4 ; 8
20131231065: 3 4 6 ; 13
20131231066: 1 4 5 ; 10
20131231067: 1 2 6 ; 9
20131231068: 1 6 6 ; 13
20131231069: 1 5 5 ; 11
20131231070: 1 6 6 ; 13
20131231071: 2 5 6 ; 13
20131231072: 2 2 4 ; 8
20131231073: 1 5 5 ; 11
20131231074: 3 4 5 ; 12
20131231075: 1 4 6 ; 11
20131231076: 2 4 6 ; 12
20131231077: 2 3 4 ; 9
20131231078: 2 2 2 ; 6
