20130813001: 2 5 5 ; 12
20130813002: 2 3 3 ; 8
20130813003: 1 1 4 ; 6
20130813004: 3 5 5 ; 13
20130813005: 4 4 6 ; 14
20130813006: 1 1 5 ; 7
20130813007: 2 4 5 ; 11
20130813008: 3 4 6 ; 13
20130813009: 1 2 3 ; 6
20130813010: 1 1 3 ; 5
20130813011: 1 4 6 ; 11
20130813012: 2 5 5 ; 12
20130813013: 1 2 4 ; 7
20130813014: 3 3 4 ; 10
20130813015: 2 2 3 ; 7
20130813016: 1 2 2 ; 5
20130813017: 4 6 6 ; 16
20130813018: 2 5 6 ; 13
20130813019: 2 6 6 ; 14
20130813020: 1 3 5 ; 9
20130813021: 1 1 4 ; 6
20130813022: 4 5 5 ; 14
20130813023: 4 4 5 ; 13
20130813024: 1 2 4 ; 7
20130813025: 2 3 3 ; 8
20130813026: 3 6 6 ; 15
20130813027: 2 4 4 ; 10
20130813028: 2 2 4 ; 8
20130813029: 4 5 6 ; 15
20130813030: 1 3 4 ; 8
20130813031: 4 4 6 ; 14
20130813032: 3 5 5 ; 13
20130813033: 1 1 2 ; 4
20130813034: 4 4 6 ; 14
20130813035: 1 2 6 ; 9
20130813036: 4 6 6 ; 16
20130813037: 1 2 5 ; 8
20130813038: 4 5 6 ; 15
20130813039: 1 4 6 ; 11
20130813040: 4 5 5 ; 14
20130813041: 4 5 6 ; 15
20130813042: 4 6 6 ; 16
20130813043: 3 5 5 ; 13
20130813044: 1 2 3 ; 6
20130813045: 1 5 6 ; 12
20130813046: 4 6 6 ; 16
20130813047: 4 5 6 ; 15
20130813048: 1 1 1 ; 3
20130813049: 4 5 6 ; 15
20130813050: 1 1 3 ; 5
20130813051: 3 5 6 ; 14
20130813052: 1 6 6 ; 13
20130813053: 3 5 6 ; 14
20130813054: 3 3 5 ; 11
20130813055: 1 3 5 ; 9
20130813056: 1 2 6 ; 9
20130813057: 1 2 5 ; 8
20130813058: 2 6 6 ; 14
20130813059: 1 2 6 ; 9
20130813060: 2 2 6 ; 10
20130813061: 1 3 5 ; 9
20130813062: 3 5 6 ; 14
20130813063: 2 4 4 ; 10
20130813064: 3 4 6 ; 13
20130813065: 2 4 4 ; 10
20130813066: 4 4 5 ; 13
20130813067: 1 3 3 ; 7
20130813068: 2 4 6 ; 12
20130813069: 2 3 4 ; 9
20130813070: 1 4 6 ; 11
20130813071: 2 3 5 ; 10
20130813072: 1 3 5 ; 9
20130813073: 3 4 4 ; 11
20130813074: 2 5 6 ; 13
20130813075: 2 3 4 ; 9
20130813076: 3 3 5 ; 11
20130813077: 4 5 5 ; 14
20130813078: 1 1 3 ; 5
