20130723001: 1 4 5 ; 10
20130723002: 1 3 4 ; 8
20130723003: 2 2 4 ; 8
20130723004: 1 5 6 ; 12
20130723005: 1 1 1 ; 3
20130723006: 4 4 6 ; 14
20130723007: 2 2 2 ; 6
20130723008: 1 3 3 ; 7
20130723009: 3 4 6 ; 13
20130723010: 2 3 5 ; 10
20130723011: 1 5 5 ; 11
20130723012: 1 2 6 ; 9
20130723013: 1 3 6 ; 10
20130723014: 2 2 4 ; 8
20130723015: 1 3 5 ; 9
20130723016: 2 5 6 ; 13
20130723017: 1 2 4 ; 7
20130723018: 2 2 4 ; 8
20130723019: 1 3 3 ; 7
20130723020: 2 3 5 ; 10
20130723021: 1 3 5 ; 9
20130723022: 2 3 4 ; 9
20130723023: 1 2 2 ; 5
20130723024: 1 4 6 ; 11
20130723025: 1 1 3 ; 5
20130723026: 2 4 4 ; 10
20130723027: 4 5 5 ; 14
20130723028: 2 6 6 ; 14
20130723029: 1 5 6 ; 12
20130723030: 3 3 4 ; 10
20130723031: 3 3 4 ; 10
20130723032: 1 4 5 ; 10
20130723033: 4 5 6 ; 15
20130723034: 2 5 6 ; 13
20130723035: 1 1 6 ; 8
20130723036: 1 3 3 ; 7
20130723037: 1 3 6 ; 10
20130723038: 2 3 4 ; 9
20130723039: 2 5 6 ; 13
20130723040: 1 3 6 ; 10
20130723041: 2 5 6 ; 13
20130723042: 1 3 5 ; 9
20130723043: 2 5 5 ; 12
20130723044: 1 6 6 ; 13
20130723045: 2 3 3 ; 8
20130723046: 2 3 4 ; 9
20130723047: 1 2 6 ; 9
20130723048: 3 3 5 ; 11
20130723049: 4 5 6 ; 15
20130723050: 1 2 2 ; 5
20130723051: 3 4 6 ; 13
20130723052: 1 1 2 ; 4
20130723053: 1 2 3 ; 6
20130723054: 1 3 5 ; 9
20130723055: 3 3 6 ; 12
20130723056: 2 3 4 ; 9
20130723057: 3 4 4 ; 11
20130723058: 2 5 6 ; 13
20130723059: 3 3 5 ; 11
20130723060: 1 3 5 ; 9
20130723061: 1 6 6 ; 13
20130723062: 2 5 5 ; 12
20130723063: 2 3 3 ; 8
20130723064: 2 4 5 ; 11
20130723065: 2 5 6 ; 13
20130723066: 1 2 3 ; 6
20130723067: 3 4 4 ; 11
20130723068: 3 4 5 ; 12
20130723069: 2 3 6 ; 11
20130723070: 1 5 6 ; 12
20130723071: 1 3 6 ; 10
20130723072: 2 3 4 ; 9
20130723073: 1 3 5 ; 9
20130723074: 1 5 6 ; 12
20130723075: 3 4 5 ; 12
20130723076: 1 5 5 ; 11
20130723077: 3 4 5 ; 12
20130723078: 1 3 3 ; 7
