20130623001: 1 2 5 ; 8
20130623002: 1 4 4 ; 9
20130623003: 1 4 4 ; 9
20130623004: 2 5 6 ; 13
20130623005: 1 3 4 ; 8
20130623006: 1 5 6 ; 12
20130623007: 4 6 6 ; 16
20130623008: 2 4 4 ; 10
20130623009: 1 3 6 ; 10
20130623010: 4 4 6 ; 14
20130623011: 5 5 5 ; 15
20130623012: 1 1 3 ; 5
20130623013: 1 2 3 ; 6
20130623014: 4 5 5 ; 14
20130623015: 1 2 2 ; 5
20130623016: 4 5 6 ; 15
20130623017: 2 3 5 ; 10
20130623018: 2 6 6 ; 14
20130623019: 3 5 6 ; 14
20130623020: 1 3 5 ; 9
20130623021: 1 5 6 ; 12
20130623022: 2 3 4 ; 9
20130623023: 4 6 6 ; 16
20130623024: 3 3 5 ; 11
20130623025: 2 6 6 ; 14
20130623026: 3 3 4 ; 10
20130623027: 1 2 5 ; 8
20130623028: 1 1 4 ; 6
20130623029: 4 6 6 ; 16
20130623030: 1 3 3 ; 7
20130623031: 1 2 5 ; 8
20130623032: 3 6 6 ; 15
20130623033: 1 2 6 ; 9
20130623034: 1 4 5 ; 10
20130623035: 2 3 4 ; 9
20130623036: 3 4 5 ; 12
20130623037: 2 3 6 ; 11
20130623038: 2 3 6 ; 11
20130623039: 4 4 5 ; 13
20130623040: 1 1 5 ; 7
20130623041: 2 3 3 ; 8
20130623042: 3 6 6 ; 15
20130623043: 4 5 5 ; 14
20130623044: 4 6 6 ; 16
20130623045: 1 4 4 ; 9
20130623046: 2 2 3 ; 7
20130623047: 2 3 6 ; 11
20130623048: 1 4 5 ; 10
20130623049: 1 1 3 ; 5
20130623050: 2 4 6 ; 12
20130623051: 1 3 4 ; 8
20130623052: 1 4 4 ; 9
20130623053: 2 5 5 ; 12
20130623054: 4 4 4 ; 12
20130623055: 3 5 6 ; 14
20130623056: 2 5 5 ; 12
20130623057: 1 4 5 ; 10
20130623058: 1 2 3 ; 6
20130623059: 2 3 6 ; 11
20130623060: 2 3 5 ; 10
20130623061: 1 2 4 ; 7
20130623062: 1 2 3 ; 6
20130623063: 1 5 6 ; 12
20130623064: 2 2 2 ; 6
20130623065: 1 2 4 ; 7
20130623066: 3 5 5 ; 13
20130623067: 4 4 5 ; 13
20130623068: 1 4 4 ; 9
20130623069: 2 3 4 ; 9
20130623070: 2 6 6 ; 14
20130623071: 2 3 6 ; 11
20130623072: 1 4 5 ; 10
