20130815001: 1 1 5 ; 7
20130815002: 1 1 6 ; 8
20130815003: 1 5 5 ; 11
20130815004: 2 3 3 ; 8
20130815005: 2 3 6 ; 11
20130815006: 2 4 4 ; 10
20130815007: 3 4 5 ; 12
20130815008: 3 4 5 ; 12
20130815009: 1 5 5 ; 11
20130815010: 2 2 3 ; 7
20130815011: 2 5 5 ; 12
20130815012: 1 3 4 ; 8
20130815013: 1 3 4 ; 8
20130815014: 3 4 6 ; 13
20130815015: 1 2 3 ; 6
20130815016: 6 6 6 ; 18
20130815017: 3 6 6 ; 15
20130815018: 5 5 5 ; 15
20130815019: 3 5 6 ; 14
20130815020: 3 3 4 ; 10
20130815021: 1 2 5 ; 8
20130815022: 2 3 4 ; 9
20130815023: 2 3 6 ; 11
20130815024: 3 5 6 ; 14
20130815025: 2 2 4 ; 8
20130815026: 4 6 6 ; 16
20130815027: 5 5 6 ; 16
20130815028: 2 2 5 ; 9
20130815029: 2 4 6 ; 12
20130815030: 1 4 6 ; 11
20130815031: 3 4 6 ; 13
20130815032: 3 5 6 ; 14
20130815033: 2 2 6 ; 10
20130815034: 1 3 4 ; 8
20130815035: 2 6 6 ; 14
20130815036: 2 4 6 ; 12
20130815037: 2 3 6 ; 11
20130815038: 3 3 6 ; 12
20130815039: 2 3 6 ; 11
20130815040: 2 3 4 ; 9
20130815041: 4 5 6 ; 15
20130815042: 4 5 6 ; 15
20130815043: 1 4 6 ; 11
20130815044: 5 5 6 ; 16
20130815045: 1 3 4 ; 8
20130815046: 5 6 6 ; 17
20130815047: 2 2 4 ; 8
20130815048: 1 2 6 ; 9
20130815049: 1 4 5 ; 10
20130815050: 3 3 5 ; 11
20130815051: 1 4 5 ; 10
20130815052: 1 1 4 ; 6
20130815053: 2 3 3 ; 8
20130815054: 1 1 6 ; 8
20130815055: 1 2 5 ; 8
20130815056: 1 2 3 ; 6
20130815057: 1 1 3 ; 5
20130815058: 1 2 4 ; 7
20130815059: 2 3 5 ; 10
20130815060: 1 3 6 ; 10
20130815061: 2 5 5 ; 12
20130815062: 1 4 5 ; 10
20130815063: 5 6 6 ; 17
20130815064: 4 4 5 ; 13
20130815065: 6 6 6 ; 18
20130815066: 3 3 6 ; 12
20130815067: 1 4 5 ; 10
20130815068: 2 3 3 ; 8
20130815069: 1 3 4 ; 8
20130815070: 1 4 6 ; 11
20130815071: 2 4 5 ; 11
20130815072: 3 5 6 ; 14
20130815073: 1 4 6 ; 11
20130815074: 5 6 6 ; 17
20130815075: 2 4 5 ; 11
20130815076: 1 1 6 ; 8
20130815077: 3 5 5 ; 13
20130815078: 2 2 4 ; 8
