20130905001: 2 4 4 ; 10
20130905002: 2 4 6 ; 12
20130905003: 2 2 2 ; 6
20130905004: 2 4 5 ; 11
20130905005: 3 4 4 ; 11
20130905006: 2 2 6 ; 10
20130905007: 2 2 3 ; 7
20130905008: 2 6 6 ; 14
20130905009: 3 3 5 ; 11
20130905010: 3 5 5 ; 13
20130905011: 2 4 4 ; 10
20130905012: 2 3 5 ; 10
20130905013: 1 4 5 ; 10
20130905014: 1 3 6 ; 10
20130905015: 1 5 6 ; 12
20130905016: 4 5 6 ; 15
20130905017: 1 1 5 ; 7
20130905018: 4 5 5 ; 14
20130905019: 4 4 6 ; 14
20130905020: 1 2 4 ; 7
20130905021: 5 6 6 ; 17
20130905022: 1 4 5 ; 10
20130905023: 2 4 5 ; 11
20130905024: 3 4 6 ; 13
20130905025: 1 6 6 ; 13
20130905026: 1 4 6 ; 11
20130905027: 2 4 5 ; 11
20130905028: 1 3 5 ; 9
20130905029: 1 3 4 ; 8
20130905030: 3 4 5 ; 12
20130905031: 1 4 5 ; 10
20130905032: 1 5 6 ; 12
20130905033: 1 5 5 ; 11
20130905034: 2 2 6 ; 10
20130905035: 3 3 6 ; 12
20130905036: 2 2 3 ; 7
20130905037: 2 4 5 ; 11
20130905038: 1 3 6 ; 10
20130905039: 1 4 5 ; 10
20130905040: 2 4 4 ; 10
20130905041: 1 6 6 ; 13
20130905042: 2 4 5 ; 11
20130905043: 1 6 6 ; 13
20130905044: 2 3 6 ; 11
20130905045: 1 3 4 ; 8
20130905046: 1 4 6 ; 11
20130905047: 1 2 5 ; 8
20130905048: 3 3 4 ; 10
20130905049: 3 3 4 ; 10
20130905050: 2 3 5 ; 10
20130905051: 2 2 4 ; 8
20130905052: 6 6 6 ; 18
20130905053: 2 3 3 ; 8
20130905054: 1 4 6 ; 11
20130905055: 2 5 6 ; 13
20130905056: 2 3 3 ; 8
20130905057: 1 1 5 ; 7
20130905058: 3 4 4 ; 11
20130905059: 1 4 4 ; 9
20130905060: 1 2 6 ; 9
20130905061: 1 1 4 ; 6
20130905062: 2 3 4 ; 9
20130905063: 2 4 5 ; 11
20130905064: 2 2 3 ; 7
20130905065: 4 5 6 ; 15
20130905066: 2 4 5 ; 11
20130905067: 3 4 5 ; 12
20130905068: 1 1 2 ; 4
20130905069: 3 5 5 ; 13
20130905070: 1 1 4 ; 6
20130905071: 1 2 4 ; 7
20130905072: 2 3 6 ; 11
20130905073: 1 1 6 ; 8
20130905074: 1 2 6 ; 9
20130905075: 2 2 6 ; 10
20130905076: 2 5 6 ; 13
20130905077: 3 5 5 ; 13
20130905078: 1 4 6 ; 11
