20130604001: 2 3 4 ; 9
20130604002: 3 5 6 ; 14
20130604003: 3 3 4 ; 10
20130604004: 1 3 5 ; 9
20130604005: 1 3 5 ; 9
20130604006: 1 2 4 ; 7
20130604007: 2 4 5 ; 11
20130604008: 1 2 3 ; 6
20130604009: 1 3 6 ; 10
20130604010: 5 6 6 ; 17
20130604011: 3 4 4 ; 11
20130604012: 2 3 5 ; 10
20130604013: 4 5 6 ; 15
20130604014: 1 2 3 ; 6
20130604015: 1 5 6 ; 12
20130604016: 2 4 5 ; 11
20130604017: 1 2 3 ; 6
20130604018: 3 5 6 ; 14
20130604019: 4 5 6 ; 15
20130604020: 3 5 6 ; 14
20130604021: 4 6 6 ; 16
20130604022: 1 3 5 ; 9
20130604023: 1 2 4 ; 7
20130604024: 1 3 6 ; 10
20130604025: 2 4 5 ; 11
20130604026: 2 3 3 ; 8
20130604027: 1 5 6 ; 12
20130604028: 3 6 6 ; 15
20130604029: 3 4 5 ; 12
20130604030: 2 2 6 ; 10
20130604031: 1 3 4 ; 8
20130604032: 1 2 2 ; 5
20130604033: 1 3 6 ; 10
20130604034: 1 1 5 ; 7
20130604035: 1 3 6 ; 10
20130604036: 4 4 5 ; 13
20130604037: 1 1 5 ; 7
20130604038: 2 5 6 ; 13
20130604039: 2 3 6 ; 11
20130604040: 1 3 6 ; 10
20130604041: 4 5 6 ; 15
20130604042: 2 6 6 ; 14
20130604043: 3 3 6 ; 12
20130604044: 3 3 4 ; 10
20130604045: 2 4 5 ; 11
20130604046: 1 3 6 ; 10
20130604047: 1 5 6 ; 12
20130604048: 1 2 5 ; 8
20130604049: 1 1 3 ; 5
20130604050: 1 6 6 ; 13
20130604051: 4 5 5 ; 14
20130604052: 2 5 5 ; 12
20130604053: 2 3 6 ; 11
20130604054: 1 3 5 ; 9
20130604055: 1 4 6 ; 11
20130604056: 3 3 4 ; 10
20130604057: 4 5 6 ; 15
20130604058: 2 5 6 ; 13
20130604059: 1 3 3 ; 7
20130604060: 1 2 6 ; 9
20130604061: 2 3 6 ; 11
20130604062: 1 2 6 ; 9
20130604063: 4 4 5 ; 13
20130604064: 1 1 3 ; 5
20130604065: 1 3 6 ; 10
20130604066: 3 6 6 ; 15
20130604067: 1 3 5 ; 9
20130604068: 2 4 6 ; 12
20130604069: 2 3 4 ; 9
20130604070: 1 5 6 ; 12
20130604071: 1 6 6 ; 13
20130604072: 1 3 4 ; 8
