20130922001: 1 3 3 ; 7
20130922002: 2 3 4 ; 9
20130922003: 3 4 5 ; 12
20130922004: 1 4 5 ; 10
20130922005: 1 5 6 ; 12
20130922006: 4 4 4 ; 12
20130922007: 3 5 6 ; 14
20130922008: 1 1 2 ; 4
20130922009: 2 2 5 ; 9
20130922010: 5 5 6 ; 16
20130922011: 1 3 6 ; 10
20130922012: 4 4 4 ; 12
20130922013: 2 4 5 ; 11
20130922014: 1 3 6 ; 10
20130922015: 3 4 5 ; 12
20130922016: 1 1 5 ; 7
20130922017: 1 2 5 ; 8
20130922018: 5 5 5 ; 15
20130922019: 1 3 4 ; 8
20130922020: 1 3 5 ; 9
20130922021: 1 2 4 ; 7
20130922022: 2 3 5 ; 10
20130922023: 1 5 6 ; 12
20130922024: 1 3 3 ; 7
20130922025: 1 1 4 ; 6
20130922026: 4 4 4 ; 12
20130922027: 1 4 6 ; 11
20130922028: 1 4 6 ; 11
20130922029: 4 5 6 ; 15
20130922030: 2 5 5 ; 12
20130922031: 4 5 6 ; 15
20130922032: 2 4 6 ; 12
20130922033: 2 4 5 ; 11
20130922034: 3 4 5 ; 12
20130922035: 1 3 3 ; 7
20130922036: 1 4 6 ; 11
20130922037: 2 6 6 ; 14
20130922038: 1 3 6 ; 10
20130922039: 1 5 5 ; 11
20130922040: 2 3 4 ; 9
20130922041: 1 2 6 ; 9
20130922042: 2 2 4 ; 8
20130922043: 3 5 5 ; 13
20130922044: 1 3 6 ; 10
20130922045: 1 1 4 ; 6
20130922046: 1 4 6 ; 11
20130922047: 4 5 6 ; 15
20130922048: 2 2 5 ; 9
20130922049: 3 4 5 ; 12
20130922050: 2 2 4 ; 8
20130922051: 4 4 5 ; 13
20130922052: 2 3 4 ; 9
20130922053: 1 2 5 ; 8
20130922054: 1 4 5 ; 10
20130922055: 3 3 6 ; 12
20130922056: 1 1 3 ; 5
20130922057: 2 3 6 ; 11
20130922058: 1 2 6 ; 9
20130922059: 2 3 3 ; 8
20130922060: 1 5 6 ; 12
20130922061: 4 5 6 ; 15
20130922062: 3 3 4 ; 10
20130922063: 1 3 6 ; 10
20130922064: 1 1 4 ; 6
20130922065: 4 5 6 ; 15
20130922066: 1 4 5 ; 10
20130922067: 2 3 4 ; 9
20130922068: 1 2 4 ; 7
20130922069: 1 3 4 ; 8
20130922070: 3 3 3 ; 9
20130922071: 3 3 5 ; 11
20130922072: 3 6 6 ; 15
20130922073: 1 4 6 ; 11
20130922074: 3 4 5 ; 12
20130922075: 1 3 5 ; 9
20130922076: 1 2 5 ; 8
20130922077: 3 3 4 ; 10
20130922078: 1 4 5 ; 10
