20131030001: 3 4 4 ; 11
20131030002: 2 3 3 ; 8
20131030003: 1 2 4 ; 7
20131030004: 5 5 6 ; 16
20131030005: 3 3 5 ; 11
20131030006: 4 5 5 ; 14
20131030007: 1 3 6 ; 10
20131030008: 3 4 5 ; 12
20131030009: 1 3 3 ; 7
20131030010: 2 6 6 ; 14
20131030011: 1 5 5 ; 11
20131030012: 1 1 5 ; 7
20131030013: 2 4 4 ; 10
20131030014: 3 3 4 ; 10
20131030015: 1 2 5 ; 8
20131030016: 3 4 5 ; 12
20131030017: 2 5 5 ; 12
20131030018: 1 3 6 ; 10
20131030019: 4 6 6 ; 16
20131030020: 3 5 6 ; 14
20131030021: 1 2 4 ; 7
20131030022: 1 1 1 ; 3
20131030023: 2 5 6 ; 13
20131030024: 2 3 4 ; 9
20131030025: 3 4 5 ; 12
20131030026: 2 4 5 ; 11
20131030027: 1 2 5 ; 8
20131030028: 1 2 3 ; 6
20131030029: 1 3 4 ; 8
20131030030: 2 3 5 ; 10
20131030031: 2 3 4 ; 9
20131030032: 2 5 6 ; 13
20131030033: 2 2 5 ; 9
20131030034: 1 2 2 ; 5
20131030035: 3 4 4 ; 11
20131030036: 1 5 6 ; 12
20131030037: 2 3 5 ; 10
20131030038: 1 3 6 ; 10
20131030039: 1 5 6 ; 12
20131030040: 4 5 6 ; 15
20131030041: 3 4 6 ; 13
20131030042: 1 3 5 ; 9
20131030043: 4 5 6 ; 15
20131030044: 2 2 5 ; 9
20131030045: 4 5 5 ; 14
20131030046: 3 4 4 ; 11
20131030047: 2 3 5 ; 10
20131030048: 1 3 4 ; 8
20131030049: 3 4 5 ; 12
20131030050: 2 3 4 ; 9
20131030051: 1 3 3 ; 7
20131030052: 1 4 5 ; 10
20131030053: 2 5 6 ; 13
20131030054: 3 4 6 ; 13
20131030055: 2 4 4 ; 10
20131030056: 1 3 6 ; 10
20131030057: 3 5 5 ; 13
20131030058: 1 3 3 ; 7
20131030059: 5 5 6 ; 16
20131030060: 3 3 5 ; 11
20131030061: 1 5 5 ; 11
20131030062: 2 3 6 ; 11
20131030063: 1 2 4 ; 7
20131030064: 1 1 5 ; 7
20131030065: 1 4 5 ; 10
20131030066: 1 4 6 ; 11
20131030067: 1 2 3 ; 6
20131030068: 2 3 6 ; 11
20131030069: 2 4 5 ; 11
20131030070: 1 4 6 ; 11
20131030071: 2 3 4 ; 9
20131030072: 1 3 5 ; 9
20131030073: 4 6 6 ; 16
20131030074: 4 5 5 ; 14
20131030075: 4 5 5 ; 14
20131030076: 1 2 4 ; 7
20131030077: 1 2 6 ; 9
20131030078: 2 3 4 ; 9
