20131220001: 2 3 4 ; 9
20131220002: 2 3 6 ; 11
20131220003: 2 5 6 ; 13
20131220004: 4 5 6 ; 15
20131220005: 1 4 6 ; 11
20131220006: 2 4 5 ; 11
20131220007: 1 2 5 ; 8
20131220008: 3 4 5 ; 12
20131220009: 5 6 6 ; 17
20131220010: 2 2 3 ; 7
20131220011: 3 4 5 ; 12
20131220012: 1 3 6 ; 10
20131220013: 1 3 5 ; 9
20131220014: 3 6 6 ; 15
20131220015: 2 4 5 ; 11
20131220016: 2 4 6 ; 12
20131220017: 1 4 4 ; 9
20131220018: 1 5 5 ; 11
20131220019: 1 5 5 ; 11
20131220020: 3 5 6 ; 14
20131220021: 2 5 5 ; 12
20131220022: 1 2 6 ; 9
20131220023: 2 2 6 ; 10
20131220024: 3 4 5 ; 12
20131220025: 3 3 6 ; 12
20131220026: 1 2 6 ; 9
20131220027: 2 3 5 ; 10
20131220028: 1 4 6 ; 11
20131220029: 2 2 5 ; 9
20131220030: 6 6 6 ; 18
20131220031: 1 2 5 ; 8
20131220032: 2 3 6 ; 11
20131220033: 3 4 5 ; 12
20131220034: 1 3 4 ; 8
20131220035: 1 3 4 ; 8
20131220036: 1 5 6 ; 12
20131220037: 3 5 5 ; 13
20131220038: 2 6 6 ; 14
20131220039: 2 5 6 ; 13
20131220040: 1 4 4 ; 9
20131220041: 4 5 6 ; 15
20131220042: 2 3 6 ; 11
20131220043: 3 5 5 ; 13
20131220044: 4 5 6 ; 15
20131220045: 1 3 3 ; 7
20131220046: 2 4 6 ; 12
20131220047: 4 6 6 ; 16
20131220048: 2 4 6 ; 12
20131220049: 2 2 5 ; 9
20131220050: 4 6 6 ; 16
20131220051: 3 5 6 ; 14
20131220052: 2 3 3 ; 8
20131220053: 3 4 5 ; 12
20131220054: 2 2 6 ; 10
20131220055: 1 1 4 ; 6
20131220056: 5 5 6 ; 16
20131220057: 4 4 4 ; 12
20131220058: 1 3 6 ; 10
20131220059: 1 2 4 ; 7
20131220060: 1 3 6 ; 10
20131220061: 2 2 4 ; 8
20131220062: 2 6 6 ; 14
20131220063: 1 2 3 ; 6
20131220064: 3 5 5 ; 13
20131220065: 1 2 5 ; 8
20131220066: 1 1 3 ; 5
20131220067: 2 3 4 ; 9
20131220068: 2 3 4 ; 9
20131220069: 3 4 5 ; 12
20131220070: 2 6 6 ; 14
20131220071: 1 4 5 ; 10
20131220072: 3 4 6 ; 13
20131220073: 3 3 6 ; 12
20131220074: 1 4 5 ; 10
20131220075: 1 4 5 ; 10
20131220076: 5 6 6 ; 17
20131220077: 1 5 6 ; 12
20131220078: 2 4 4 ; 10
