20130719001: 1 4 6 ; 11
20130719002: 1 2 3 ; 6
20130719003: 3 4 6 ; 13
20130719004: 2 3 4 ; 9
20130719005: 1 3 5 ; 9
20130719006: 1 1 2 ; 4
20130719007: 4 5 6 ; 15
20130719008: 2 5 5 ; 12
20130719009: 1 1 2 ; 4
20130719010: 1 1 4 ; 6
20130719011: 2 2 2 ; 6
20130719012: 2 3 3 ; 8
20130719013: 1 4 6 ; 11
20130719014: 1 4 4 ; 9
20130719015: 2 5 6 ; 13
20130719016: 2 3 4 ; 9
20130719017: 1 1 2 ; 4
20130719018: 2 5 5 ; 12
20130719019: 2 3 5 ; 10
20130719020: 1 2 5 ; 8
20130719021: 5 5 6 ; 16
20130719022: 4 5 6 ; 15
20130719023: 1 3 4 ; 8
20130719024: 4 5 5 ; 14
20130719025: 1 2 4 ; 7
20130719026: 1 5 5 ; 11
20130719027: 3 4 6 ; 13
20130719028: 1 5 6 ; 12
20130719029: 1 4 5 ; 10
20130719030: 2 3 4 ; 9
20130719031: 3 3 5 ; 11
20130719032: 1 2 3 ; 6
20130719033: 1 3 6 ; 10
20130719034: 5 5 5 ; 15
20130719035: 2 3 5 ; 10
20130719036: 4 5 6 ; 15
20130719037: 1 5 6 ; 12
20130719038: 1 1 1 ; 3
20130719039: 2 3 4 ; 9
20130719040: 3 4 6 ; 13
20130719041: 1 3 5 ; 9
20130719042: 4 5 6 ; 15
20130719043: 1 4 4 ; 9
20130719044: 1 3 5 ; 9
20130719045: 4 4 6 ; 14
20130719046: 1 5 6 ; 12
20130719047: 3 5 6 ; 14
20130719048: 4 4 6 ; 14
20130719049: 1 3 5 ; 9
20130719050: 2 3 5 ; 10
20130719051: 1 2 3 ; 6
20130719052: 1 4 4 ; 9
20130719053: 1 1 5 ; 7
20130719054: 5 6 6 ; 17
20130719055: 2 5 6 ; 13
20130719056: 1 2 6 ; 9
20130719057: 2 3 6 ; 11
20130719058: 4 6 6 ; 16
20130719059: 5 5 6 ; 16
20130719060: 1 3 5 ; 9
20130719061: 1 4 4 ; 9
20130719062: 1 6 6 ; 13
20130719063: 3 5 6 ; 14
20130719064: 1 3 6 ; 10
20130719065: 2 4 5 ; 11
20130719066: 1 5 6 ; 12
20130719067: 2 4 4 ; 10
20130719068: 3 5 6 ; 14
20130719069: 1 1 6 ; 8
20130719070: 3 4 5 ; 12
20130719071: 1 5 6 ; 12
20130719072: 1 1 3 ; 5
20130719073: 1 3 4 ; 8
20130719074: 3 3 6 ; 12
20130719075: 3 3 6 ; 12
20130719076: 1 1 5 ; 7
20130719077: 1 5 5 ; 11
20130719078: 2 4 5 ; 11
