20131104001: 2 6 6 ; 14
20131104002: 3 3 6 ; 12
20131104003: 5 6 6 ; 17
20131104004: 2 4 6 ; 12
20131104005: 3 3 4 ; 10
20131104006: 3 3 4 ; 10
20131104007: 2 3 4 ; 9
20131104008: 1 4 6 ; 11
20131104009: 1 4 6 ; 11
20131104010: 4 4 5 ; 13
20131104011: 3 4 6 ; 13
20131104012: 2 3 4 ; 9
20131104013: 1 3 5 ; 9
20131104014: 3 4 5 ; 12
20131104015: 2 4 5 ; 11
20131104016: 3 5 6 ; 14
20131104017: 5 5 6 ; 16
20131104018: 4 6 6 ; 16
20131104019: 2 3 3 ; 8
20131104020: 2 6 6 ; 14
20131104021: 3 4 4 ; 11
20131104022: 3 5 6 ; 14
20131104023: 4 5 6 ; 15
20131104024: 2 2 3 ; 7
20131104025: 1 1 2 ; 4
20131104026: 1 4 6 ; 11
20131104027: 1 2 4 ; 7
20131104028: 2 3 4 ; 9
20131104029: 1 3 4 ; 8
20131104030: 1 2 3 ; 6
20131104031: 3 3 6 ; 12
20131104032: 3 4 5 ; 12
20131104033: 4 4 6 ; 14
20131104034: 1 5 6 ; 12
20131104035: 1 3 5 ; 9
20131104036: 1 3 6 ; 10
20131104037: 2 2 4 ; 8
20131104038: 2 3 6 ; 11
20131104039: 3 5 5 ; 13
20131104040: 4 5 6 ; 15
20131104041: 2 3 6 ; 11
20131104042: 2 4 5 ; 11
20131104043: 1 1 6 ; 8
20131104044: 1 3 6 ; 10
20131104045: 3 5 6 ; 14
20131104046: 5 6 6 ; 17
20131104047: 3 4 4 ; 11
20131104048: 1 2 4 ; 7
20131104049: 2 3 5 ; 10
20131104050: 3 5 5 ; 13
20131104051: 5 5 6 ; 16
20131104052: 2 4 6 ; 12
20131104053: 2 2 2 ; 6
20131104054: 2 3 6 ; 11
20131104055: 2 4 6 ; 12
20131104056: 2 3 3 ; 8
20131104057: 4 5 6 ; 15
20131104058: 2 4 6 ; 12
20131104059: 1 2 3 ; 6
20131104060: 1 3 5 ; 9
20131104061: 3 3 5 ; 11
20131104062: 1 2 3 ; 6
20131104063: 1 4 4 ; 9
20131104064: 2 5 6 ; 13
20131104065: 1 1 2 ; 4
20131104066: 1 5 6 ; 12
20131104067: 1 3 5 ; 9
20131104068: 2 5 5 ; 12
20131104069: 4 4 4 ; 12
20131104070: 1 2 5 ; 8
20131104071: 1 1 4 ; 6
20131104072: 3 5 6 ; 14
20131104073: 2 4 4 ; 10
20131104074: 3 5 5 ; 13
20131104075: 4 4 6 ; 14
20131104076: 2 6 6 ; 14
20131104077: 2 2 5 ; 9
20131104078: 2 2 5 ; 9
