20130929001: 2 4 5 ; 11
20130929002: 2 2 3 ; 7
20130929003: 1 2 5 ; 8
20130929004: 1 2 6 ; 9
20130929005: 2 5 6 ; 13
20130929006: 1 3 4 ; 8
20130929007: 2 5 6 ; 13
20130929008: 3 4 5 ; 12
20130929009: 1 2 4 ; 7
20130929010: 3 3 5 ; 11
20130929011: 2 2 2 ; 6
20130929012: 1 1 2 ; 4
20130929013: 2 3 6 ; 11
20130929014: 1 1 6 ; 8
20130929015: 2 2 6 ; 10
20130929016: 2 3 6 ; 11
20130929017: 1 5 5 ; 11
20130929018: 3 4 5 ; 12
20130929019: 1 1 3 ; 5
20130929020: 1 6 6 ; 13
20130929021: 1 3 3 ; 7
20130929022: 4 4 6 ; 14
20130929023: 1 2 3 ; 6
20130929024: 4 5 6 ; 15
20130929025: 5 6 6 ; 17
20130929026: 4 4 6 ; 14
20130929027: 2 4 5 ; 11
20130929028: 5 5 6 ; 16
20130929029: 2 5 5 ; 12
20130929030: 1 3 5 ; 9
20130929031: 1 1 5 ; 7
20130929032: 1 2 2 ; 5
20130929033: 1 1 2 ; 4
20130929034: 3 5 6 ; 14
20130929035: 3 5 6 ; 14
20130929036: 1 2 2 ; 5
20130929037: 3 3 6 ; 12
20130929038: 1 3 4 ; 8
20130929039: 1 2 5 ; 8
20130929040: 3 3 4 ; 10
20130929041: 1 4 6 ; 11
20130929042: 4 5 6 ; 15
20130929043: 1 1 4 ; 6
20130929044: 1 2 6 ; 9
20130929045: 2 4 5 ; 11
20130929046: 4 4 4 ; 12
20130929047: 3 4 4 ; 11
20130929048: 1 2 4 ; 7
20130929049: 1 2 4 ; 7
20130929050: 2 3 5 ; 10
20130929051: 3 4 4 ; 11
20130929052: 2 4 6 ; 12
20130929053: 1 4 6 ; 11
20130929054: 3 4 5 ; 12
20130929055: 1 4 6 ; 11
20130929056: 1 3 6 ; 10
20130929057: 2 5 5 ; 12
20130929058: 1 1 2 ; 4
20130929059: 2 2 5 ; 9
20130929060: 3 3 4 ; 10
20130929061: 1 1 4 ; 6
20130929062: 1 2 3 ; 6
20130929063: 3 4 5 ; 12
20130929064: 4 5 5 ; 14
20130929065: 3 4 6 ; 13
20130929066: 1 4 5 ; 10
20130929067: 3 5 6 ; 14
20130929068: 2 4 4 ; 10
20130929069: 2 4 6 ; 12
20130929070: 2 4 5 ; 11
20130929071: 1 2 3 ; 6
20130929072: 1 4 4 ; 9
20130929073: 2 3 4 ; 9
20130929074: 2 4 5 ; 11
20130929075: 2 5 6 ; 13
20130929076: 3 4 5 ; 12
20130929077: 2 3 4 ; 9
20130929078: 3 4 5 ; 12
