20131014001: 1 5 6 ; 12
20131014002: 2 4 6 ; 12
20131014003: 1 1 1 ; 3
20131014004: 1 3 4 ; 8
20131014005: 4 6 6 ; 16
20131014006: 2 2 4 ; 8
20131014007: 1 2 5 ; 8
20131014008: 2 5 6 ; 13
20131014009: 1 5 6 ; 12
20131014010: 1 3 4 ; 8
20131014011: 2 2 3 ; 7
20131014012: 3 6 6 ; 15
20131014013: 1 1 4 ; 6
20131014014: 2 3 3 ; 8
20131014015: 2 3 5 ; 10
20131014016: 2 2 4 ; 8
20131014017: 2 2 6 ; 10
20131014018: 3 4 5 ; 12
20131014019: 5 6 6 ; 17
20131014020: 5 5 6 ; 16
20131014021: 2 3 5 ; 10
20131014022: 1 5 6 ; 12
20131014023: 1 3 3 ; 7
20131014024: 2 3 4 ; 9
20131014025: 1 4 6 ; 11
20131014026: 2 2 4 ; 8
20131014027: 1 3 4 ; 8
20131014028: 5 6 6 ; 17
20131014029: 4 4 5 ; 13
20131014030: 2 2 6 ; 10
20131014031: 1 1 5 ; 7
20131014032: 2 4 4 ; 10
20131014033: 3 6 6 ; 15
20131014034: 1 1 3 ; 5
20131014035: 1 4 5 ; 10
20131014036: 1 3 4 ; 8
20131014037: 2 4 5 ; 11
20131014038: 3 5 5 ; 13
20131014039: 1 2 6 ; 9
20131014040: 1 2 3 ; 6
20131014041: 3 4 4 ; 11
20131014042: 5 6 6 ; 17
20131014043: 2 4 4 ; 10
20131014044: 3 4 6 ; 13
20131014045: 3 4 6 ; 13
20131014046: 2 4 5 ; 11
20131014047: 3 3 6 ; 12
20131014048: 1 2 6 ; 9
20131014049: 1 2 4 ; 7
20131014050: 3 4 6 ; 13
20131014051: 1 3 5 ; 9
20131014052: 1 2 6 ; 9
20131014053: 2 4 6 ; 12
20131014054: 1 1 2 ; 4
20131014055: 5 6 6 ; 17
20131014056: 2 4 5 ; 11
20131014057: 2 2 4 ; 8
20131014058: 3 3 4 ; 10
20131014059: 3 4 6 ; 13
20131014060: 3 5 5 ; 13
20131014061: 2 5 5 ; 12
20131014062: 1 3 6 ; 10
20131014063: 1 4 4 ; 9
20131014064: 4 5 5 ; 14
20131014065: 1 3 3 ; 7
20131014066: 1 5 5 ; 11
20131014067: 1 1 3 ; 5
20131014068: 4 5 5 ; 14
20131014069: 1 1 3 ; 5
20131014070: 4 5 6 ; 15
20131014071: 2 3 6 ; 11
20131014072: 4 5 6 ; 15
20131014073: 1 3 5 ; 9
20131014074: 2 2 5 ; 9
20131014075: 1 6 6 ; 13
20131014076: 5 5 6 ; 16
20131014077: 5 5 5 ; 15
20131014078: 4 4 5 ; 13
