20131025001: 1 3 3 ; 7
20131025002: 4 5 6 ; 15
20131025003: 2 4 6 ; 12
20131025004: 1 2 3 ; 6
20131025005: 3 5 6 ; 14
20131025006: 3 3 4 ; 10
20131025007: 1 1 6 ; 8
20131025008: 3 5 5 ; 13
20131025009: 1 4 5 ; 10
20131025010: 2 5 5 ; 12
20131025011: 1 6 6 ; 13
20131025012: 4 4 4 ; 12
20131025013: 2 4 5 ; 11
20131025014: 3 4 6 ; 13
20131025015: 1 2 6 ; 9
20131025016: 2 3 4 ; 9
20131025017: 2 6 6 ; 14
20131025018: 4 6 6 ; 16
20131025019: 1 4 6 ; 11
20131025020: 5 6 6 ; 17
20131025021: 5 5 6 ; 16
20131025022: 1 3 4 ; 8
20131025023: 1 1 5 ; 7
20131025024: 2 3 4 ; 9
20131025025: 1 6 6 ; 13
20131025026: 1 1 3 ; 5
20131025027: 4 4 6 ; 14
20131025028: 1 2 3 ; 6
20131025029: 5 6 6 ; 17
20131025030: 2 3 6 ; 11
20131025031: 3 3 5 ; 11
20131025032: 3 5 6 ; 14
20131025033: 1 2 2 ; 5
20131025034: 1 1 6 ; 8
20131025035: 5 5 5 ; 15
20131025036: 1 2 6 ; 9
20131025037: 1 4 5 ; 10
20131025038: 6 6 6 ; 18
20131025039: 3 4 6 ; 13
20131025040: 5 5 6 ; 16
20131025041: 2 6 6 ; 14
20131025042: 1 3 4 ; 8
20131025043: 3 4 5 ; 12
20131025044: 3 5 6 ; 14
20131025045: 2 5 6 ; 13
20131025046: 1 4 4 ; 9
20131025047: 1 2 4 ; 7
20131025048: 1 3 5 ; 9
20131025049: 1 2 6 ; 9
20131025050: 1 2 5 ; 8
20131025051: 1 2 5 ; 8
20131025052: 2 2 3 ; 7
20131025053: 3 6 6 ; 15
20131025054: 1 1 3 ; 5
20131025055: 2 3 6 ; 11
20131025056: 1 5 6 ; 12
20131025057: 3 3 5 ; 11
20131025058: 2 3 5 ; 10
20131025059: 1 1 2 ; 4
20131025060: 1 6 6 ; 13
20131025061: 1 2 4 ; 7
20131025062: 1 5 6 ; 12
20131025063: 1 1 5 ; 7
20131025064: 3 4 4 ; 11
20131025065: 2 2 5 ; 9
20131025066: 1 3 6 ; 10
20131025067: 2 4 6 ; 12
20131025068: 2 3 3 ; 8
20131025069: 1 1 4 ; 6
20131025070: 1 2 2 ; 5
20131025071: 5 6 6 ; 17
20131025072: 2 4 5 ; 11
20131025073: 2 5 6 ; 13
20131025074: 1 3 3 ; 7
20131025075: 1 4 6 ; 11
20131025076: 2 3 6 ; 11
20131025077: 1 3 6 ; 10
20131025078: 1 1 4 ; 6
