20131029001: 4 6 6 ; 16
20131029002: 4 5 6 ; 15
20131029003: 1 2 6 ; 9
20131029004: 2 3 5 ; 10
20131029005: 2 3 6 ; 11
20131029006: 1 1 6 ; 8
20131029007: 3 3 6 ; 12
20131029008: 1 1 6 ; 8
20131029009: 1 6 6 ; 13
20131029010: 2 3 6 ; 11
20131029011: 1 3 5 ; 9
20131029012: 3 3 4 ; 10
20131029013: 1 3 5 ; 9
20131029014: 1 4 6 ; 11
20131029015: 2 2 6 ; 10
20131029016: 5 6 6 ; 17
20131029017: 1 2 5 ; 8
20131029018: 1 3 6 ; 10
20131029019: 2 2 3 ; 7
20131029020: 1 1 1 ; 3
20131029021: 1 3 6 ; 10
20131029022: 1 1 4 ; 6
20131029023: 2 4 5 ; 11
20131029024: 1 5 6 ; 12
20131029025: 2 5 6 ; 13
20131029026: 1 3 5 ; 9
20131029027: 3 3 6 ; 12
20131029028: 2 3 4 ; 9
20131029029: 1 5 6 ; 12
20131029030: 1 2 5 ; 8
20131029031: 1 1 5 ; 7
20131029032: 1 5 6 ; 12
20131029033: 2 2 6 ; 10
20131029034: 1 2 5 ; 8
20131029035: 1 2 5 ; 8
20131029036: 1 3 4 ; 8
20131029037: 2 3 4 ; 9
20131029038: 1 3 3 ; 7
20131029039: 2 2 6 ; 10
20131029040: 1 2 3 ; 6
20131029041: 3 5 6 ; 14
20131029042: 1 4 5 ; 10
20131029043: 3 4 5 ; 12
20131029044: 1 2 4 ; 7
20131029045: 1 5 6 ; 12
20131029046: 3 3 4 ; 10
20131029047: 3 6 6 ; 15
20131029048: 1 2 3 ; 6
20131029049: 1 3 6 ; 10
20131029050: 1 4 6 ; 11
20131029051: 3 4 5 ; 12
20131029052: 2 4 6 ; 12
20131029053: 3 4 5 ; 12
20131029054: 3 3 5 ; 11
20131029055: 1 2 5 ; 8
20131029056: 1 3 6 ; 10
20131029057: 1 4 5 ; 10
20131029058: 5 5 6 ; 16
20131029059: 1 1 3 ; 5
20131029060: 2 3 3 ; 8
20131029061: 2 2 2 ; 6
20131029062: 2 4 5 ; 11
20131029063: 1 3 6 ; 10
20131029064: 2 3 4 ; 9
20131029065: 1 3 3 ; 7
20131029066: 2 4 6 ; 12
20131029067: 2 4 4 ; 10
20131029068: 1 3 6 ; 10
20131029069: 1 2 5 ; 8
20131029070: 1 2 2 ; 5
20131029071: 2 5 6 ; 13
20131029072: 1 1 2 ; 4
20131029073: 2 5 6 ; 13
20131029074: 2 2 3 ; 7
20131029075: 2 6 6 ; 14
20131029076: 3 5 6 ; 14
20131029077: 1 5 5 ; 11
20131029078: 4 4 6 ; 14
