20131008001: 1 5 6 ; 12
20131008002: 1 5 5 ; 11
20131008003: 2 2 6 ; 10
20131008004: 1 2 3 ; 6
20131008005: 3 3 5 ; 11
20131008006: 5 6 6 ; 17
20131008007: 3 5 5 ; 13
20131008008: 2 3 6 ; 11
20131008009: 2 3 6 ; 11
20131008010: 3 4 6 ; 13
20131008011: 2 4 4 ; 10
20131008012: 4 4 6 ; 14
20131008013: 3 3 4 ; 10
20131008014: 1 3 3 ; 7
20131008015: 1 2 6 ; 9
20131008016: 1 3 6 ; 10
20131008017: 3 3 5 ; 11
20131008018: 1 4 4 ; 9
20131008019: 2 4 5 ; 11
20131008020: 5 5 6 ; 16
20131008021: 1 2 6 ; 9
20131008022: 1 2 5 ; 8
20131008023: 2 3 6 ; 11
20131008024: 4 4 6 ; 14
20131008025: 1 3 5 ; 9
20131008026: 1 3 5 ; 9
20131008027: 1 1 4 ; 6
20131008028: 1 1 6 ; 8
20131008029: 2 4 5 ; 11
20131008030: 2 5 6 ; 13
20131008031: 2 2 6 ; 10
20131008032: 2 2 5 ; 9
20131008033: 1 4 6 ; 11
20131008034: 3 5 6 ; 14
20131008035: 3 4 6 ; 13
20131008036: 1 1 6 ; 8
20131008037: 4 4 4 ; 12
20131008038: 1 3 4 ; 8
20131008039: 2 3 3 ; 8
20131008040: 2 3 5 ; 10
20131008041: 1 2 5 ; 8
20131008042: 2 2 2 ; 6
20131008043: 3 5 6 ; 14
20131008044: 2 3 4 ; 9
20131008045: 2 3 6 ; 11
20131008046: 1 5 5 ; 11
20131008047: 2 2 5 ; 9
20131008048: 5 6 6 ; 17
20131008049: 1 2 3 ; 6
20131008050: 1 2 2 ; 5
20131008051: 1 4 6 ; 11
20131008052: 1 3 4 ; 8
20131008053: 3 6 6 ; 15
20131008054: 2 3 4 ; 9
20131008055: 1 1 5 ; 7
20131008056: 4 6 6 ; 16
20131008057: 2 2 5 ; 9
20131008058: 4 5 5 ; 14
20131008059: 1 4 6 ; 11
20131008060: 2 3 6 ; 11
20131008061: 2 2 3 ; 7
20131008062: 1 2 3 ; 6
20131008063: 1 1 6 ; 8
20131008064: 3 4 5 ; 12
20131008065: 3 6 6 ; 15
20131008066: 1 5 6 ; 12
20131008067: 2 3 4 ; 9
20131008068: 3 4 6 ; 13
20131008069: 2 2 4 ; 8
20131008070: 1 5 5 ; 11
20131008071: 4 4 4 ; 12
20131008072: 2 4 5 ; 11
20131008073: 4 5 6 ; 15
20131008074: 1 5 6 ; 12
20131008075: 1 4 6 ; 11
20131008076: 4 5 6 ; 15
20131008077: 1 3 3 ; 7
20131008078: 1 5 6 ; 12
