20131021001: 2 2 6 ; 10
20131021002: 4 4 6 ; 14
20131021003: 1 2 4 ; 7
20131021004: 2 4 5 ; 11
20131021005: 2 5 6 ; 13
20131021006: 3 3 4 ; 10
20131021007: 3 5 5 ; 13
20131021008: 1 2 3 ; 6
20131021009: 2 5 6 ; 13
20131021010: 1 4 5 ; 10
20131021011: 2 4 4 ; 10
20131021012: 4 5 5 ; 14
20131021013: 4 5 6 ; 15
20131021014: 2 5 5 ; 12
20131021015: 1 4 5 ; 10
20131021016: 1 3 4 ; 8
20131021017: 2 3 6 ; 11
20131021018: 1 3 4 ; 8
20131021019: 2 3 5 ; 10
20131021020: 3 6 6 ; 15
20131021021: 1 4 6 ; 11
20131021022: 1 4 4 ; 9
20131021023: 4 4 5 ; 13
20131021024: 1 3 5 ; 9
20131021025: 2 4 5 ; 11
20131021026: 3 4 4 ; 11
20131021027: 2 3 5 ; 10
20131021028: 3 4 4 ; 11
20131021029: 1 2 5 ; 8
20131021030: 1 2 3 ; 6
20131021031: 1 2 2 ; 5
20131021032: 1 3 6 ; 10
20131021033: 1 2 3 ; 6
20131021034: 2 4 5 ; 11
20131021035: 1 1 6 ; 8
20131021036: 1 5 6 ; 12
20131021037: 3 3 5 ; 11
20131021038: 1 2 6 ; 9
20131021039: 5 5 6 ; 16
20131021040: 4 5 6 ; 15
20131021041: 1 2 5 ; 8
20131021042: 4 5 5 ; 14
20131021043: 1 2 6 ; 9
20131021044: 2 2 4 ; 8
20131021045: 1 3 6 ; 10
20131021046: 4 4 5 ; 13
20131021047: 3 6 6 ; 15
20131021048: 1 2 5 ; 8
20131021049: 1 4 5 ; 10
20131021050: 3 6 6 ; 15
20131021051: 5 6 6 ; 17
20131021052: 1 3 4 ; 8
20131021053: 1 2 4 ; 7
20131021054: 1 2 6 ; 9
20131021055: 1 4 5 ; 10
20131021056: 2 3 6 ; 11
20131021057: 5 5 6 ; 16
20131021058: 3 3 5 ; 11
20131021059: 3 3 3 ; 9
20131021060: 1 4 5 ; 10
20131021061: 3 3 5 ; 11
20131021062: 1 3 4 ; 8
20131021063: 5 6 6 ; 17
20131021064: 1 2 4 ; 7
20131021065: 3 5 6 ; 14
20131021066: 4 5 5 ; 14
20131021067: 4 5 5 ; 14
20131021068: 2 3 6 ; 11
20131021069: 3 5 6 ; 14
20131021070: 2 3 4 ; 9
20131021071: 1 3 3 ; 7
20131021072: 1 3 6 ; 10
20131021073: 4 4 5 ; 13
20131021074: 1 3 6 ; 10
20131021075: 5 6 6 ; 17
20131021076: 1 1 5 ; 7
20131021077: 1 3 6 ; 10
20131021078: 2 3 5 ; 10
