20131124001: 4 5 6 ; 15
20131124002: 1 4 6 ; 11
20131124003: 1 4 5 ; 10
20131124004: 2 4 5 ; 11
20131124005: 1 2 3 ; 6
20131124006: 2 3 3 ; 8
20131124007: 2 3 6 ; 11
20131124008: 1 3 6 ; 10
20131124009: 2 4 5 ; 11
20131124010: 1 2 4 ; 7
20131124011: 1 3 6 ; 10
20131124012: 3 4 6 ; 13
20131124013: 2 5 6 ; 13
20131124014: 3 5 5 ; 13
20131124015: 1 3 6 ; 10
20131124016: 3 6 6 ; 15
20131124017: 3 5 5 ; 13
20131124018: 1 3 3 ; 7
20131124019: 2 6 6 ; 14
20131124020: 1 3 4 ; 8
20131124021: 1 3 6 ; 10
20131124022: 2 2 2 ; 6
20131124023: 3 3 4 ; 10
20131124024: 1 2 6 ; 9
20131124025: 2 4 5 ; 11
20131124026: 1 2 5 ; 8
20131124027: 3 4 5 ; 12
20131124028: 2 3 5 ; 10
20131124029: 2 2 6 ; 10
20131124030: 2 3 4 ; 9
20131124031: 2 5 5 ; 12
20131124032: 1 3 5 ; 9
20131124033: 1 3 6 ; 10
20131124034: 2 3 3 ; 8
20131124035: 3 3 5 ; 11
20131124036: 2 2 2 ; 6
20131124037: 1 2 2 ; 5
20131124038: 2 4 4 ; 10
20131124039: 2 5 6 ; 13
20131124040: 3 4 5 ; 12
20131124041: 2 2 2 ; 6
20131124042: 5 6 6 ; 17
20131124043: 2 3 5 ; 10
20131124044: 5 5 6 ; 16
20131124045: 2 3 4 ; 9
20131124046: 3 4 6 ; 13
20131124047: 2 3 6 ; 11
20131124048: 4 4 5 ; 13
20131124049: 1 2 2 ; 5
20131124050: 1 2 3 ; 6
20131124051: 1 4 5 ; 10
20131124052: 2 3 5 ; 10
20131124053: 1 3 3 ; 7
20131124054: 4 5 5 ; 14
20131124055: 1 3 4 ; 8
20131124056: 3 5 6 ; 14
20131124057: 1 3 4 ; 8
20131124058: 4 5 6 ; 15
20131124059: 1 2 6 ; 9
20131124060: 1 2 5 ; 8
20131124061: 2 4 4 ; 10
20131124062: 1 3 3 ; 7
20131124063: 4 4 6 ; 14
20131124064: 1 2 5 ; 8
20131124065: 1 2 5 ; 8
20131124066: 1 5 5 ; 11
20131124067: 3 5 6 ; 14
20131124068: 2 3 3 ; 8
20131124069: 1 2 6 ; 9
20131124070: 3 4 5 ; 12
20131124071: 1 4 5 ; 10
20131124072: 1 3 5 ; 9
20131124073: 1 4 5 ; 10
20131124074: 3 6 6 ; 15
20131124075: 1 2 3 ; 6
20131124076: 1 2 6 ; 9
20131124077: 2 4 6 ; 12
20131124078: 1 6 6 ; 13
