20130817001: 3 3 6 ; 12
20130817002: 1 2 6 ; 9
20130817003: 5 6 6 ; 17
20130817004: 1 2 6 ; 9
20130817005: 1 4 5 ; 10
20130817006: 1 2 5 ; 8
20130817007: 1 3 6 ; 10
20130817008: 1 5 6 ; 12
20130817009: 2 3 5 ; 10
20130817010: 1 5 5 ; 11
20130817011: 1 3 4 ; 8
20130817012: 3 3 6 ; 12
20130817013: 5 5 6 ; 16
20130817014: 1 4 4 ; 9
20130817015: 3 6 6 ; 15
20130817016: 2 2 4 ; 8
20130817017: 2 2 4 ; 8
20130817018: 1 4 6 ; 11
20130817019: 1 4 6 ; 11
20130817020: 2 4 5 ; 11
20130817021: 2 3 5 ; 10
20130817022: 2 2 4 ; 8
20130817023: 1 4 5 ; 10
20130817024: 1 5 6 ; 12
20130817025: 1 2 4 ; 7
20130817026: 1 2 6 ; 9
20130817027: 1 1 6 ; 8
20130817028: 3 3 6 ; 12
20130817029: 3 3 4 ; 10
20130817030: 4 6 6 ; 16
20130817031: 1 2 5 ; 8
20130817032: 3 5 6 ; 14
20130817033: 4 4 5 ; 13
20130817034: 1 3 4 ; 8
20130817035: 1 5 6 ; 12
20130817036: 1 1 4 ; 6
20130817037: 1 3 5 ; 9
20130817038: 2 3 5 ; 10
20130817039: 3 3 4 ; 10
20130817040: 2 3 5 ; 10
20130817041: 2 4 5 ; 11
20130817042: 1 4 5 ; 10
20130817043: 4 5 6 ; 15
20130817044: 1 6 6 ; 13
20130817045: 3 6 6 ; 15
20130817046: 2 3 4 ; 9
20130817047: 4 5 6 ; 15
20130817048: 1 3 5 ; 9
20130817049: 4 5 5 ; 14
20130817050: 2 3 6 ; 11
20130817051: 2 2 5 ; 9
20130817052: 1 2 6 ; 9
20130817053: 1 5 5 ; 11
20130817054: 2 4 6 ; 12
20130817055: 1 4 6 ; 11
20130817056: 1 3 3 ; 7
20130817057: 2 2 2 ; 6
20130817058: 1 2 3 ; 6
20130817059: 1 4 6 ; 11
20130817060: 2 3 4 ; 9
20130817061: 1 3 4 ; 8
20130817062: 4 6 6 ; 16
20130817063: 2 4 6 ; 12
20130817064: 4 4 4 ; 12
20130817065: 3 4 6 ; 13
20130817066: 1 3 3 ; 7
20130817067: 6 6 6 ; 18
20130817068: 6 6 6 ; 18
20130817069: 3 4 6 ; 13
20130817070: 3 4 5 ; 12
20130817071: 2 6 6 ; 14
20130817072: 1 1 3 ; 5
20130817073: 3 4 6 ; 13
20130817074: 2 4 4 ; 10
20130817075: 1 3 5 ; 9
20130817076: 1 3 3 ; 7
20130817077: 2 5 5 ; 12
20130817078: 1 2 4 ; 7
