20130918001: 5 5 6 ; 16
20130918002: 2 3 4 ; 9
20130918003: 1 1 2 ; 4
20130918004: 1 2 6 ; 9
20130918005: 1 2 6 ; 9
20130918006: 4 4 6 ; 14
20130918007: 2 3 4 ; 9
20130918008: 1 4 4 ; 9
20130918009: 3 3 4 ; 10
20130918010: 1 5 5 ; 11
20130918011: 1 4 4 ; 9
20130918012: 2 4 4 ; 10
20130918013: 4 5 6 ; 15
20130918014: 6 6 6 ; 18
20130918015: 1 5 5 ; 11
20130918016: 3 4 5 ; 12
20130918017: 1 2 4 ; 7
20130918018: 3 3 5 ; 11
20130918019: 3 6 6 ; 15
20130918020: 1 1 6 ; 8
20130918021: 1 3 5 ; 9
20130918022: 2 4 4 ; 10
20130918023: 2 2 3 ; 7
20130918024: 1 1 2 ; 4
20130918025: 1 3 4 ; 8
20130918026: 1 3 4 ; 8
20130918027: 3 3 6 ; 12
20130918028: 2 2 6 ; 10
20130918029: 2 4 5 ; 11
20130918030: 3 3 5 ; 11
20130918031: 4 5 6 ; 15
20130918032: 3 3 4 ; 10
20130918033: 2 4 5 ; 11
20130918034: 2 4 5 ; 11
20130918035: 1 3 6 ; 10
20130918036: 1 4 6 ; 11
20130918037: 1 1 2 ; 4
20130918038: 1 3 4 ; 8
20130918039: 3 4 5 ; 12
20130918040: 3 5 5 ; 13
20130918041: 4 4 5 ; 13
20130918042: 1 1 2 ; 4
20130918043: 3 4 5 ; 12
20130918044: 1 1 6 ; 8
20130918045: 4 6 6 ; 16
20130918046: 1 4 5 ; 10
20130918047: 2 3 4 ; 9
20130918048: 1 5 6 ; 12
20130918049: 1 3 5 ; 9
20130918050: 2 2 5 ; 9
20130918051: 3 5 6 ; 14
20130918052: 4 6 6 ; 16
20130918053: 2 3 6 ; 11
20130918054: 2 3 4 ; 9
20130918055: 1 1 5 ; 7
20130918056: 1 1 4 ; 6
20130918057: 4 4 6 ; 14
20130918058: 3 4 6 ; 13
20130918059: 3 3 6 ; 12
20130918060: 3 4 6 ; 13
20130918061: 1 5 5 ; 11
20130918062: 1 5 5 ; 11
20130918063: 3 3 4 ; 10
20130918064: 1 3 6 ; 10
20130918065: 3 4 5 ; 12
20130918066: 1 4 6 ; 11
20130918067: 3 4 6 ; 13
20130918068: 4 5 5 ; 14
20130918069: 2 3 4 ; 9
20130918070: 1 4 5 ; 10
20130918071: 1 5 6 ; 12
20130918072: 1 3 6 ; 10
20130918073: 1 2 5 ; 8
20130918074: 1 2 4 ; 7
20130918075: 2 5 5 ; 12
20130918076: 1 1 5 ; 7
20130918077: 1 2 3 ; 6
20130918078: 2 3 5 ; 10
