20130917001: 2 4 5 ; 11
20130917002: 1 5 5 ; 11
20130917003: 2 3 5 ; 10
20130917004: 1 2 5 ; 8
20130917005: 5 5 6 ; 16
20130917006: 1 4 6 ; 11
20130917007: 2 2 6 ; 10
20130917008: 2 4 5 ; 11
20130917009: 1 1 6 ; 8
20130917010: 1 2 4 ; 7
20130917011: 2 4 4 ; 10
20130917012: 5 6 6 ; 17
20130917013: 2 2 5 ; 9
20130917014: 1 4 5 ; 10
20130917015: 3 4 5 ; 12
20130917016: 2 5 6 ; 13
20130917017: 1 2 4 ; 7
20130917018: 3 5 5 ; 13
20130917019: 2 3 6 ; 11
20130917020: 4 4 5 ; 13
20130917021: 2 5 5 ; 12
20130917022: 1 1 6 ; 8
20130917023: 1 2 6 ; 9
20130917024: 1 3 6 ; 10
20130917025: 3 4 5 ; 12
20130917026: 1 1 6 ; 8
20130917027: 1 4 6 ; 11
20130917028: 1 5 6 ; 12
20130917029: 1 4 5 ; 10
20130917030: 1 3 6 ; 10
20130917031: 1 2 4 ; 7
20130917032: 1 3 4 ; 8
20130917033: 1 3 4 ; 8
20130917034: 1 2 3 ; 6
20130917035: 1 2 2 ; 5
20130917036: 1 2 3 ; 6
20130917037: 1 4 5 ; 10
20130917038: 1 1 3 ; 5
20130917039: 2 6 6 ; 14
20130917040: 2 3 4 ; 9
20130917041: 1 2 3 ; 6
20130917042: 1 5 6 ; 12
20130917043: 4 4 5 ; 13
20130917044: 2 5 6 ; 13
20130917045: 1 4 6 ; 11
20130917046: 3 4 6 ; 13
20130917047: 3 5 6 ; 14
20130917048: 3 4 4 ; 11
20130917049: 2 3 6 ; 11
20130917050: 2 4 5 ; 11
20130917051: 1 3 6 ; 10
20130917052: 1 2 5 ; 8
20130917053: 3 4 5 ; 12
20130917054: 4 6 6 ; 16
20130917055: 3 5 5 ; 13
20130917056: 4 5 5 ; 14
20130917057: 3 5 6 ; 14
20130917058: 2 3 5 ; 10
20130917059: 2 2 6 ; 10
20130917060: 1 3 6 ; 10
20130917061: 3 5 6 ; 14
20130917062: 2 5 5 ; 12
20130917063: 2 3 4 ; 9
20130917064: 1 1 4 ; 6
20130917065: 1 4 5 ; 10
20130917066: 2 4 6 ; 12
20130917067: 2 3 5 ; 10
20130917068: 2 4 5 ; 11
20130917069: 1 1 4 ; 6
20130917070: 2 5 6 ; 13
20130917071: 1 4 6 ; 11
20130917072: 3 5 6 ; 14
20130917073: 2 5 5 ; 12
20130917074: 1 2 5 ; 8
20130917075: 2 4 6 ; 12
20130917076: 1 2 4 ; 7
20130917077: 1 2 5 ; 8
20130917078: 2 4 5 ; 11
