20131226001: 1 2 4 ; 7
20131226002: 3 4 4 ; 11
20131226003: 1 5 6 ; 12
20131226004: 1 2 4 ; 7
20131226005: 1 4 5 ; 10
20131226006: 3 4 6 ; 13
20131226007: 1 2 3 ; 6
20131226008: 1 2 3 ; 6
20131226009: 2 4 6 ; 12
20131226010: 1 4 6 ; 11
20131226011: 1 1 2 ; 4
20131226012: 1 4 6 ; 11
20131226013: 4 6 6 ; 16
20131226014: 2 2 5 ; 9
20131226015: 1 4 5 ; 10
20131226016: 3 4 6 ; 13
20131226017: 3 5 5 ; 13
20131226018: 3 5 5 ; 13
20131226019: 2 2 3 ; 7
20131226020: 1 3 4 ; 8
20131226021: 5 5 5 ; 15
20131226022: 1 2 6 ; 9
20131226023: 2 5 6 ; 13
20131226024: 4 6 6 ; 16
20131226025: 4 5 6 ; 15
20131226026: 4 4 5 ; 13
20131226027: 1 4 6 ; 11
20131226028: 5 6 6 ; 17
20131226029: 3 5 6 ; 14
20131226030: 1 4 5 ; 10
20131226031: 2 5 6 ; 13
20131226032: 1 3 3 ; 7
20131226033: 2 4 6 ; 12
20131226034: 2 3 4 ; 9
20131226035: 2 5 5 ; 12
20131226036: 1 3 5 ; 9
20131226037: 1 3 3 ; 7
20131226038: 3 5 6 ; 14
20131226039: 3 5 6 ; 14
20131226040: 1 4 5 ; 10
20131226041: 3 3 4 ; 10
20131226042: 3 5 6 ; 14
20131226043: 1 2 2 ; 5
20131226044: 3 4 6 ; 13
20131226045: 1 5 5 ; 11
20131226046: 2 2 4 ; 8
20131226047: 1 1 4 ; 6
20131226048: 1 1 4 ; 6
20131226049: 2 3 3 ; 8
20131226050: 4 4 5 ; 13
20131226051: 1 1 6 ; 8
20131226052: 3 4 5 ; 12
20131226053: 2 3 6 ; 11
20131226054: 1 2 4 ; 7
20131226055: 4 5 6 ; 15
20131226056: 1 2 4 ; 7
20131226057: 2 2 5 ; 9
20131226058: 1 3 3 ; 7
20131226059: 1 2 5 ; 8
20131226060: 1 3 4 ; 8
20131226061: 3 5 5 ; 13
20131226062: 4 5 6 ; 15
20131226063: 1 4 5 ; 10
20131226064: 2 2 2 ; 6
20131226065: 4 4 6 ; 14
20131226066: 1 5 5 ; 11
20131226067: 1 2 4 ; 7
20131226068: 1 5 6 ; 12
20131226069: 2 4 6 ; 12
20131226070: 1 4 5 ; 10
20131226071: 2 2 4 ; 8
20131226072: 1 4 5 ; 10
20131226073: 1 2 2 ; 5
20131226074: 2 2 6 ; 10
20131226075: 2 2 6 ; 10
20131226076: 2 4 6 ; 12
20131226077: 1 1 2 ; 4
20131226078: 1 3 6 ; 10
