20130928001: 1 3 6 ; 10
20130928002: 4 5 6 ; 15
20130928003: 5 6 6 ; 17
20130928004: 2 4 4 ; 10
20130928005: 2 3 6 ; 11
20130928006: 2 4 6 ; 12
20130928007: 2 5 6 ; 13
20130928008: 1 1 5 ; 7
20130928009: 1 2 2 ; 5
20130928010: 4 6 6 ; 16
20130928011: 1 3 4 ; 8
20130928012: 2 3 3 ; 8
20130928013: 1 4 4 ; 9
20130928014: 4 5 6 ; 15
20130928015: 1 3 3 ; 7
20130928016: 2 6 6 ; 14
20130928017: 2 2 3 ; 7
20130928018: 4 4 5 ; 13
20130928019: 1 5 6 ; 12
20130928020: 2 4 6 ; 12
20130928021: 3 4 4 ; 11
20130928022: 5 6 6 ; 17
20130928023: 1 3 4 ; 8
20130928024: 2 4 6 ; 12
20130928025: 1 2 4 ; 7
20130928026: 2 2 3 ; 7
20130928027: 1 4 6 ; 11
20130928028: 3 4 6 ; 13
20130928029: 1 1 6 ; 8
20130928030: 1 3 6 ; 10
20130928031: 2 3 6 ; 11
20130928032: 3 5 6 ; 14
20130928033: 2 3 4 ; 9
20130928034: 3 4 5 ; 12
20130928035: 3 5 5 ; 13
20130928036: 3 5 6 ; 14
20130928037: 1 2 3 ; 6
20130928038: 4 6 6 ; 16
20130928039: 1 4 4 ; 9
20130928040: 5 6 6 ; 17
20130928041: 1 5 6 ; 12
20130928042: 2 2 3 ; 7
20130928043: 3 3 3 ; 9
20130928044: 2 3 5 ; 10
20130928045: 4 6 6 ; 16
20130928046: 2 4 4 ; 10
20130928047: 3 4 4 ; 11
20130928048: 1 2 5 ; 8
20130928049: 3 6 6 ; 15
20130928050: 4 5 6 ; 15
20130928051: 1 2 4 ; 7
20130928052: 1 2 3 ; 6
20130928053: 3 4 6 ; 13
20130928054: 1 4 6 ; 11
20130928055: 1 3 6 ; 10
20130928056: 3 4 5 ; 12
20130928057: 2 4 6 ; 12
20130928058: 3 3 5 ; 11
20130928059: 2 6 6 ; 14
20130928060: 2 4 6 ; 12
20130928061: 1 2 3 ; 6
20130928062: 3 5 6 ; 14
20130928063: 3 6 6 ; 15
20130928064: 3 5 6 ; 14
20130928065: 2 4 5 ; 11
20130928066: 1 4 6 ; 11
20130928067: 1 1 5 ; 7
20130928068: 3 3 4 ; 10
20130928069: 2 5 6 ; 13
20130928070: 1 2 6 ; 9
20130928071: 1 1 5 ; 7
20130928072: 1 1 2 ; 4
20130928073: 1 2 3 ; 6
20130928074: 5 5 6 ; 16
20130928075: 3 6 6 ; 15
20130928076: 5 5 6 ; 16
20130928077: 1 5 6 ; 12
20130928078: 3 5 5 ; 13
