20131221001: 1 2 6 ; 9
20131221002: 1 5 6 ; 12
20131221003: 3 4 4 ; 11
20131221004: 1 5 6 ; 12
20131221005: 3 4 6 ; 13
20131221006: 1 4 5 ; 10
20131221007: 3 4 5 ; 12
20131221008: 1 5 6 ; 12
20131221009: 2 3 4 ; 9
20131221010: 2 3 6 ; 11
20131221011: 1 1 6 ; 8
20131221012: 1 2 6 ; 9
20131221013: 1 2 5 ; 8
20131221014: 2 3 3 ; 8
20131221015: 2 4 6 ; 12
20131221016: 2 3 6 ; 11
20131221017: 3 4 6 ; 13
20131221018: 2 4 5 ; 11
20131221019: 2 3 6 ; 11
20131221020: 4 5 5 ; 14
20131221021: 4 4 6 ; 14
20131221022: 1 4 5 ; 10
20131221023: 4 4 6 ; 14
20131221024: 3 3 3 ; 9
20131221025: 4 5 6 ; 15
20131221026: 2 3 5 ; 10
20131221027: 2 3 3 ; 8
20131221028: 4 5 6 ; 15
20131221029: 2 2 2 ; 6
20131221030: 2 3 5 ; 10
20131221031: 2 2 6 ; 10
20131221032: 4 5 5 ; 14
20131221033: 1 3 6 ; 10
20131221034: 3 4 4 ; 11
20131221035: 1 1 2 ; 4
20131221036: 1 3 4 ; 8
20131221037: 1 2 4 ; 7
20131221038: 1 2 4 ; 7
20131221039: 3 4 4 ; 11
20131221040: 4 5 5 ; 14
20131221041: 3 3 3 ; 9
20131221042: 1 5 6 ; 12
20131221043: 2 4 5 ; 11
20131221044: 4 5 6 ; 15
20131221045: 1 4 6 ; 11
20131221046: 1 3 6 ; 10
20131221047: 3 4 6 ; 13
20131221048: 2 3 5 ; 10
20131221049: 1 3 3 ; 7
20131221050: 1 4 6 ; 11
20131221051: 1 2 5 ; 8
20131221052: 3 4 5 ; 12
20131221053: 1 3 6 ; 10
20131221054: 3 3 5 ; 11
20131221055: 2 3 5 ; 10
20131221056: 1 2 2 ; 5
20131221057: 1 4 6 ; 11
20131221058: 1 3 4 ; 8
20131221059: 1 4 5 ; 10
20131221060: 3 4 6 ; 13
20131221061: 2 4 5 ; 11
20131221062: 1 1 3 ; 5
20131221063: 3 3 5 ; 11
20131221064: 3 3 5 ; 11
20131221065: 2 3 3 ; 8
20131221066: 2 2 2 ; 6
20131221067: 2 4 4 ; 10
20131221068: 1 2 6 ; 9
20131221069: 5 6 6 ; 17
20131221070: 2 2 3 ; 7
20131221071: 2 3 5 ; 10
20131221072: 1 5 6 ; 12
20131221073: 3 5 6 ; 14
20131221074: 1 2 6 ; 9
20131221075: 1 5 6 ; 12
20131221076: 1 2 6 ; 9
20131221077: 1 3 6 ; 10
20131221078: 2 4 6 ; 12
