20130822001: 2 3 6 ; 11
20130822002: 3 3 3 ; 9
20130822003: 1 2 6 ; 9
20130822004: 4 4 5 ; 13
20130822005: 1 5 6 ; 12
20130822006: 3 6 6 ; 15
20130822007: 2 3 4 ; 9
20130822008: 2 2 4 ; 8
20130822009: 3 3 4 ; 10
20130822010: 3 3 6 ; 12
20130822011: 1 3 5 ; 9
20130822012: 2 3 5 ; 10
20130822013: 3 4 6 ; 13
20130822014: 1 2 5 ; 8
20130822015: 4 5 6 ; 15
20130822016: 1 2 5 ; 8
20130822017: 3 5 6 ; 14
20130822018: 3 3 5 ; 11
20130822019: 3 4 6 ; 13
20130822020: 2 5 6 ; 13
20130822021: 1 2 3 ; 6
20130822022: 3 4 5 ; 12
20130822023: 1 1 4 ; 6
20130822024: 2 3 6 ; 11
20130822025: 1 6 6 ; 13
20130822026: 1 3 5 ; 9
20130822027: 2 4 5 ; 11
20130822028: 1 1 6 ; 8
20130822029: 1 2 4 ; 7
20130822030: 3 3 4 ; 10
20130822031: 2 6 6 ; 14
20130822032: 1 2 3 ; 6
20130822033: 1 4 6 ; 11
20130822034: 3 4 6 ; 13
20130822035: 3 3 6 ; 12
20130822036: 1 5 6 ; 12
20130822037: 4 4 6 ; 14
20130822038: 1 1 4 ; 6
20130822039: 1 2 3 ; 6
20130822040: 3 5 6 ; 14
20130822041: 1 5 6 ; 12
20130822042: 1 3 4 ; 8
20130822043: 1 3 6 ; 10
20130822044: 2 3 6 ; 11
20130822045: 5 6 6 ; 17
20130822046: 1 3 6 ; 10
20130822047: 4 4 6 ; 14
20130822048: 2 3 4 ; 9
20130822049: 1 4 4 ; 9
20130822050: 4 4 6 ; 14
20130822051: 1 3 6 ; 10
20130822052: 2 3 6 ; 11
20130822053: 2 4 5 ; 11
20130822054: 1 5 6 ; 12
20130822055: 1 2 2 ; 5
20130822056: 3 5 6 ; 14
20130822057: 3 5 6 ; 14
20130822058: 1 6 6 ; 13
20130822059: 1 1 3 ; 5
20130822060: 1 2 3 ; 6
20130822061: 3 5 5 ; 13
20130822062: 1 4 6 ; 11
20130822063: 1 4 4 ; 9
20130822064: 1 2 6 ; 9
20130822065: 2 2 6 ; 10
20130822066: 2 6 6 ; 14
20130822067: 1 1 2 ; 4
20130822068: 3 6 6 ; 15
20130822069: 2 3 5 ; 10
20130822070: 1 5 6 ; 12
20130822071: 2 2 6 ; 10
20130822072: 2 2 4 ; 8
20130822073: 1 2 6 ; 9
20130822074: 4 5 6 ; 15
20130822075: 2 3 5 ; 10
20130822076: 2 3 4 ; 9
20130822077: 1 4 4 ; 9
20130822078: 5 6 6 ; 17
