20130919001: 2 4 6 ; 12
20130919002: 3 3 3 ; 9
20130919003: 1 1 3 ; 5
20130919004: 3 4 6 ; 13
20130919005: 1 4 5 ; 10
20130919006: 4 6 6 ; 16
20130919007: 1 4 6 ; 11
20130919008: 2 3 6 ; 11
20130919009: 3 5 6 ; 14
20130919010: 2 3 4 ; 9
20130919011: 4 5 6 ; 15
20130919012: 6 6 6 ; 18
20130919013: 2 5 6 ; 13
20130919014: 3 3 4 ; 10
20130919015: 2 5 6 ; 13
20130919016: 2 6 6 ; 14
20130919017: 1 3 5 ; 9
20130919018: 2 5 6 ; 13
20130919019: 3 4 5 ; 12
20130919020: 1 3 5 ; 9
20130919021: 2 4 5 ; 11
20130919022: 1 3 6 ; 10
20130919023: 2 5 5 ; 12
20130919024: 1 3 3 ; 7
20130919025: 1 2 3 ; 6
20130919026: 2 3 4 ; 9
20130919027: 3 4 5 ; 12
20130919028: 1 6 6 ; 13
20130919029: 1 4 5 ; 10
20130919030: 2 5 6 ; 13
20130919031: 2 3 5 ; 10
20130919032: 1 3 4 ; 8
20130919033: 2 3 4 ; 9
20130919034: 2 5 5 ; 12
20130919035: 1 1 6 ; 8
20130919036: 2 4 6 ; 12
20130919037: 3 3 6 ; 12
20130919038: 2 5 5 ; 12
20130919039: 2 3 5 ; 10
20130919040: 3 3 4 ; 10
20130919041: 2 2 5 ; 9
20130919042: 2 5 5 ; 12
20130919043: 1 1 2 ; 4
20130919044: 2 3 6 ; 11
20130919045: 2 3 6 ; 11
20130919046: 1 2 6 ; 9
20130919047: 2 4 6 ; 12
20130919048: 2 6 6 ; 14
20130919049: 2 3 4 ; 9
20130919050: 1 4 4 ; 9
20130919051: 1 4 6 ; 11
20130919052: 3 4 6 ; 13
20130919053: 2 5 5 ; 12
20130919054: 2 3 4 ; 9
20130919055: 2 5 6 ; 13
20130919056: 1 5 6 ; 12
20130919057: 2 4 4 ; 10
20130919058: 1 5 5 ; 11
20130919059: 2 5 5 ; 12
20130919060: 3 4 4 ; 11
20130919061: 3 5 6 ; 14
20130919062: 2 2 2 ; 6
20130919063: 3 5 6 ; 14
20130919064: 3 5 5 ; 13
20130919065: 3 4 5 ; 12
20130919066: 1 5 6 ; 12
20130919067: 2 3 3 ; 8
20130919068: 1 1 5 ; 7
20130919069: 1 4 4 ; 9
20130919070: 1 6 6 ; 13
20130919071: 1 3 4 ; 8
20130919072: 1 2 6 ; 9
20130919073: 4 4 6 ; 14
20130919074: 2 2 4 ; 8
20130919075: 2 3 4 ; 9
20130919076: 1 2 6 ; 9
20130919077: 1 6 6 ; 13
20130919078: 2 3 5 ; 10
