20131219001: 3 5 6 ; 14
20131219002: 3 3 6 ; 12
20131219003: 1 4 4 ; 9
20131219004: 1 2 4 ; 7
20131219005: 2 3 6 ; 11
20131219006: 1 1 6 ; 8
20131219007: 2 3 6 ; 11
20131219008: 4 4 5 ; 13
20131219009: 1 6 6 ; 13
20131219010: 3 4 4 ; 11
20131219011: 3 3 4 ; 10
20131219012: 1 2 5 ; 8
20131219013: 2 6 6 ; 14
20131219014: 1 4 6 ; 11
20131219015: 1 1 6 ; 8
20131219016: 2 5 5 ; 12
20131219017: 4 5 6 ; 15
20131219018: 1 2 4 ; 7
20131219019: 2 3 5 ; 10
20131219020: 2 5 5 ; 12
20131219021: 2 4 6 ; 12
20131219022: 1 6 6 ; 13
20131219023: 1 3 5 ; 9
20131219024: 2 5 5 ; 12
20131219025: 1 1 6 ; 8
20131219026: 4 5 6 ; 15
20131219027: 3 5 5 ; 13
20131219028: 1 1 4 ; 6
20131219029: 1 4 4 ; 9
20131219030: 1 3 4 ; 8
20131219031: 2 3 4 ; 9
20131219032: 2 3 6 ; 11
20131219033: 1 3 4 ; 8
20131219034: 1 5 5 ; 11
20131219035: 1 3 4 ; 8
20131219036: 2 3 3 ; 8
20131219037: 1 1 5 ; 7
20131219038: 2 5 6 ; 13
20131219039: 1 2 6 ; 9
20131219040: 3 6 6 ; 15
20131219041: 1 4 6 ; 11
20131219042: 3 5 6 ; 14
20131219043: 1 4 5 ; 10
20131219044: 2 3 5 ; 10
20131219045: 2 4 6 ; 12
20131219046: 4 6 6 ; 16
20131219047: 2 4 6 ; 12
20131219048: 3 3 6 ; 12
20131219049: 4 5 5 ; 14
20131219050: 4 4 5 ; 13
20131219051: 3 4 6 ; 13
20131219052: 1 1 3 ; 5
20131219053: 4 5 6 ; 15
20131219054: 4 5 5 ; 14
20131219055: 3 3 4 ; 10
20131219056: 1 3 4 ; 8
20131219057: 2 4 5 ; 11
20131219058: 2 3 6 ; 11
20131219059: 2 3 4 ; 9
20131219060: 1 5 6 ; 12
20131219061: 2 3 6 ; 11
20131219062: 1 2 6 ; 9
20131219063: 1 2 5 ; 8
20131219064: 3 4 6 ; 13
20131219065: 4 4 6 ; 14
20131219066: 1 4 5 ; 10
20131219067: 2 4 6 ; 12
20131219068: 3 3 5 ; 11
20131219069: 2 2 3 ; 7
20131219070: 2 4 5 ; 11
20131219071: 4 5 6 ; 15
20131219072: 2 2 4 ; 8
20131219073: 1 1 4 ; 6
20131219074: 2 5 5 ; 12
20131219075: 1 3 5 ; 9
20131219076: 1 2 6 ; 9
20131219077: 3 5 5 ; 13
20131219078: 1 4 6 ; 11
