20130915001: 3 3 6 ; 12
20130915002: 1 2 6 ; 9
20130915003: 2 5 6 ; 13
20130915004: 2 4 5 ; 11
20130915005: 6 6 6 ; 18
20130915006: 1 1 6 ; 8
20130915007: 1 3 4 ; 8
20130915008: 4 5 6 ; 15
20130915009: 2 3 5 ; 10
20130915010: 1 5 6 ; 12
20130915011: 3 3 3 ; 9
20130915012: 2 3 3 ; 8
20130915013: 2 3 6 ; 11
20130915014: 1 2 2 ; 5
20130915015: 2 2 4 ; 8
20130915016: 1 3 6 ; 10
20130915017: 1 2 4 ; 7
20130915018: 1 2 4 ; 7
20130915019: 1 4 6 ; 11
20130915020: 1 2 3 ; 6
20130915021: 1 2 3 ; 6
20130915022: 1 4 5 ; 10
20130915023: 1 5 6 ; 12
20130915024: 1 2 3 ; 6
20130915025: 1 3 4 ; 8
20130915026: 4 5 5 ; 14
20130915027: 2 3 5 ; 10
20130915028: 2 4 5 ; 11
20130915029: 3 5 5 ; 13
20130915030: 1 2 4 ; 7
20130915031: 2 2 5 ; 9
20130915032: 3 3 6 ; 12
20130915033: 4 5 6 ; 15
20130915034: 1 3 5 ; 9
20130915035: 1 3 4 ; 8
20130915036: 3 3 4 ; 10
20130915037: 1 1 4 ; 6
20130915038: 1 5 6 ; 12
20130915039: 3 3 6 ; 12
20130915040: 2 4 6 ; 12
20130915041: 4 5 6 ; 15
20130915042: 3 3 6 ; 12
20130915043: 3 3 4 ; 10
20130915044: 3 3 5 ; 11
20130915045: 2 5 6 ; 13
20130915046: 3 5 6 ; 14
20130915047: 1 2 4 ; 7
20130915048: 1 2 5 ; 8
20130915049: 2 3 6 ; 11
20130915050: 1 3 6 ; 10
20130915051: 1 2 4 ; 7
20130915052: 2 4 6 ; 12
20130915053: 3 6 6 ; 15
20130915054: 1 3 4 ; 8
20130915055: 3 4 4 ; 11
20130915056: 3 4 5 ; 12
20130915057: 5 5 5 ; 15
20130915058: 2 5 6 ; 13
20130915059: 2 2 3 ; 7
20130915060: 5 5 6 ; 16
20130915061: 1 2 6 ; 9
20130915062: 3 3 6 ; 12
20130915063: 1 2 5 ; 8
20130915064: 2 3 6 ; 11
20130915065: 1 1 3 ; 5
20130915066: 2 5 5 ; 12
20130915067: 1 1 6 ; 8
20130915068: 4 5 6 ; 15
20130915069: 4 5 6 ; 15
20130915070: 1 1 3 ; 5
20130915071: 2 2 3 ; 7
20130915072: 2 3 4 ; 9
20130915073: 1 2 6 ; 9
20130915074: 1 4 6 ; 11
20130915075: 2 3 5 ; 10
20130915076: 1 4 6 ; 11
20130915077: 1 2 2 ; 5
20130915078: 2 2 3 ; 7
