20130529001: 1 3 4 ; 8
20130529002: 2 5 5 ; 12
20130529003: 1 3 5 ; 9
20130529004: 4 6 6 ; 16
20130529005: 1 1 3 ; 5
20130529006: 2 3 4 ; 9
20130529007: 2 3 3 ; 8
20130529008: 2 4 6 ; 12
20130529009: 1 1 6 ; 8
20130529010: 1 3 6 ; 10
20130529011: 2 3 6 ; 11
20130529012: 2 2 3 ; 7
20130529013: 1 1 6 ; 8
20130529014: 1 2 4 ; 7
20130529015: 3 6 6 ; 15
20130529016: 4 5 6 ; 15
20130529017: 4 4 5 ; 13
20130529018: 3 5 6 ; 14
20130529019: 2 4 4 ; 10
20130529020: 2 2 5 ; 9
20130529021: 2 5 6 ; 13
20130529022: 1 3 4 ; 8
20130529023: 1 2 5 ; 8
20130529024: 1 1 4 ; 6
20130529025: 3 4 5 ; 12
20130529026: 2 3 5 ; 10
20130529027: 2 3 5 ; 10
20130529028: 1 1 1 ; 3
20130529029: 4 4 5 ; 13
20130529030: 2 4 5 ; 11
20130529031: 2 2 5 ; 9
20130529032: 2 3 4 ; 9
20130529033: 1 2 3 ; 6
20130529034: 1 1 3 ; 5
20130529035: 3 6 6 ; 15
20130529036: 1 1 3 ; 5
20130529037: 1 5 6 ; 12
20130529038: 3 6 6 ; 15
20130529039: 3 3 5 ; 11
20130529040: 5 6 6 ; 17
20130529041: 3 4 6 ; 13
20130529042: 2 3 4 ; 9
20130529043: 4 5 5 ; 14
20130529044: 1 1 2 ; 4
20130529045: 4 5 5 ; 14
20130529046: 1 4 5 ; 10
20130529047: 1 5 6 ; 12
20130529048: 1 2 6 ; 9
20130529049: 1 2 2 ; 5
20130529050: 2 2 3 ; 7
20130529051: 1 2 4 ; 7
20130529052: 2 5 5 ; 12
20130529053: 2 6 6 ; 14
20130529054: 1 2 6 ; 9
20130529055: 4 6 6 ; 16
20130529056: 3 5 5 ; 13
20130529057: 2 3 6 ; 11
20130529058: 1 1 1 ; 3
