20130821001: 1 2 6 ; 9
20130821002: 2 3 6 ; 11
20130821003: 1 3 4 ; 8
20130821004: 1 2 3 ; 6
20130821005: 3 6 6 ; 15
20130821006: 2 2 4 ; 8
20130821007: 1 1 6 ; 8
20130821008: 1 5 5 ; 11
20130821009: 1 3 6 ; 10
20130821010: 2 3 5 ; 10
20130821011: 3 3 5 ; 11
20130821012: 1 4 6 ; 11
20130821013: 1 2 2 ; 5
20130821014: 3 3 5 ; 11
20130821015: 4 5 5 ; 14
20130821016: 2 2 4 ; 8
20130821017: 4 6 6 ; 16
20130821018: 1 3 6 ; 10
20130821019: 4 4 4 ; 12
20130821020: 1 6 6 ; 13
20130821021: 1 5 5 ; 11
20130821022: 1 2 4 ; 7
20130821023: 1 3 6 ; 10
20130821024: 1 4 5 ; 10
20130821025: 3 6 6 ; 15
20130821026: 2 5 6 ; 13
20130821027: 2 3 6 ; 11
20130821028: 1 6 6 ; 13
20130821029: 3 5 6 ; 14
20130821030: 3 4 5 ; 12
20130821031: 1 1 5 ; 7
20130821032: 2 3 5 ; 10
20130821033: 2 3 3 ; 8
20130821034: 2 3 6 ; 11
20130821035: 1 4 5 ; 10
20130821036: 2 2 5 ; 9
20130821037: 1 3 6 ; 10
20130821038: 2 2 6 ; 10
20130821039: 1 5 5 ; 11
20130821040: 2 5 5 ; 12
20130821041: 1 4 5 ; 10
20130821042: 2 3 3 ; 8
20130821043: 2 4 6 ; 12
20130821044: 1 4 4 ; 9
20130821045: 1 4 6 ; 11
20130821046: 2 5 6 ; 13
20130821047: 1 1 6 ; 8
20130821048: 2 5 5 ; 12
20130821049: 3 5 6 ; 14
20130821050: 1 5 6 ; 12
20130821051: 1 2 2 ; 5
20130821052: 1 4 5 ; 10
20130821053: 1 2 3 ; 6
20130821054: 1 1 3 ; 5
20130821055: 4 5 6 ; 15
20130821056: 2 5 5 ; 12
20130821057: 1 3 4 ; 8
20130821058: 1 3 4 ; 8
20130821059: 1 3 6 ; 10
20130821060: 3 4 6 ; 13
20130821061: 1 3 5 ; 9
20130821062: 1 2 5 ; 8
20130821063: 1 3 4 ; 8
20130821064: 1 4 6 ; 11
20130821065: 2 3 3 ; 8
20130821066: 1 2 4 ; 7
20130821067: 1 2 6 ; 9
20130821068: 2 2 4 ; 8
20130821069: 1 1 2 ; 4
20130821070: 2 3 6 ; 11
20130821071: 2 3 4 ; 9
20130821072: 3 3 5 ; 11
20130821073: 1 2 5 ; 8
20130821074: 2 3 5 ; 10
20130821075: 2 4 6 ; 12
20130821076: 1 5 6 ; 12
20130821077: 1 2 3 ; 6
20130821078: 3 6 6 ; 15
