20131022001: 1 1 4 ; 6
20131022002: 3 4 6 ; 13
20131022003: 1 1 3 ; 5
20131022004: 1 3 4 ; 8
20131022005: 1 5 6 ; 12
20131022006: 1 1 4 ; 6
20131022007: 1 2 3 ; 6
20131022008: 1 3 4 ; 8
20131022009: 3 3 5 ; 11
20131022010: 1 3 4 ; 8
20131022011: 1 2 4 ; 7
20131022012: 2 4 5 ; 11
20131022013: 2 5 5 ; 12
20131022014: 3 4 6 ; 13
20131022015: 1 4 5 ; 10
20131022016: 1 2 5 ; 8
20131022017: 1 1 1 ; 3
20131022018: 1 3 6 ; 10
20131022019: 1 3 4 ; 8
20131022020: 3 4 5 ; 12
20131022021: 2 4 5 ; 11
20131022022: 4 5 6 ; 15
20131022023: 1 2 5 ; 8
20131022024: 3 4 6 ; 13
20131022025: 2 4 6 ; 12
20131022026: 3 4 4 ; 11
20131022027: 2 5 5 ; 12
20131022028: 1 1 6 ; 8
20131022029: 4 5 5 ; 14
20131022030: 1 3 4 ; 8
20131022031: 1 6 6 ; 13
20131022032: 1 3 5 ; 9
20131022033: 4 5 6 ; 15
20131022034: 1 4 6 ; 11
20131022035: 4 6 6 ; 16
20131022036: 1 5 5 ; 11
20131022037: 2 2 3 ; 7
20131022038: 2 6 6 ; 14
20131022039: 1 6 6 ; 13
20131022040: 1 5 6 ; 12
20131022041: 2 4 6 ; 12
20131022042: 1 3 3 ; 7
20131022043: 2 4 6 ; 12
20131022044: 3 4 6 ; 13
20131022045: 2 3 5 ; 10
20131022046: 4 5 6 ; 15
20131022047: 3 5 5 ; 13
20131022048: 3 6 6 ; 15
20131022049: 1 3 6 ; 10
20131022050: 1 1 2 ; 4
20131022051: 5 6 6 ; 17
20131022052: 3 3 3 ; 9
20131022053: 1 2 6 ; 9
20131022054: 1 2 4 ; 7
20131022055: 1 6 6 ; 13
20131022056: 1 4 6 ; 11
20131022057: 5 6 6 ; 17
20131022058: 3 6 6 ; 15
20131022059: 3 5 6 ; 14
20131022060: 1 2 5 ; 8
20131022061: 6 6 6 ; 18
20131022062: 1 2 4 ; 7
20131022063: 2 4 5 ; 11
20131022064: 1 3 3 ; 7
20131022065: 2 4 6 ; 12
20131022066: 2 2 3 ; 7
20131022067: 1 2 6 ; 9
20131022068: 2 4 6 ; 12
20131022069: 1 2 5 ; 8
20131022070: 1 1 5 ; 7
20131022071: 1 3 5 ; 9
20131022072: 3 4 5 ; 12
20131022073: 1 2 3 ; 6
20131022074: 1 3 3 ; 7
20131022075: 5 6 6 ; 17
20131022076: 3 4 5 ; 12
20131022077: 1 1 3 ; 5
20131022078: 1 2 3 ; 6
