20130713001: 2 2 6 ; 10
20130713002: 2 3 6 ; 11
20130713003: 1 4 5 ; 10
20130713004: 1 5 6 ; 12
20130713005: 1 4 6 ; 11
20130713006: 1 2 6 ; 9
20130713007: 2 4 5 ; 11
20130713008: 3 4 5 ; 12
20130713009: 4 4 6 ; 14
20130713010: 3 6 6 ; 15
20130713011: 1 2 3 ; 6
20130713012: 2 2 4 ; 8
20130713013: 3 5 6 ; 14
20130713014: 3 4 4 ; 11
20130713015: 3 4 6 ; 13
20130713016: 3 6 6 ; 15
20130713017: 2 2 5 ; 9
20130713018: 1 2 5 ; 8
20130713019: 1 5 6 ; 12
20130713020: 4 4 6 ; 14
20130713021: 1 5 6 ; 12
20130713022: 2 4 6 ; 12
20130713023: 2 3 5 ; 10
20130713024: 1 1 5 ; 7
20130713025: 1 5 6 ; 12
20130713026: 2 3 5 ; 10
20130713027: 2 5 6 ; 13
20130713028: 1 5 5 ; 11
20130713029: 1 1 3 ; 5
20130713030: 1 2 2 ; 5
20130713031: 1 2 6 ; 9
20130713032: 3 3 6 ; 12
20130713033: 2 3 5 ; 10
20130713034: 1 1 2 ; 4
20130713035: 3 5 6 ; 14
20130713036: 1 2 5 ; 8
20130713037: 3 3 6 ; 12
20130713038: 2 2 5 ; 9
20130713039: 1 2 6 ; 9
20130713040: 3 3 4 ; 10
20130713041: 1 3 5 ; 9
20130713042: 1 4 6 ; 11
20130713043: 4 5 6 ; 15
20130713044: 2 4 5 ; 11
20130713045: 1 6 6 ; 13
20130713046: 4 5 5 ; 14
20130713047: 3 5 6 ; 14
20130713048: 4 4 4 ; 12
20130713049: 1 3 6 ; 10
20130713050: 1 3 4 ; 8
20130713051: 3 5 5 ; 13
20130713052: 3 4 6 ; 13
20130713053: 2 3 5 ; 10
20130713054: 1 1 5 ; 7
20130713055: 3 3 6 ; 12
20130713056: 4 5 5 ; 14
20130713057: 3 3 5 ; 11
20130713058: 1 5 6 ; 12
20130713059: 4 5 6 ; 15
20130713060: 2 3 5 ; 10
20130713061: 1 4 5 ; 10
20130713062: 3 4 5 ; 12
20130713063: 4 5 5 ; 14
20130713064: 2 2 5 ; 9
20130713065: 3 4 4 ; 11
20130713066: 1 1 2 ; 4
20130713067: 2 4 4 ; 10
20130713068: 2 4 6 ; 12
20130713069: 2 3 5 ; 10
20130713070: 3 3 5 ; 11
20130713071: 2 6 6 ; 14
20130713072: 4 5 6 ; 15
20130713073: 4 4 4 ; 12
20130713074: 1 3 3 ; 7
20130713075: 1 5 6 ; 12
20130713076: 1 2 4 ; 7
20130713077: 2 2 3 ; 7
20130713078: 2 3 4 ; 9
