20130820001: 3 4 5 ; 12
20130820002: 2 4 4 ; 10
20130820003: 3 6 6 ; 15
20130820004: 1 3 6 ; 10
20130820005: 2 4 5 ; 11
20130820006: 4 4 6 ; 14
20130820007: 2 3 4 ; 9
20130820008: 3 3 4 ; 10
20130820009: 5 6 6 ; 17
20130820010: 1 1 6 ; 8
20130820011: 3 3 4 ; 10
20130820012: 3 5 5 ; 13
20130820013: 1 3 5 ; 9
20130820014: 1 2 5 ; 8
20130820015: 1 3 5 ; 9
20130820016: 2 4 4 ; 10
20130820017: 1 4 5 ; 10
20130820018: 1 3 3 ; 7
20130820019: 2 2 5 ; 9
20130820020: 5 5 5 ; 15
20130820021: 1 1 4 ; 6
20130820022: 3 3 5 ; 11
20130820023: 1 1 3 ; 5
20130820024: 1 3 3 ; 7
20130820025: 1 3 5 ; 9
20130820026: 1 3 3 ; 7
20130820027: 3 5 6 ; 14
20130820028: 1 3 4 ; 8
20130820029: 4 6 6 ; 16
20130820030: 3 4 4 ; 11
20130820031: 1 2 5 ; 8
20130820032: 2 4 6 ; 12
20130820033: 4 5 5 ; 14
20130820034: 3 4 5 ; 12
20130820035: 3 4 5 ; 12
20130820036: 1 3 5 ; 9
20130820037: 2 5 6 ; 13
20130820038: 1 3 6 ; 10
20130820039: 4 4 5 ; 13
20130820040: 1 2 5 ; 8
20130820041: 2 3 6 ; 11
20130820042: 2 4 5 ; 11
20130820043: 2 5 5 ; 12
20130820044: 1 2 3 ; 6
20130820045: 2 3 5 ; 10
20130820046: 1 3 3 ; 7
20130820047: 1 4 4 ; 9
20130820048: 1 2 6 ; 9
20130820049: 1 2 3 ; 6
20130820050: 1 3 5 ; 9
20130820051: 1 4 5 ; 10
20130820052: 2 5 5 ; 12
20130820053: 1 4 6 ; 11
20130820054: 2 4 4 ; 10
20130820055: 1 2 3 ; 6
20130820056: 2 2 5 ; 9
20130820057: 1 4 5 ; 10
20130820058: 3 6 6 ; 15
20130820059: 5 6 6 ; 17
20130820060: 1 3 4 ; 8
20130820061: 1 5 5 ; 11
20130820062: 3 3 6 ; 12
20130820063: 4 5 5 ; 14
20130820064: 4 4 6 ; 14
20130820065: 1 4 4 ; 9
20130820066: 1 4 6 ; 11
20130820067: 1 4 6 ; 11
20130820068: 5 5 6 ; 16
20130820069: 1 3 5 ; 9
20130820070: 2 2 4 ; 8
20130820071: 2 4 5 ; 11
20130820072: 2 4 4 ; 10
20130820073: 1 4 5 ; 10
20130820074: 1 4 5 ; 10
20130820075: 2 3 6 ; 11
20130820076: 3 4 5 ; 12
20130820077: 1 3 6 ; 10
20130820078: 1 2 3 ; 6
