20130703001: 1 3 4 ; 8
20130703002: 2 2 2 ; 6
20130703003: 3 3 6 ; 12
20130703004: 1 2 3 ; 6
20130703005: 2 2 5 ; 9
20130703006: 1 1 2 ; 4
20130703007: 2 5 6 ; 13
20130703008: 2 6 6 ; 14
20130703009: 2 2 4 ; 8
20130703010: 4 5 6 ; 15
20130703011: 1 6 6 ; 13
20130703012: 2 5 6 ; 13
20130703013: 1 5 6 ; 12
20130703014: 1 2 3 ; 6
20130703015: 2 5 6 ; 13
20130703016: 5 6 6 ; 17
20130703017: 2 6 6 ; 14
20130703018: 1 2 4 ; 7
20130703019: 3 4 5 ; 12
20130703020: 2 2 5 ; 9
20130703021: 1 4 6 ; 11
20130703022: 4 4 5 ; 13
20130703023: 2 6 6 ; 14
20130703024: 1 3 5 ; 9
20130703025: 2 5 6 ; 13
20130703026: 2 2 4 ; 8
20130703027: 1 1 2 ; 4
20130703028: 2 6 6 ; 14
20130703029: 1 1 2 ; 4
20130703030: 2 6 6 ; 14
20130703031: 2 3 4 ; 9
20130703032: 5 5 6 ; 16
20130703033: 1 4 5 ; 10
20130703034: 1 1 4 ; 6
20130703035: 1 4 6 ; 11
20130703036: 1 3 4 ; 8
20130703037: 2 5 6 ; 13
20130703038: 1 5 5 ; 11
20130703039: 1 4 6 ; 11
20130703040: 2 5 6 ; 13
20130703041: 4 6 6 ; 16
20130703042: 2 3 6 ; 11
20130703043: 5 6 6 ; 17
20130703044: 2 3 5 ; 10
20130703045: 1 2 3 ; 6
20130703046: 1 6 6 ; 13
20130703047: 1 2 2 ; 5
20130703048: 3 4 4 ; 11
20130703049: 1 4 4 ; 9
20130703050: 2 4 6 ; 12
20130703051: 3 4 6 ; 13
20130703052: 1 1 3 ; 5
20130703053: 3 4 6 ; 13
20130703054: 1 1 3 ; 5
20130703055: 3 3 6 ; 12
20130703056: 1 2 3 ; 6
20130703057: 2 3 3 ; 8
20130703058: 1 3 4 ; 8
20130703059: 4 5 6 ; 15
20130703060: 2 3 4 ; 9
20130703061: 2 2 6 ; 10
20130703062: 1 4 6 ; 11
20130703063: 2 5 5 ; 12
20130703064: 3 4 6 ; 13
20130703065: 4 5 6 ; 15
20130703066: 1 1 5 ; 7
20130703067: 4 4 5 ; 13
20130703068: 2 2 5 ; 9
20130703069: 3 5 5 ; 13
20130703070: 1 2 3 ; 6
20130703071: 2 3 5 ; 10
20130703072: 1 2 4 ; 7
20130703073: 2 5 6 ; 13
20130703074: 1 3 4 ; 8
20130703075: 1 1 3 ; 5
20130703076: 4 5 6 ; 15
20130703077: 1 1 2 ; 4
20130703078: 4 4 5 ; 13
