20131011001: 1 4 6 ; 11
20131011002: 1 5 6 ; 12
20131011003: 4 5 6 ; 15
20131011004: 4 4 4 ; 12
20131011005: 3 4 6 ; 13
20131011006: 1 3 5 ; 9
20131011007: 3 3 6 ; 12
20131011008: 1 5 5 ; 11
20131011009: 1 5 5 ; 11
20131011010: 1 4 5 ; 10
20131011011: 2 2 5 ; 9
20131011012: 3 3 5 ; 11
20131011013: 2 2 6 ; 10
20131011014: 3 3 4 ; 10
20131011015: 1 4 4 ; 9
20131011016: 5 6 6 ; 17
20131011017: 1 2 4 ; 7
20131011018: 1 2 2 ; 5
20131011019: 4 4 5 ; 13
20131011020: 2 3 5 ; 10
20131011021: 1 4 5 ; 10
20131011022: 1 2 5 ; 8
20131011023: 1 2 3 ; 6
20131011024: 2 5 6 ; 13
20131011025: 2 2 5 ; 9
20131011026: 1 4 5 ; 10
20131011027: 2 4 4 ; 10
20131011028: 4 4 5 ; 13
20131011029: 1 2 5 ; 8
20131011030: 1 4 6 ; 11
20131011031: 3 3 5 ; 11
20131011032: 3 4 5 ; 12
20131011033: 3 3 5 ; 11
20131011034: 3 4 5 ; 12
20131011035: 6 6 6 ; 18
20131011036: 2 6 6 ; 14
20131011037: 3 5 5 ; 13
20131011038: 1 1 1 ; 3
20131011039: 2 3 4 ; 9
20131011040: 3 6 6 ; 15
20131011041: 2 2 5 ; 9
20131011042: 1 1 6 ; 8
20131011043: 1 3 4 ; 8
20131011044: 2 4 6 ; 12
20131011045: 2 5 5 ; 12
20131011046: 4 4 4 ; 12
20131011047: 2 3 5 ; 10
20131011048: 1 2 4 ; 7
20131011049: 2 3 6 ; 11
20131011050: 2 2 4 ; 8
20131011051: 1 1 4 ; 6
20131011052: 1 2 4 ; 7
20131011053: 3 5 6 ; 14
20131011054: 2 4 5 ; 11
20131011055: 3 6 6 ; 15
20131011056: 2 5 5 ; 12
20131011057: 1 3 4 ; 8
20131011058: 3 6 6 ; 15
20131011059: 2 4 5 ; 11
20131011060: 1 4 6 ; 11
20131011061: 1 1 2 ; 4
20131011062: 4 5 6 ; 15
20131011063: 1 4 4 ; 9
20131011064: 1 1 4 ; 6
20131011065: 2 2 2 ; 6
20131011066: 2 5 5 ; 12
20131011067: 2 4 5 ; 11
20131011068: 2 4 6 ; 12
20131011069: 1 3 4 ; 8
20131011070: 2 3 4 ; 9
20131011071: 2 2 4 ; 8
20131011072: 1 1 2 ; 4
20131011073: 4 6 6 ; 16
20131011074: 2 5 6 ; 13
20131011075: 1 5 6 ; 12
20131011076: 3 4 5 ; 12
20131011077: 3 3 5 ; 11
20131011078: 2 5 6 ; 13
