20130816001: 1 1 4 ; 6
20130816002: 1 4 6 ; 11
20130816003: 1 4 6 ; 11
20130816004: 4 4 6 ; 14
20130816005: 2 3 5 ; 10
20130816006: 1 1 2 ; 4
20130816007: 1 3 4 ; 8
20130816008: 1 2 5 ; 8
20130816009: 3 5 6 ; 14
20130816010: 3 3 6 ; 12
20130816011: 1 3 3 ; 7
20130816012: 3 3 4 ; 10
20130816013: 1 2 6 ; 9
20130816014: 1 3 4 ; 8
20130816015: 2 6 6 ; 14
20130816016: 2 3 5 ; 10
20130816017: 1 3 5 ; 9
20130816018: 2 4 6 ; 12
20130816019: 1 4 4 ; 9
20130816020: 2 4 6 ; 12
20130816021: 3 4 5 ; 12
20130816022: 5 5 6 ; 16
20130816023: 1 4 4 ; 9
20130816024: 3 6 6 ; 15
20130816025: 2 2 6 ; 10
20130816026: 3 6 6 ; 15
20130816027: 2 2 3 ; 7
20130816028: 1 1 4 ; 6
20130816029: 4 6 6 ; 16
20130816030: 2 2 5 ; 9
20130816031: 1 4 5 ; 10
20130816032: 1 3 3 ; 7
20130816033: 2 3 6 ; 11
20130816034: 1 3 5 ; 9
20130816035: 2 4 5 ; 11
20130816036: 4 5 6 ; 15
20130816037: 4 5 6 ; 15
20130816038: 4 4 5 ; 13
20130816039: 2 3 5 ; 10
20130816040: 3 3 4 ; 10
20130816041: 4 6 6 ; 16
20130816042: 3 5 6 ; 14
20130816043: 1 2 4 ; 7
20130816044: 1 5 5 ; 11
20130816045: 4 5 6 ; 15
20130816046: 2 4 6 ; 12
20130816047: 1 3 4 ; 8
20130816048: 2 5 6 ; 13
20130816049: 1 2 4 ; 7
20130816050: 1 3 3 ; 7
20130816051: 1 3 5 ; 9
20130816052: 3 5 6 ; 14
20130816053: 2 2 4 ; 8
20130816054: 2 4 6 ; 12
20130816055: 1 3 4 ; 8
20130816056: 1 3 4 ; 8
20130816057: 2 4 5 ; 11
20130816058: 2 2 4 ; 8
20130816059: 1 4 5 ; 10
20130816060: 1 3 4 ; 8
20130816061: 1 3 3 ; 7
20130816062: 1 4 5 ; 10
20130816063: 1 3 6 ; 10
20130816064: 1 2 5 ; 8
20130816065: 4 4 5 ; 13
20130816066: 1 5 6 ; 12
20130816067: 2 5 5 ; 12
20130816068: 5 6 6 ; 17
20130816069: 2 3 5 ; 10
20130816070: 3 4 5 ; 12
20130816071: 1 3 4 ; 8
20130816072: 1 5 6 ; 12
20130816073: 1 4 5 ; 10
20130816074: 1 4 4 ; 9
20130816075: 2 3 6 ; 11
20130816076: 4 5 6 ; 15
20130816077: 1 2 6 ; 9
20130816078: 2 5 6 ; 13
