20131115001: 4 4 4 ; 12
20131115002: 2 3 6 ; 11
20131115003: 1 5 5 ; 11
20131115004: 1 4 5 ; 10
20131115005: 4 6 6 ; 16
20131115006: 2 2 6 ; 10
20131115007: 1 1 6 ; 8
20131115008: 2 2 6 ; 10
20131115009: 4 4 6 ; 14
20131115010: 4 4 5 ; 13
20131115011: 4 5 5 ; 14
20131115012: 1 3 6 ; 10
20131115013: 1 3 6 ; 10
20131115014: 4 4 5 ; 13
20131115015: 3 4 5 ; 12
20131115016: 1 2 6 ; 9
20131115017: 1 4 6 ; 11
20131115018: 6 6 6 ; 18
20131115019: 1 3 3 ; 7
20131115020: 1 1 4 ; 6
20131115021: 3 3 4 ; 10
20131115022: 2 5 6 ; 13
20131115023: 1 2 5 ; 8
20131115024: 2 3 6 ; 11
20131115025: 3 4 6 ; 13
20131115026: 4 4 5 ; 13
20131115027: 3 4 6 ; 13
20131115028: 3 4 6 ; 13
20131115029: 2 6 6 ; 14
20131115030: 1 5 5 ; 11
20131115031: 1 5 5 ; 11
20131115032: 1 2 4 ; 7
20131115033: 2 5 5 ; 12
20131115034: 3 6 6 ; 15
20131115035: 1 3 4 ; 8
20131115036: 2 2 4 ; 8
20131115037: 3 5 6 ; 14
20131115038: 1 1 5 ; 7
20131115039: 2 2 3 ; 7
20131115040: 4 4 5 ; 13
20131115041: 1 6 6 ; 13
20131115042: 3 4 6 ; 13
20131115043: 3 4 5 ; 12
20131115044: 4 5 6 ; 15
20131115045: 1 4 4 ; 9
20131115046: 2 5 6 ; 13
20131115047: 1 3 4 ; 8
20131115048: 3 4 6 ; 13
20131115049: 3 5 6 ; 14
20131115050: 1 2 5 ; 8
20131115051: 2 3 5 ; 10
20131115052: 1 1 4 ; 6
20131115053: 1 3 4 ; 8
20131115054: 1 3 5 ; 9
20131115055: 2 3 3 ; 8
20131115056: 1 4 4 ; 9
20131115057: 1 1 2 ; 4
20131115058: 3 3 5 ; 11
20131115059: 1 2 3 ; 6
20131115060: 1 1 2 ; 4
20131115061: 1 3 6 ; 10
20131115062: 2 3 3 ; 8
20131115063: 3 4 5 ; 12
20131115064: 1 1 4 ; 6
20131115065: 1 3 5 ; 9
20131115066: 2 3 5 ; 10
20131115067: 4 5 6 ; 15
20131115068: 1 4 6 ; 11
20131115069: 4 5 6 ; 15
20131115070: 4 5 6 ; 15
20131115071: 2 3 4 ; 9
20131115072: 2 3 4 ; 9
20131115073: 3 4 4 ; 11
20131115074: 1 4 4 ; 9
20131115075: 1 2 4 ; 7
20131115076: 5 6 6 ; 17
20131115077: 1 2 6 ; 9
20131115078: 4 4 5 ; 13
