20131101001: 1 2 4 ; 7
20131101002: 3 4 5 ; 12
20131101003: 1 1 2 ; 4
20131101004: 1 3 5 ; 9
20131101005: 1 3 5 ; 9
20131101006: 3 4 6 ; 13
20131101007: 4 5 6 ; 15
20131101008: 2 4 4 ; 10
20131101009: 1 2 3 ; 6
20131101010: 2 4 6 ; 12
20131101011: 3 3 5 ; 11
20131101012: 1 1 6 ; 8
20131101013: 1 1 5 ; 7
20131101014: 2 3 5 ; 10
20131101015: 2 6 6 ; 14
20131101016: 2 4 5 ; 11
20131101017: 1 2 4 ; 7
20131101018: 2 2 2 ; 6
20131101019: 1 4 6 ; 11
20131101020: 2 5 5 ; 12
20131101021: 1 3 4 ; 8
20131101022: 2 3 3 ; 8
20131101023: 2 4 6 ; 12
20131101024: 1 4 4 ; 9
20131101025: 2 3 3 ; 8
20131101026: 1 5 5 ; 11
20131101027: 2 3 5 ; 10
20131101028: 2 3 3 ; 8
20131101029: 1 3 4 ; 8
20131101030: 1 2 6 ; 9
20131101031: 2 5 6 ; 13
20131101032: 3 5 6 ; 14
20131101033: 2 2 4 ; 8
20131101034: 2 2 2 ; 6
20131101035: 1 2 5 ; 8
20131101036: 2 2 6 ; 10
20131101037: 4 5 5 ; 14
20131101038: 2 4 5 ; 11
20131101039: 2 2 3 ; 7
20131101040: 2 2 6 ; 10
20131101041: 1 2 5 ; 8
20131101042: 1 4 6 ; 11
20131101043: 4 5 6 ; 15
20131101044: 1 1 3 ; 5
20131101045: 1 2 4 ; 7
20131101046: 1 5 5 ; 11
20131101047: 2 5 6 ; 13
20131101048: 1 4 6 ; 11
20131101049: 3 4 6 ; 13
20131101050: 3 3 3 ; 9
20131101051: 2 4 5 ; 11
20131101052: 3 4 5 ; 12
20131101053: 1 4 5 ; 10
20131101054: 1 2 6 ; 9
20131101055: 2 3 5 ; 10
20131101056: 1 4 4 ; 9
20131101057: 3 5 6 ; 14
20131101058: 4 6 6 ; 16
20131101059: 3 3 6 ; 12
20131101060: 2 2 4 ; 8
20131101061: 1 5 6 ; 12
20131101062: 2 4 6 ; 12
20131101063: 3 4 5 ; 12
20131101064: 1 5 6 ; 12
20131101065: 4 4 6 ; 14
20131101066: 2 2 6 ; 10
20131101067: 3 3 6 ; 12
20131101068: 5 5 5 ; 15
20131101069: 2 4 6 ; 12
20131101070: 1 1 3 ; 5
20131101071: 3 4 5 ; 12
20131101072: 1 5 6 ; 12
20131101073: 4 6 6 ; 16
20131101074: 4 6 6 ; 16
20131101075: 2 4 5 ; 11
20131101076: 3 5 6 ; 14
20131101077: 1 4 6 ; 11
20131101078: 4 4 5 ; 13
