20130530001: 3 3 3 ; 9
20130530002: 2 4 4 ; 10
20130530003: 1 1 5 ; 7
20130530004: 1 3 6 ; 10
20130530005: 1 3 6 ; 10
20130530006: 2 5 6 ; 13
20130530007: 3 5 6 ; 14
20130530008: 3 3 6 ; 12
20130530009: 1 4 6 ; 11
20130530010: 2 2 3 ; 7
20130530011: 1 5 6 ; 12
20130530012: 2 6 6 ; 14
20130530013: 1 4 6 ; 11
20130530014: 2 4 6 ; 12
20130530015: 5 5 6 ; 16
20130530016: 4 5 6 ; 15
20130530017: 4 4 6 ; 14
20130530018: 1 2 2 ; 5
20130530019: 3 3 4 ; 10
20130530020: 2 5 5 ; 12
20130530021: 1 4 4 ; 9
20130530022: 2 6 6 ; 14
20130530023: 2 3 5 ; 10
20130530024: 1 5 6 ; 12
20130530025: 2 4 6 ; 12
20130530026: 3 6 6 ; 15
20130530027: 3 4 5 ; 12
20130530028: 3 5 5 ; 13
20130530029: 2 6 6 ; 14
20130530030: 1 5 5 ; 11
20130530031: 3 3 6 ; 12
20130530032: 5 6 6 ; 17
20130530033: 1 1 5 ; 7
20130530034: 2 4 5 ; 11
20130530035: 1 3 6 ; 10
20130530036: 1 2 3 ; 6
20130530037: 2 4 5 ; 11
20130530038: 2 2 5 ; 9
20130530039: 1 2 4 ; 7
20130530040: 2 5 5 ; 12
20130530041: 2 6 6 ; 14
20130530042: 2 2 4 ; 8
20130530043: 3 4 6 ; 13
20130530044: 1 4 6 ; 11
20130530045: 2 2 4 ; 8
20130530046: 2 3 6 ; 11
20130530047: 1 3 5 ; 9
20130530048: 3 3 6 ; 12
20130530049: 1 3 5 ; 9
20130530050: 1 1 1 ; 3
20130530051: 1 2 6 ; 9
20130530052: 1 2 3 ; 6
20130530053: 3 5 5 ; 13
20130530054: 1 3 5 ; 9
20130530055: 1 4 5 ; 10
20130530056: 3 4 4 ; 11
20130530057: 3 4 4 ; 11
20130530058: 2 4 4 ; 10
20130530059: 3 4 6 ; 13
20130530060: 1 3 4 ; 8
20130530061: 2 3 4 ; 9
20130530062: 1 2 5 ; 8
20130530063: 2 3 5 ; 10
20130530064: 2 3 6 ; 11
20130530065: 2 5 6 ; 13
20130530066: 3 4 6 ; 13
20130530067: 1 5 6 ; 12
20130530068: 1 3 5 ; 9
20130530069: 3 3 5 ; 11
20130530070: 1 1 2 ; 4
20130530071: 2 2 3 ; 7
20130530072: 5 5 6 ; 16
