20130912001: 1 3 3 ; 7
20130912002: 1 1 4 ; 6
20130912003: 2 4 6 ; 12
20130912004: 2 3 3 ; 8
20130912005: 1 3 4 ; 8
20130912006: 1 3 5 ; 9
20130912007: 1 2 5 ; 8
20130912008: 2 3 5 ; 10
20130912009: 2 3 6 ; 11
20130912010: 1 4 6 ; 11
20130912011: 2 4 5 ; 11
20130912012: 2 4 6 ; 12
20130912013: 2 3 6 ; 11
20130912014: 1 5 6 ; 12
20130912015: 2 5 5 ; 12
20130912016: 4 5 6 ; 15
20130912017: 1 3 4 ; 8
20130912018: 2 2 5 ; 9
20130912019: 4 5 5 ; 14
20130912020: 3 4 6 ; 13
20130912021: 1 4 4 ; 9
20130912022: 2 3 6 ; 11
20130912023: 1 5 5 ; 11
20130912024: 4 5 6 ; 15
20130912025: 1 2 3 ; 6
20130912026: 2 4 6 ; 12
20130912027: 2 4 6 ; 12
20130912028: 3 3 5 ; 11
20130912029: 1 2 3 ; 6
20130912030: 1 1 1 ; 3
20130912031: 2 5 6 ; 13
20130912032: 4 6 6 ; 16
20130912033: 1 2 6 ; 9
20130912034: 2 2 3 ; 7
20130912035: 2 2 5 ; 9
20130912036: 1 6 6 ; 13
20130912037: 1 4 6 ; 11
20130912038: 2 4 6 ; 12
20130912039: 4 5 5 ; 14
20130912040: 4 4 6 ; 14
20130912041: 1 4 6 ; 11
20130912042: 4 4 6 ; 14
20130912043: 4 4 5 ; 13
20130912044: 3 5 6 ; 14
20130912045: 2 4 5 ; 11
20130912046: 1 2 6 ; 9
20130912047: 2 2 6 ; 10
20130912048: 2 3 5 ; 10
20130912049: 2 2 4 ; 8
20130912050: 3 5 6 ; 14
20130912051: 1 1 2 ; 4
20130912052: 2 4 5 ; 11
20130912053: 1 5 5 ; 11
20130912054: 1 3 5 ; 9
20130912055: 1 2 5 ; 8
20130912056: 3 6 6 ; 15
20130912057: 5 5 6 ; 16
20130912058: 2 4 6 ; 12
20130912059: 2 5 5 ; 12
20130912060: 2 3 5 ; 10
20130912061: 1 2 5 ; 8
20130912062: 2 3 6 ; 11
20130912063: 1 5 5 ; 11
20130912064: 1 3 3 ; 7
20130912065: 3 3 6 ; 12
20130912066: 1 3 6 ; 10
20130912067: 1 2 3 ; 6
20130912068: 5 5 6 ; 16
20130912069: 1 4 5 ; 10
20130912070: 1 2 2 ; 5
20130912071: 2 4 6 ; 12
20130912072: 1 4 4 ; 9
20130912073: 1 1 6 ; 8
20130912074: 2 2 4 ; 8
20130912075: 2 3 4 ; 9
20130912076: 1 4 5 ; 10
20130912077: 2 3 6 ; 11
20130912078: 1 5 6 ; 12
