20131122001: 2 4 5 ; 11
20131122002: 5 6 6 ; 17
20131122003: 2 4 5 ; 11
20131122004: 1 2 4 ; 7
20131122005: 2 5 6 ; 13
20131122006: 2 5 6 ; 13
20131122007: 1 5 6 ; 12
20131122008: 2 2 4 ; 8
20131122009: 1 4 5 ; 10
20131122010: 2 4 6 ; 12
20131122011: 2 3 6 ; 11
20131122012: 1 2 5 ; 8
20131122013: 2 4 6 ; 12
20131122014: 4 6 6 ; 16
20131122015: 2 3 6 ; 11
20131122016: 1 2 6 ; 9
20131122017: 2 3 4 ; 9
20131122018: 3 3 6 ; 12
20131122019: 4 4 6 ; 14
20131122020: 1 1 2 ; 4
20131122021: 3 3 4 ; 10
20131122022: 1 3 5 ; 9
20131122023: 2 3 4 ; 9
20131122024: 2 2 5 ; 9
20131122025: 3 3 5 ; 11
20131122026: 1 3 5 ; 9
20131122027: 1 2 5 ; 8
20131122028: 1 2 6 ; 9
20131122029: 1 3 5 ; 9
20131122030: 1 2 3 ; 6
20131122031: 1 4 4 ; 9
20131122032: 3 4 5 ; 12
20131122033: 2 3 4 ; 9
20131122034: 1 3 6 ; 10
20131122035: 2 3 6 ; 11
20131122036: 2 6 6 ; 14
20131122037: 1 4 4 ; 9
20131122038: 2 2 4 ; 8
20131122039: 1 2 3 ; 6
20131122040: 1 2 3 ; 6
20131122041: 3 4 6 ; 13
20131122042: 2 5 5 ; 12
20131122043: 1 3 5 ; 9
20131122044: 3 3 6 ; 12
20131122045: 1 3 5 ; 9
20131122046: 1 3 5 ; 9
20131122047: 2 5 6 ; 13
20131122048: 4 4 5 ; 13
20131122049: 2 3 6 ; 11
20131122050: 1 3 4 ; 8
20131122051: 3 5 5 ; 13
20131122052: 4 6 6 ; 16
20131122053: 1 2 6 ; 9
20131122054: 5 5 6 ; 16
20131122055: 4 5 5 ; 14
20131122056: 2 4 5 ; 11
20131122057: 3 4 6 ; 13
20131122058: 1 1 6 ; 8
20131122059: 1 2 2 ; 5
20131122060: 2 2 2 ; 6
20131122061: 1 4 6 ; 11
20131122062: 2 4 6 ; 12
20131122063: 4 5 6 ; 15
20131122064: 1 2 4 ; 7
20131122065: 4 4 5 ; 13
20131122066: 2 2 6 ; 10
20131122067: 2 4 6 ; 12
20131122068: 2 3 4 ; 9
20131122069: 2 4 6 ; 12
20131122070: 1 5 6 ; 12
20131122071: 2 3 6 ; 11
20131122072: 2 5 5 ; 12
20131122073: 2 4 4 ; 10
20131122074: 1 1 2 ; 4
20131122075: 1 2 3 ; 6
20131122076: 1 5 6 ; 12
20131122077: 3 4 4 ; 11
20131122078: 1 1 6 ; 8
