20130909001: 2 2 5 ; 9
20130909002: 1 2 5 ; 8
20130909003: 1 2 5 ; 8
20130909004: 2 4 5 ; 11
20130909005: 2 2 4 ; 8
20130909006: 3 5 5 ; 13
20130909007: 1 4 5 ; 10
20130909008: 5 5 6 ; 16
20130909009: 2 4 6 ; 12
20130909010: 3 3 6 ; 12
20130909011: 1 1 2 ; 4
20130909012: 1 2 2 ; 5
20130909013: 1 3 5 ; 9
20130909014: 2 3 3 ; 8
20130909015: 4 4 6 ; 14
20130909016: 2 2 6 ; 10
20130909017: 2 2 3 ; 7
20130909018: 3 4 5 ; 12
20130909019: 3 3 6 ; 12
20130909020: 2 3 6 ; 11
20130909021: 1 1 5 ; 7
20130909022: 3 3 5 ; 11
20130909023: 3 4 5 ; 12
20130909024: 1 1 4 ; 6
20130909025: 3 3 3 ; 9
20130909026: 1 2 6 ; 9
20130909027: 5 6 6 ; 17
20130909028: 1 4 4 ; 9
20130909029: 1 3 6 ; 10
20130909030: 1 3 6 ; 10
20130909031: 1 1 5 ; 7
20130909032: 2 3 5 ; 10
20130909033: 1 1 3 ; 5
20130909034: 2 5 6 ; 13
20130909035: 2 2 5 ; 9
20130909036: 1 3 5 ; 9
20130909037: 1 1 5 ; 7
20130909038: 1 2 6 ; 9
20130909039: 4 5 6 ; 15
20130909040: 1 5 5 ; 11
20130909041: 1 1 5 ; 7
20130909042: 3 6 6 ; 15
20130909043: 1 4 6 ; 11
20130909044: 1 1 4 ; 6
20130909045: 3 5 5 ; 13
20130909046: 2 5 6 ; 13
20130909047: 2 5 5 ; 12
20130909048: 1 5 5 ; 11
20130909049: 2 3 6 ; 11
20130909050: 1 5 6 ; 12
20130909051: 1 1 6 ; 8
20130909052: 1 5 6 ; 12
20130909053: 3 4 6 ; 13
20130909054: 1 2 6 ; 9
20130909055: 6 6 6 ; 18
20130909056: 1 2 4 ; 7
20130909057: 2 3 5 ; 10
20130909058: 2 3 4 ; 9
20130909059: 3 3 6 ; 12
20130909060: 3 5 6 ; 14
20130909061: 4 5 6 ; 15
20130909062: 4 4 4 ; 12
20130909063: 1 3 4 ; 8
20130909064: 1 6 6 ; 13
20130909065: 3 5 6 ; 14
20130909066: 2 4 5 ; 11
20130909067: 1 1 4 ; 6
20130909068: 2 2 6 ; 10
20130909069: 1 4 5 ; 10
20130909070: 1 3 5 ; 9
20130909071: 6 6 6 ; 18
20130909072: 6 6 6 ; 18
20130909073: 3 4 6 ; 13
20130909074: 1 2 4 ; 7
20130909075: 3 4 6 ; 13
20130909076: 2 5 6 ; 13
20130909077: 3 3 6 ; 12
20130909078: 3 4 5 ; 12
