20131028001: 1 4 4 ; 9
20131028002: 4 4 4 ; 12
20131028003: 1 2 2 ; 5
20131028004: 1 2 5 ; 8
20131028005: 1 3 6 ; 10
20131028006: 1 4 6 ; 11
20131028007: 2 3 5 ; 10
20131028008: 2 3 5 ; 10
20131028009: 3 4 4 ; 11
20131028010: 2 3 6 ; 11
20131028011: 1 1 4 ; 6
20131028012: 1 2 2 ; 5
20131028013: 2 6 6 ; 14
20131028014: 2 4 5 ; 11
20131028015: 4 4 5 ; 13
20131028016: 2 4 5 ; 11
20131028017: 1 1 3 ; 5
20131028018: 2 4 4 ; 10
20131028019: 2 2 6 ; 10
20131028020: 3 5 6 ; 14
20131028021: 5 5 5 ; 15
20131028022: 3 4 6 ; 13
20131028023: 1 3 6 ; 10
20131028024: 3 4 4 ; 11
20131028025: 2 3 4 ; 9
20131028026: 2 3 4 ; 9
20131028027: 5 5 6 ; 16
20131028028: 2 5 5 ; 12
20131028029: 4 5 6 ; 15
20131028030: 2 2 5 ; 9
20131028031: 1 2 3 ; 6
20131028032: 1 3 3 ; 7
20131028033: 3 4 6 ; 13
20131028034: 2 3 6 ; 11
20131028035: 2 4 5 ; 11
20131028036: 3 5 6 ; 14
20131028037: 3 4 6 ; 13
20131028038: 4 4 4 ; 12
20131028039: 2 4 5 ; 11
20131028040: 2 3 5 ; 10
20131028041: 1 5 5 ; 11
20131028042: 2 3 4 ; 9
20131028043: 2 4 4 ; 10
20131028044: 1 2 3 ; 6
20131028045: 4 5 6 ; 15
20131028046: 1 1 3 ; 5
20131028047: 1 2 3 ; 6
20131028048: 2 5 6 ; 13
20131028049: 2 4 5 ; 11
20131028050: 5 5 6 ; 16
20131028051: 3 4 5 ; 12
20131028052: 2 3 5 ; 10
20131028053: 4 5 6 ; 15
20131028054: 1 2 3 ; 6
20131028055: 1 3 6 ; 10
20131028056: 1 4 6 ; 11
20131028057: 3 4 6 ; 13
20131028058: 3 5 5 ; 13
20131028059: 4 4 5 ; 13
20131028060: 3 3 4 ; 10
20131028061: 1 5 5 ; 11
20131028062: 4 5 5 ; 14
20131028063: 3 4 4 ; 11
20131028064: 2 3 3 ; 8
20131028065: 2 5 5 ; 12
20131028066: 4 5 6 ; 15
20131028067: 1 1 3 ; 5
20131028068: 1 1 3 ; 5
20131028069: 2 5 6 ; 13
20131028070: 2 2 5 ; 9
20131028071: 1 3 6 ; 10
20131028072: 4 5 6 ; 15
20131028073: 1 1 5 ; 7
20131028074: 2 4 6 ; 12
20131028075: 1 3 5 ; 9
20131028076: 1 3 4 ; 8
20131028077: 4 5 6 ; 15
20131028078: 1 2 2 ; 5
