20130609001: 3 5 5 ; 13
20130609002: 4 5 5 ; 14
20130609003: 1 5 6 ; 12
20130609004: 5 6 6 ; 17
20130609005: 3 3 5 ; 11
20130609006: 1 2 6 ; 9
20130609007: 1 2 3 ; 6
20130609008: 1 2 3 ; 6
20130609009: 3 3 4 ; 10
20130609010: 4 4 6 ; 14
20130609011: 1 3 3 ; 7
20130609012: 2 4 4 ; 10
20130609013: 1 2 6 ; 9
20130609014: 2 4 4 ; 10
20130609015: 2 3 6 ; 11
20130609016: 3 4 5 ; 12
20130609017: 1 2 6 ; 9
20130609018: 5 5 6 ; 16
20130609019: 1 2 3 ; 6
20130609020: 2 5 5 ; 12
20130609021: 1 5 6 ; 12
20130609022: 2 3 4 ; 9
20130609023: 1 3 5 ; 9
20130609024: 1 2 5 ; 8
20130609025: 2 4 5 ; 11
20130609026: 2 5 6 ; 13
20130609027: 1 6 6 ; 13
20130609028: 2 6 6 ; 14
20130609029: 1 1 5 ; 7
20130609030: 4 4 5 ; 13
20130609031: 1 3 5 ; 9
20130609032: 2 3 3 ; 8
20130609033: 4 5 6 ; 15
20130609034: 2 4 4 ; 10
20130609035: 2 2 5 ; 9
20130609036: 1 2 5 ; 8
20130609037: 3 4 6 ; 13
20130609038: 3 4 6 ; 13
20130609039: 2 4 4 ; 10
20130609040: 1 5 6 ; 12
20130609041: 1 2 2 ; 5
20130609042: 2 4 4 ; 10
20130609043: 1 4 6 ; 11
20130609044: 1 2 6 ; 9
20130609045: 5 6 6 ; 17
20130609046: 1 2 4 ; 7
20130609047: 3 4 6 ; 13
20130609048: 1 1 2 ; 4
20130609049: 4 5 6 ; 15
20130609050: 2 3 5 ; 10
20130609051: 1 3 4 ; 8
20130609052: 2 4 6 ; 12
20130609053: 2 5 6 ; 13
20130609054: 2 3 6 ; 11
20130609055: 2 4 4 ; 10
20130609056: 1 3 4 ; 8
20130609057: 3 3 6 ; 12
20130609058: 2 2 4 ; 8
20130609059: 4 5 6 ; 15
20130609060: 2 4 6 ; 12
20130609061: 1 2 2 ; 5
20130609062: 2 3 6 ; 11
20130609063: 2 5 6 ; 13
20130609064: 1 1 6 ; 8
20130609065: 4 4 6 ; 14
20130609066: 4 4 5 ; 13
20130609067: 1 4 5 ; 10
20130609068: 1 1 4 ; 6
20130609069: 4 5 5 ; 14
20130609070: 1 3 4 ; 8
20130609071: 1 2 5 ; 8
20130609072: 1 1 2 ; 4
