20131102001: 3 5 5 ; 13
20131102002: 2 2 3 ; 7
20131102003: 5 6 6 ; 17
20131102004: 1 4 5 ; 10
20131102005: 2 4 6 ; 12
20131102006: 2 3 3 ; 8
20131102007: 1 2 6 ; 9
20131102008: 2 3 4 ; 9
20131102009: 5 6 6 ; 17
20131102010: 4 5 6 ; 15
20131102011: 3 5 6 ; 14
20131102012: 3 5 6 ; 14
20131102013: 1 5 6 ; 12
20131102014: 3 5 6 ; 14
20131102015: 1 2 5 ; 8
20131102016: 2 3 4 ; 9
20131102017: 1 6 6 ; 13
20131102018: 1 2 6 ; 9
20131102019: 2 4 6 ; 12
20131102020: 5 6 6 ; 17
20131102021: 5 6 6 ; 17
20131102022: 2 2 6 ; 10
20131102023: 2 3 5 ; 10
20131102024: 1 2 6 ; 9
20131102025: 1 3 6 ; 10
20131102026: 3 3 4 ; 10
20131102027: 1 6 6 ; 13
20131102028: 1 5 6 ; 12
20131102029: 2 3 6 ; 11
20131102030: 1 5 5 ; 11
20131102031: 1 3 4 ; 8
20131102032: 1 6 6 ; 13
20131102033: 6 6 6 ; 18
20131102034: 3 4 4 ; 11
20131102035: 2 2 4 ; 8
20131102036: 2 2 4 ; 8
20131102037: 1 1 5 ; 7
20131102038: 1 4 5 ; 10
20131102039: 1 2 3 ; 6
20131102040: 2 3 6 ; 11
20131102041: 2 5 5 ; 12
20131102042: 3 3 6 ; 12
20131102043: 2 3 4 ; 9
20131102044: 3 3 6 ; 12
20131102045: 2 3 5 ; 10
20131102046: 4 6 6 ; 16
20131102047: 1 3 4 ; 8
20131102048: 1 1 5 ; 7
20131102049: 3 4 4 ; 11
20131102050: 1 2 3 ; 6
20131102051: 1 3 5 ; 9
20131102052: 2 3 5 ; 10
20131102053: 1 2 2 ; 5
20131102054: 2 4 4 ; 10
20131102055: 1 5 5 ; 11
20131102056: 1 2 3 ; 6
20131102057: 3 5 6 ; 14
20131102058: 2 3 3 ; 8
20131102059: 2 3 6 ; 11
20131102060: 2 4 5 ; 11
20131102061: 2 5 6 ; 13
20131102062: 1 3 5 ; 9
20131102063: 2 4 6 ; 12
20131102064: 1 5 6 ; 12
20131102065: 1 1 3 ; 5
20131102066: 1 2 3 ; 6
20131102067: 1 2 5 ; 8
20131102068: 1 3 6 ; 10
20131102069: 1 3 5 ; 9
20131102070: 1 3 4 ; 8
20131102071: 1 2 4 ; 7
20131102072: 2 2 4 ; 8
20131102073: 2 5 6 ; 13
20131102074: 1 4 5 ; 10
20131102075: 1 2 5 ; 8
20131102076: 2 3 4 ; 9
20131102077: 4 4 5 ; 13
20131102078: 2 4 6 ; 12
