20131210001: 1 5 6 ; 12
20131210002: 2 5 6 ; 13
20131210003: 3 5 6 ; 14
20131210004: 1 3 6 ; 10
20131210005: 5 6 6 ; 17
20131210006: 2 3 4 ; 9
20131210007: 1 4 6 ; 11
20131210008: 3 4 5 ; 12
20131210009: 1 3 6 ; 10
20131210010: 1 4 4 ; 9
20131210011: 1 2 4 ; 7
20131210012: 1 3 3 ; 7
20131210013: 3 4 5 ; 12
20131210014: 1 1 6 ; 8
20131210015: 1 3 5 ; 9
20131210016: 1 2 5 ; 8
20131210017: 3 5 6 ; 14
20131210018: 1 2 6 ; 9
20131210019: 1 4 5 ; 10
20131210020: 2 5 6 ; 13
20131210021: 1 3 3 ; 7
20131210022: 2 5 6 ; 13
20131210023: 5 6 6 ; 17
20131210024: 1 4 5 ; 10
20131210025: 1 2 6 ; 9
20131210026: 1 1 3 ; 5
20131210027: 2 5 6 ; 13
20131210028: 2 3 3 ; 8
20131210029: 1 2 4 ; 7
20131210030: 2 5 5 ; 12
20131210031: 3 4 5 ; 12
20131210032: 4 6 6 ; 16
20131210033: 2 3 6 ; 11
20131210034: 2 3 3 ; 8
20131210035: 1 4 6 ; 11
20131210036: 4 5 6 ; 15
20131210037: 1 1 5 ; 7
20131210038: 2 2 2 ; 6
20131210039: 2 5 6 ; 13
20131210040: 2 4 6 ; 12
20131210041: 1 3 5 ; 9
20131210042: 1 2 2 ; 5
20131210043: 1 2 3 ; 6
20131210044: 1 2 5 ; 8
20131210045: 1 4 6 ; 11
20131210046: 2 3 5 ; 10
20131210047: 1 1 2 ; 4
20131210048: 3 3 4 ; 10
20131210049: 3 5 5 ; 13
20131210050: 1 2 4 ; 7
20131210051: 5 6 6 ; 17
20131210052: 4 4 4 ; 12
20131210053: 1 2 4 ; 7
20131210054: 3 3 4 ; 10
20131210055: 1 3 5 ; 9
20131210056: 3 6 6 ; 15
20131210057: 2 4 6 ; 12
20131210058: 3 6 6 ; 15
20131210059: 1 2 4 ; 7
20131210060: 4 5 5 ; 14
20131210061: 1 3 5 ; 9
20131210062: 1 4 5 ; 10
20131210063: 2 4 6 ; 12
20131210064: 3 5 6 ; 14
20131210065: 5 5 6 ; 16
20131210066: 2 4 6 ; 12
20131210067: 4 5 6 ; 15
20131210068: 6 6 6 ; 18
20131210069: 4 4 5 ; 13
20131210070: 2 5 5 ; 12
20131210071: 1 3 6 ; 10
20131210072: 1 2 3 ; 6
20131210073: 2 3 3 ; 8
20131210074: 2 5 6 ; 13
20131210075: 1 1 1 ; 3
20131210076: 1 1 5 ; 7
20131210077: 4 5 5 ; 14
20131210078: 4 4 5 ; 13
