20130720001: 3 3 6 ; 12
20130720002: 1 2 5 ; 8
20130720003: 4 4 5 ; 13
20130720004: 3 3 3 ; 9
20130720005: 2 4 6 ; 12
20130720006: 1 2 5 ; 8
20130720007: 4 5 6 ; 15
20130720008: 1 3 3 ; 7
20130720009: 4 5 6 ; 15
20130720010: 3 4 5 ; 12
20130720011: 2 2 3 ; 7
20130720012: 1 6 6 ; 13
20130720013: 2 3 3 ; 8
20130720014: 2 5 6 ; 13
20130720015: 1 4 6 ; 11
20130720016: 2 4 6 ; 12
20130720017: 3 3 5 ; 11
20130720018: 1 1 5 ; 7
20130720019: 2 4 5 ; 11
20130720020: 1 1 5 ; 7
20130720021: 1 1 5 ; 7
20130720022: 5 5 6 ; 16
20130720023: 1 3 6 ; 10
20130720024: 1 2 3 ; 6
20130720025: 2 3 6 ; 11
20130720026: 1 2 4 ; 7
20130720027: 1 5 6 ; 12
20130720028: 1 6 6 ; 13
20130720029: 2 3 6 ; 11
20130720030: 3 5 6 ; 14
20130720031: 1 1 6 ; 8
20130720032: 3 3 4 ; 10
20130720033: 6 6 6 ; 18
20130720034: 3 5 6 ; 14
20130720035: 2 2 6 ; 10
20130720036: 2 3 4 ; 9
20130720037: 1 2 5 ; 8
20130720038: 2 5 6 ; 13
20130720039: 4 6 6 ; 16
20130720040: 2 2 2 ; 6
20130720041: 1 5 6 ; 12
20130720042: 1 3 4 ; 8
20130720043: 1 3 3 ; 7
20130720044: 1 2 2 ; 5
20130720045: 1 3 6 ; 10
20130720046: 3 4 4 ; 11
20130720047: 1 1 6 ; 8
20130720048: 3 4 5 ; 12
20130720049: 1 1 6 ; 8
20130720050: 1 3 4 ; 8
20130720051: 2 3 4 ; 9
20130720052: 3 6 6 ; 15
20130720053: 4 4 5 ; 13
20130720054: 2 3 4 ; 9
20130720055: 2 5 6 ; 13
20130720056: 3 3 6 ; 12
20130720057: 2 5 5 ; 12
20130720058: 2 4 4 ; 10
20130720059: 2 3 5 ; 10
20130720060: 4 5 6 ; 15
20130720061: 2 4 6 ; 12
20130720062: 2 3 4 ; 9
20130720063: 5 6 6 ; 17
20130720064: 5 5 6 ; 16
20130720065: 2 2 5 ; 9
20130720066: 3 5 5 ; 13
20130720067: 2 5 6 ; 13
20130720068: 4 5 5 ; 14
20130720069: 1 4 6 ; 11
20130720070: 1 3 4 ; 8
20130720071: 1 4 5 ; 10
20130720072: 1 4 6 ; 11
20130720073: 1 6 6 ; 13
20130720074: 1 1 4 ; 6
20130720075: 1 4 4 ; 9
20130720076: 1 3 4 ; 8
20130720077: 1 3 5 ; 9
20130720078: 1 1 5 ; 7
