20130828001: 2 2 3 ; 7
20130828002: 2 4 6 ; 12
20130828003: 1 2 5 ; 8
20130828004: 4 4 5 ; 13
20130828005: 2 3 5 ; 10
20130828006: 3 6 6 ; 15
20130828007: 3 5 6 ; 14
20130828008: 4 5 6 ; 15
20130828009: 1 1 6 ; 8
20130828010: 1 1 5 ; 7
20130828011: 1 5 5 ; 11
20130828012: 1 2 3 ; 6
20130828013: 4 5 6 ; 15
20130828014: 1 1 6 ; 8
20130828015: 1 4 5 ; 10
20130828016: 2 2 2 ; 6
20130828017: 2 3 5 ; 10
20130828018: 2 3 5 ; 10
20130828019: 1 4 6 ; 11
20130828020: 2 2 3 ; 7
20130828021: 2 4 6 ; 12
20130828022: 1 4 6 ; 11
20130828023: 1 2 3 ; 6
20130828024: 3 4 5 ; 12
20130828025: 2 2 4 ; 8
20130828026: 1 1 2 ; 4
20130828027: 1 4 5 ; 10
20130828028: 2 4 6 ; 12
20130828029: 2 2 2 ; 6
20130828030: 1 5 6 ; 12
20130828031: 2 4 4 ; 10
20130828032: 3 5 6 ; 14
20130828033: 1 4 6 ; 11
20130828034: 3 4 4 ; 11
20130828035: 2 4 5 ; 11
20130828036: 1 1 4 ; 6
20130828037: 1 3 5 ; 9
20130828038: 2 5 6 ; 13
20130828039: 1 6 6 ; 13
20130828040: 2 4 6 ; 12
20130828041: 2 3 5 ; 10
20130828042: 2 3 4 ; 9
20130828043: 2 2 3 ; 7
20130828044: 1 2 6 ; 9
20130828045: 2 3 4 ; 9
20130828046: 2 2 6 ; 10
20130828047: 3 3 5 ; 11
20130828048: 3 3 4 ; 10
20130828049: 1 4 6 ; 11
20130828050: 2 4 5 ; 11
20130828051: 1 1 3 ; 5
20130828052: 1 2 6 ; 9
20130828053: 2 4 5 ; 11
20130828054: 1 4 4 ; 9
20130828055: 1 5 6 ; 12
20130828056: 1 2 2 ; 5
20130828057: 2 3 5 ; 10
20130828058: 4 4 6 ; 14
20130828059: 4 4 6 ; 14
20130828060: 3 5 6 ; 14
20130828061: 1 3 5 ; 9
20130828062: 2 2 5 ; 9
20130828063: 4 5 6 ; 15
20130828064: 1 3 6 ; 10
20130828065: 5 5 6 ; 16
20130828066: 2 6 6 ; 14
20130828067: 2 4 6 ; 12
20130828068: 2 6 6 ; 14
20130828069: 3 3 5 ; 11
20130828070: 1 1 3 ; 5
20130828071: 4 6 6 ; 16
20130828072: 1 4 6 ; 11
20130828073: 2 3 4 ; 9
20130828074: 3 3 5 ; 11
20130828075: 2 3 3 ; 8
20130828076: 1 3 6 ; 10
20130828077: 1 4 6 ; 11
20130828078: 1 3 4 ; 8
