20130625001: 3 4 5 ; 12
20130625002: 2 3 3 ; 8
20130625003: 1 2 3 ; 6
20130625004: 3 5 6 ; 14
20130625005: 5 5 5 ; 15
20130625006: 4 4 5 ; 13
20130625007: 2 3 4 ; 9
20130625008: 2 4 6 ; 12
20130625009: 1 3 5 ; 9
20130625010: 2 2 6 ; 10
20130625011: 1 6 6 ; 13
20130625012: 2 2 6 ; 10
20130625013: 1 4 4 ; 9
20130625014: 3 6 6 ; 15
20130625015: 2 3 6 ; 11
20130625016: 2 5 5 ; 12
20130625017: 2 5 5 ; 12
20130625018: 1 3 3 ; 7
20130625019: 1 2 5 ; 8
20130625020: 1 3 4 ; 8
20130625021: 2 2 6 ; 10
20130625022: 5 6 6 ; 17
20130625023: 1 3 5 ; 9
20130625024: 2 3 6 ; 11
20130625025: 1 1 4 ; 6
20130625026: 2 3 3 ; 8
20130625027: 4 5 6 ; 15
20130625028: 3 4 6 ; 13
20130625029: 2 2 2 ; 6
20130625030: 3 6 6 ; 15
20130625031: 1 2 3 ; 6
20130625032: 1 3 3 ; 7
20130625033: 1 3 5 ; 9
20130625034: 1 4 6 ; 11
20130625035: 1 3 4 ; 8
20130625036: 1 5 5 ; 11
20130625037: 3 5 6 ; 14
20130625038: 2 2 4 ; 8
20130625039: 1 1 6 ; 8
20130625040: 3 5 5 ; 13
20130625041: 1 2 6 ; 9
20130625042: 4 5 5 ; 14
20130625043: 2 2 5 ; 9
20130625044: 3 3 5 ; 11
20130625045: 1 1 4 ; 6
20130625046: 2 4 5 ; 11
20130625047: 1 6 6 ; 13
20130625048: 2 3 6 ; 11
20130625049: 1 1 2 ; 4
20130625050: 1 2 5 ; 8
20130625051: 2 3 3 ; 8
20130625052: 4 4 4 ; 12
20130625053: 3 3 4 ; 10
20130625054: 1 3 4 ; 8
20130625055: 3 4 5 ; 12
20130625056: 5 5 5 ; 15
20130625057: 2 5 5 ; 12
20130625058: 2 6 6 ; 14
20130625059: 1 4 6 ; 11
20130625060: 2 3 5 ; 10
20130625061: 1 3 3 ; 7
20130625062: 3 4 5 ; 12
20130625063: 1 2 5 ; 8
20130625064: 2 3 3 ; 8
20130625065: 3 3 6 ; 12
20130625066: 1 1 2 ; 4
20130625067: 1 3 4 ; 8
20130625068: 1 5 6 ; 12
20130625069: 2 3 3 ; 8
20130625070: 1 4 5 ; 10
20130625071: 2 3 4 ; 9
20130625072: 2 6 6 ; 14
