20131007001: 2 5 6 ; 13
20131007002: 1 2 4 ; 7
20131007003: 3 5 6 ; 14
20131007004: 4 6 6 ; 16
20131007005: 3 5 6 ; 14
20131007006: 1 5 5 ; 11
20131007007: 1 1 5 ; 7
20131007008: 1 2 4 ; 7
20131007009: 2 4 5 ; 11
20131007010: 3 3 5 ; 11
20131007011: 1 4 5 ; 10
20131007012: 2 3 5 ; 10
20131007013: 2 5 5 ; 12
20131007014: 1 5 5 ; 11
20131007015: 2 2 4 ; 8
20131007016: 2 5 6 ; 13
20131007017: 2 6 6 ; 14
20131007018: 1 5 6 ; 12
20131007019: 5 6 6 ; 17
20131007020: 1 2 5 ; 8
20131007021: 2 2 6 ; 10
20131007022: 3 5 6 ; 14
20131007023: 1 1 5 ; 7
20131007024: 2 4 4 ; 10
20131007025: 3 4 6 ; 13
20131007026: 2 3 3 ; 8
20131007027: 2 3 4 ; 9
20131007028: 2 3 3 ; 8
20131007029: 2 5 6 ; 13
20131007030: 1 3 3 ; 7
20131007031: 2 2 6 ; 10
20131007032: 3 4 4 ; 11
20131007033: 1 1 3 ; 5
20131007034: 1 5 5 ; 11
20131007035: 1 2 4 ; 7
20131007036: 3 4 5 ; 12
20131007037: 3 3 4 ; 10
20131007038: 1 2 5 ; 8
20131007039: 3 5 6 ; 14
20131007040: 3 4 4 ; 11
20131007041: 5 5 5 ; 15
20131007042: 2 3 5 ; 10
20131007043: 3 4 5 ; 12
20131007044: 1 2 5 ; 8
20131007045: 3 4 5 ; 12
20131007046: 3 4 5 ; 12
20131007047: 1 4 5 ; 10
20131007048: 1 5 5 ; 11
20131007049: 2 2 3 ; 7
20131007050: 1 2 5 ; 8
20131007051: 4 4 5 ; 13
20131007052: 2 3 4 ; 9
20131007053: 3 4 5 ; 12
20131007054: 3 5 5 ; 13
20131007055: 3 4 5 ; 12
20131007056: 5 6 6 ; 17
20131007057: 2 2 3 ; 7
20131007058: 2 2 4 ; 8
20131007059: 1 3 6 ; 10
20131007060: 3 3 6 ; 12
20131007061: 2 4 5 ; 11
20131007062: 1 3 3 ; 7
20131007063: 4 4 6 ; 14
20131007064: 2 2 2 ; 6
20131007065: 3 4 6 ; 13
20131007066: 1 4 6 ; 11
20131007067: 1 2 3 ; 6
20131007068: 2 5 5 ; 12
20131007069: 3 4 6 ; 13
20131007070: 1 6 6 ; 13
20131007071: 3 6 6 ; 15
20131007072: 1 3 6 ; 10
20131007073: 3 4 6 ; 13
20131007074: 4 5 6 ; 15
20131007075: 3 4 6 ; 13
20131007076: 1 1 2 ; 4
20131007077: 1 5 6 ; 12
20131007078: 1 4 4 ; 9
