20131113001: 1 3 6 ; 10
20131113002: 2 5 6 ; 13
20131113003: 1 1 6 ; 8
20131113004: 1 2 5 ; 8
20131113005: 1 4 5 ; 10
20131113006: 2 3 4 ; 9
20131113007: 1 3 3 ; 7
20131113008: 1 1 6 ; 8
20131113009: 3 5 6 ; 14
20131113010: 1 3 6 ; 10
20131113011: 1 2 6 ; 9
20131113012: 2 4 6 ; 12
20131113013: 2 5 6 ; 13
20131113014: 3 3 6 ; 12
20131113015: 2 3 5 ; 10
20131113016: 1 2 2 ; 5
20131113017: 1 2 4 ; 7
20131113018: 2 2 3 ; 7
20131113019: 1 2 6 ; 9
20131113020: 2 4 6 ; 12
20131113021: 1 3 5 ; 9
20131113022: 4 5 5 ; 14
20131113023: 3 6 6 ; 15
20131113024: 1 2 3 ; 6
20131113025: 2 4 6 ; 12
20131113026: 4 6 6 ; 16
20131113027: 1 2 6 ; 9
20131113028: 1 1 5 ; 7
20131113029: 3 4 6 ; 13
20131113030: 4 4 6 ; 14
20131113031: 2 3 6 ; 11
20131113032: 3 4 6 ; 13
20131113033: 2 5 5 ; 12
20131113034: 1 3 6 ; 10
20131113035: 1 6 6 ; 13
20131113036: 1 2 4 ; 7
20131113037: 2 3 4 ; 9
20131113038: 2 2 4 ; 8
20131113039: 1 1 3 ; 5
20131113040: 3 3 4 ; 10
20131113041: 2 2 6 ; 10
20131113042: 2 3 5 ; 10
20131113043: 1 3 5 ; 9
20131113044: 2 4 6 ; 12
20131113045: 2 4 6 ; 12
20131113046: 1 3 5 ; 9
20131113047: 3 6 6 ; 15
20131113048: 3 4 6 ; 13
20131113049: 1 2 5 ; 8
20131113050: 3 5 5 ; 13
20131113051: 2 5 6 ; 13
20131113052: 1 1 6 ; 8
20131113053: 3 3 4 ; 10
20131113054: 1 2 3 ; 6
20131113055: 2 6 6 ; 14
20131113056: 1 4 5 ; 10
20131113057: 3 6 6 ; 15
20131113058: 2 2 6 ; 10
20131113059: 1 2 2 ; 5
20131113060: 1 5 6 ; 12
20131113061: 2 3 4 ; 9
20131113062: 2 4 6 ; 12
20131113063: 1 4 6 ; 11
20131113064: 2 4 6 ; 12
20131113065: 2 2 2 ; 6
20131113066: 4 5 6 ; 15
20131113067: 4 5 6 ; 15
20131113068: 4 4 5 ; 13
20131113069: 4 5 5 ; 14
20131113070: 2 2 4 ; 8
20131113071: 3 4 5 ; 12
20131113072: 1 4 5 ; 10
20131113073: 1 2 3 ; 6
20131113074: 1 3 6 ; 10
20131113075: 2 3 5 ; 10
20131113076: 2 5 5 ; 12
20131113077: 3 3 5 ; 11
20131113078: 3 6 6 ; 15
