20131120001: 1 2 5 ; 8
20131120002: 3 4 6 ; 13
20131120003: 2 2 3 ; 7
20131120004: 3 3 5 ; 11
20131120005: 5 6 6 ; 17
20131120006: 3 3 4 ; 10
20131120007: 1 3 4 ; 8
20131120008: 2 5 6 ; 13
20131120009: 1 3 5 ; 9
20131120010: 2 5 6 ; 13
20131120011: 1 2 5 ; 8
20131120012: 3 4 5 ; 12
20131120013: 1 3 5 ; 9
20131120014: 2 3 3 ; 8
20131120015: 1 5 5 ; 11
20131120016: 1 3 5 ; 9
20131120017: 1 1 4 ; 6
20131120018: 1 5 6 ; 12
20131120019: 4 4 6 ; 14
20131120020: 1 4 5 ; 10
20131120021: 1 3 3 ; 7
20131120022: 3 3 4 ; 10
20131120023: 2 2 6 ; 10
20131120024: 2 4 5 ; 11
20131120025: 2 3 5 ; 10
20131120026: 1 4 4 ; 9
20131120027: 3 4 5 ; 12
20131120028: 1 2 4 ; 7
20131120029: 3 4 6 ; 13
20131120030: 5 5 5 ; 15
20131120031: 2 2 5 ; 9
20131120032: 2 3 5 ; 10
20131120033: 1 6 6 ; 13
20131120034: 2 5 6 ; 13
20131120035: 1 3 6 ; 10
20131120036: 2 3 6 ; 11
20131120037: 3 5 6 ; 14
20131120038: 3 4 5 ; 12
20131120039: 2 2 2 ; 6
20131120040: 3 3 5 ; 11
20131120041: 1 2 3 ; 6
20131120042: 3 6 6 ; 15
20131120043: 1 4 6 ; 11
20131120044: 4 6 6 ; 16
20131120045: 3 4 6 ; 13
20131120046: 1 2 5 ; 8
20131120047: 2 4 6 ; 12
20131120048: 1 5 5 ; 11
20131120049: 1 3 5 ; 9
20131120050: 3 5 5 ; 13
20131120051: 1 4 4 ; 9
20131120052: 5 5 6 ; 16
20131120053: 1 2 3 ; 6
20131120054: 4 5 5 ; 14
20131120055: 2 4 6 ; 12
20131120056: 1 3 5 ; 9
20131120057: 2 3 3 ; 8
20131120058: 3 4 5 ; 12
20131120059: 1 2 3 ; 6
20131120060: 4 4 6 ; 14
20131120061: 4 5 5 ; 14
20131120062: 2 3 3 ; 8
20131120063: 1 1 5 ; 7
20131120064: 2 2 5 ; 9
20131120065: 3 4 6 ; 13
20131120066: 1 1 4 ; 6
20131120067: 4 5 6 ; 15
20131120068: 3 3 4 ; 10
20131120069: 1 2 2 ; 5
20131120070: 1 1 5 ; 7
20131120071: 4 6 6 ; 16
20131120072: 2 2 6 ; 10
20131120073: 2 4 5 ; 11
20131120074: 1 5 5 ; 11
20131120075: 3 4 5 ; 12
20131120076: 2 2 6 ; 10
20131120077: 1 1 3 ; 5
20131120078: 1 2 4 ; 7
