20131027001: 3 4 5 ; 12
20131027002: 1 2 3 ; 6
20131027003: 2 3 3 ; 8
20131027004: 4 4 4 ; 12
20131027005: 2 3 6 ; 11
20131027006: 2 2 3 ; 7
20131027007: 1 2 2 ; 5
20131027008: 2 3 6 ; 11
20131027009: 3 5 6 ; 14
20131027010: 2 3 6 ; 11
20131027011: 1 4 5 ; 10
20131027012: 2 6 6 ; 14
20131027013: 1 4 5 ; 10
20131027014: 1 1 6 ; 8
20131027015: 2 2 5 ; 9
20131027016: 1 2 5 ; 8
20131027017: 4 4 4 ; 12
20131027018: 1 2 2 ; 5
20131027019: 1 3 4 ; 8
20131027020: 3 4 5 ; 12
20131027021: 2 2 6 ; 10
20131027022: 2 3 4 ; 9
20131027023: 3 4 5 ; 12
20131027024: 2 2 3 ; 7
20131027025: 2 3 6 ; 11
20131027026: 1 2 3 ; 6
20131027027: 1 5 6 ; 12
20131027028: 3 5 6 ; 14
20131027029: 2 3 4 ; 9
20131027030: 1 4 6 ; 11
20131027031: 1 2 3 ; 6
20131027032: 2 3 6 ; 11
20131027033: 1 2 5 ; 8
20131027034: 1 2 4 ; 7
20131027035: 1 5 6 ; 12
20131027036: 1 4 4 ; 9
20131027037: 1 3 4 ; 8
20131027038: 1 4 6 ; 11
20131027039: 1 3 5 ; 9
20131027040: 1 2 4 ; 7
20131027041: 3 5 5 ; 13
20131027042: 1 5 5 ; 11
20131027043: 3 3 6 ; 12
20131027044: 3 5 5 ; 13
20131027045: 2 3 5 ; 10
20131027046: 1 4 5 ; 10
20131027047: 6 6 6 ; 18
20131027048: 3 4 6 ; 13
20131027049: 5 5 6 ; 16
20131027050: 3 4 6 ; 13
20131027051: 1 1 2 ; 4
20131027052: 1 2 6 ; 9
20131027053: 1 4 5 ; 10
20131027054: 4 6 6 ; 16
20131027055: 2 3 3 ; 8
20131027056: 1 3 3 ; 7
20131027057: 3 6 6 ; 15
20131027058: 1 1 5 ; 7
20131027059: 4 4 6 ; 14
20131027060: 2 4 5 ; 11
20131027061: 3 4 5 ; 12
20131027062: 2 3 6 ; 11
20131027063: 1 2 5 ; 8
20131027064: 5 5 6 ; 16
20131027065: 4 5 6 ; 15
20131027066: 1 2 3 ; 6
20131027067: 1 5 6 ; 12
20131027068: 2 3 6 ; 11
20131027069: 2 3 4 ; 9
20131027070: 2 3 3 ; 8
20131027071: 2 2 3 ; 7
20131027072: 3 3 4 ; 10
20131027073: 2 3 6 ; 11
20131027074: 3 4 6 ; 13
20131027075: 1 4 5 ; 10
20131027076: 1 2 3 ; 6
20131027077: 2 4 4 ; 10
20131027078: 2 4 5 ; 11
