20131222001: 2 3 5 ; 10
20131222002: 1 2 5 ; 8
20131222003: 1 4 5 ; 10
20131222004: 3 5 5 ; 13
20131222005: 1 5 6 ; 12
20131222006: 3 4 5 ; 12
20131222007: 3 5 5 ; 13
20131222008: 2 3 6 ; 11
20131222009: 5 5 6 ; 16
20131222010: 1 2 5 ; 8
20131222011: 2 3 4 ; 9
20131222012: 1 3 5 ; 9
20131222013: 4 5 5 ; 14
20131222014: 3 3 6 ; 12
20131222015: 2 2 4 ; 8
20131222016: 1 1 4 ; 6
20131222017: 1 5 6 ; 12
20131222018: 2 4 6 ; 12
20131222019: 2 3 4 ; 9
20131222020: 1 2 2 ; 5
20131222021: 3 4 5 ; 12
20131222022: 1 2 4 ; 7
20131222023: 2 4 5 ; 11
20131222024: 4 4 5 ; 13
20131222025: 2 3 3 ; 8
20131222026: 1 2 5 ; 8
20131222027: 2 5 6 ; 13
20131222028: 2 2 3 ; 7
20131222029: 1 2 4 ; 7
20131222030: 1 2 3 ; 6
20131222031: 1 5 5 ; 11
20131222032: 3 3 4 ; 10
20131222033: 2 3 5 ; 10
20131222034: 1 4 5 ; 10
20131222035: 2 3 4 ; 9
20131222036: 2 3 6 ; 11
20131222037: 1 2 4 ; 7
20131222038: 1 3 4 ; 8
20131222039: 1 3 4 ; 8
20131222040: 1 3 4 ; 8
20131222041: 1 2 3 ; 6
20131222042: 1 3 6 ; 10
20131222043: 1 3 6 ; 10
20131222044: 2 5 6 ; 13
20131222045: 2 3 4 ; 9
20131222046: 2 4 5 ; 11
20131222047: 1 2 3 ; 6
20131222048: 3 4 5 ; 12
20131222049: 1 1 5 ; 7
20131222050: 4 5 5 ; 14
20131222051: 1 2 4 ; 7
20131222052: 2 5 5 ; 12
20131222053: 1 2 2 ; 5
20131222054: 1 4 4 ; 9
20131222055: 4 5 5 ; 14
20131222056: 2 3 6 ; 11
20131222057: 1 6 6 ; 13
20131222058: 3 4 6 ; 13
20131222059: 1 4 4 ; 9
20131222060: 1 4 6 ; 11
20131222061: 3 4 4 ; 11
20131222062: 1 1 6 ; 8
20131222063: 1 4 6 ; 11
20131222064: 1 4 5 ; 10
20131222065: 4 4 6 ; 14
20131222066: 2 2 4 ; 8
20131222067: 1 4 5 ; 10
20131222068: 1 2 3 ; 6
20131222069: 1 2 4 ; 7
20131222070: 1 2 5 ; 8
20131222071: 1 4 4 ; 9
20131222072: 2 4 6 ; 12
20131222073: 3 4 5 ; 12
20131222074: 1 1 3 ; 5
20131222075: 2 2 3 ; 7
20131222076: 4 4 5 ; 13
20131222077: 2 5 6 ; 13
20131222078: 3 4 4 ; 11
