20130624001: 1 2 3 ; 6
20130624002: 3 3 6 ; 12
20130624003: 5 6 6 ; 17
20130624004: 1 1 5 ; 7
20130624005: 2 4 5 ; 11
20130624006: 1 3 3 ; 7
20130624007: 3 5 6 ; 14
20130624008: 2 4 5 ; 11
20130624009: 4 5 6 ; 15
20130624010: 2 2 5 ; 9
20130624011: 1 3 6 ; 10
20130624012: 4 5 5 ; 14
20130624013: 2 5 5 ; 12
20130624014: 1 3 6 ; 10
20130624015: 3 4 4 ; 11
20130624016: 2 4 5 ; 11
20130624017: 2 2 3 ; 7
20130624018: 2 5 6 ; 13
20130624019: 3 4 5 ; 12
20130624020: 1 3 4 ; 8
20130624021: 2 5 6 ; 13
20130624022: 3 5 6 ; 14
20130624023: 3 4 6 ; 13
20130624024: 1 4 6 ; 11
20130624025: 6 6 6 ; 18
20130624026: 1 4 5 ; 10
20130624027: 1 3 5 ; 9
20130624028: 1 3 6 ; 10
20130624029: 3 3 3 ; 9
20130624030: 4 6 6 ; 16
20130624031: 3 3 6 ; 12
20130624032: 1 3 4 ; 8
20130624033: 2 4 6 ; 12
20130624034: 2 3 6 ; 11
20130624035: 1 1 3 ; 5
20130624036: 1 3 4 ; 8
20130624037: 1 4 6 ; 11
20130624038: 3 3 5 ; 11
20130624039: 1 5 5 ; 11
20130624040: 2 2 3 ; 7
20130624041: 1 3 5 ; 9
20130624042: 3 4 5 ; 12
20130624043: 2 6 6 ; 14
20130624044: 2 3 3 ; 8
20130624045: 2 4 6 ; 12
20130624046: 1 2 4 ; 7
20130624047: 4 4 5 ; 13
20130624048: 1 5 6 ; 12
20130624049: 1 1 5 ; 7
20130624050: 3 4 5 ; 12
20130624051: 3 4 6 ; 13
20130624052: 1 4 5 ; 10
20130624053: 3 4 6 ; 13
20130624054: 2 3 4 ; 9
20130624055: 2 4 6 ; 12
20130624056: 3 3 5 ; 11
20130624057: 2 2 4 ; 8
20130624058: 1 5 5 ; 11
20130624059: 2 3 4 ; 9
20130624060: 2 5 6 ; 13
20130624061: 2 4 4 ; 10
20130624062: 2 3 4 ; 9
20130624063: 1 3 5 ; 9
20130624064: 1 6 6 ; 13
20130624065: 2 2 5 ; 9
20130624066: 1 2 2 ; 5
20130624067: 2 2 5 ; 9
20130624068: 2 4 5 ; 11
20130624069: 3 4 5 ; 12
20130624070: 1 3 5 ; 9
20130624071: 1 2 4 ; 7
20130624072: 4 4 6 ; 14
