20131112001: 4 5 6 ; 15
20131112002: 1 1 4 ; 6
20131112003: 2 3 6 ; 11
20131112004: 2 3 5 ; 10
20131112005: 3 3 6 ; 12
20131112006: 1 2 6 ; 9
20131112007: 3 3 4 ; 10
20131112008: 2 4 5 ; 11
20131112009: 1 2 5 ; 8
20131112010: 1 2 4 ; 7
20131112011: 5 5 6 ; 16
20131112012: 3 5 6 ; 14
20131112013: 2 2 4 ; 8
20131112014: 1 2 4 ; 7
20131112015: 1 2 3 ; 6
20131112016: 2 3 3 ; 8
20131112017: 2 3 5 ; 10
20131112018: 2 4 4 ; 10
20131112019: 3 4 4 ; 11
20131112020: 2 3 4 ; 9
20131112021: 1 1 3 ; 5
20131112022: 2 2 6 ; 10
20131112023: 1 4 6 ; 11
20131112024: 2 3 6 ; 11
20131112025: 4 4 6 ; 14
20131112026: 3 3 5 ; 11
20131112027: 3 4 5 ; 12
20131112028: 1 6 6 ; 13
20131112029: 1 2 3 ; 6
20131112030: 3 3 3 ; 9
20131112031: 3 4 4 ; 11
20131112032: 2 4 5 ; 11
20131112033: 1 4 5 ; 10
20131112034: 1 1 3 ; 5
20131112035: 1 2 3 ; 6
20131112036: 3 5 5 ; 13
20131112037: 3 3 4 ; 10
20131112038: 2 3 5 ; 10
20131112039: 3 6 6 ; 15
20131112040: 2 4 4 ; 10
20131112041: 5 5 6 ; 16
20131112042: 1 4 5 ; 10
20131112043: 1 1 6 ; 8
20131112044: 2 4 5 ; 11
20131112045: 1 4 5 ; 10
20131112046: 1 1 5 ; 7
20131112047: 2 2 5 ; 9
20131112048: 1 2 5 ; 8
20131112049: 3 5 5 ; 13
20131112050: 1 2 4 ; 7
20131112051: 1 1 3 ; 5
20131112052: 2 3 6 ; 11
20131112053: 5 5 6 ; 16
20131112054: 1 4 6 ; 11
20131112055: 2 5 6 ; 13
20131112056: 4 5 6 ; 15
20131112057: 2 2 5 ; 9
20131112058: 2 3 3 ; 8
20131112059: 3 3 5 ; 11
20131112060: 4 4 6 ; 14
20131112061: 3 3 4 ; 10
20131112062: 2 5 6 ; 13
20131112063: 2 5 6 ; 13
20131112064: 1 2 6 ; 9
20131112065: 1 5 5 ; 11
20131112066: 4 4 5 ; 13
20131112067: 1 4 5 ; 10
20131112068: 1 2 5 ; 8
20131112069: 4 6 6 ; 16
20131112070: 1 3 4 ; 8
20131112071: 3 4 5 ; 12
20131112072: 2 4 5 ; 11
20131112073: 2 5 5 ; 12
20131112074: 2 2 6 ; 10
20131112075: 1 3 6 ; 10
20131112076: 1 5 5 ; 11
20131112077: 4 4 4 ; 12
20131112078: 3 3 4 ; 10
