20130610001: 1 4 6 ; 11
20130610002: 1 2 4 ; 7
20130610003: 2 2 6 ; 10
20130610004: 1 3 6 ; 10
20130610005: 3 4 5 ; 12
20130610006: 1 3 3 ; 7
20130610007: 2 2 3 ; 7
20130610008: 4 5 6 ; 15
20130610009: 3 5 6 ; 14
20130610010: 1 2 3 ; 6
20130610011: 3 5 5 ; 13
20130610012: 1 2 4 ; 7
20130610013: 2 3 4 ; 9
20130610014: 1 3 6 ; 10
20130610015: 2 3 6 ; 11
20130610016: 2 6 6 ; 14
20130610017: 2 2 6 ; 10
20130610018: 5 5 5 ; 15
20130610019: 3 4 5 ; 12
20130610020: 1 3 4 ; 8
20130610021: 3 4 6 ; 13
20130610022: 3 5 5 ; 13
20130610023: 3 4 4 ; 11
20130610024: 2 5 6 ; 13
20130610025: 1 6 6 ; 13
20130610026: 1 2 4 ; 7
20130610027: 2 3 5 ; 10
20130610028: 1 3 3 ; 7
20130610029: 2 5 6 ; 13
20130610030: 1 1 4 ; 6
20130610031: 2 4 6 ; 12
20130610032: 1 2 3 ; 6
20130610033: 3 4 5 ; 12
20130610034: 2 5 5 ; 12
20130610035: 2 3 4 ; 9
20130610036: 1 2 3 ; 6
20130610037: 1 2 6 ; 9
20130610038: 1 5 6 ; 12
20130610039: 1 4 6 ; 11
20130610040: 1 3 6 ; 10
20130610041: 2 3 6 ; 11
20130610042: 1 3 5 ; 9
20130610043: 1 5 6 ; 12
20130610044: 2 3 3 ; 8
20130610045: 4 5 5 ; 14
20130610046: 3 5 6 ; 14
20130610047: 3 4 5 ; 12
20130610048: 1 1 4 ; 6
20130610049: 3 4 6 ; 13
20130610050: 1 3 4 ; 8
20130610051: 4 6 6 ; 16
20130610052: 2 4 4 ; 10
20130610053: 1 4 4 ; 9
20130610054: 2 2 6 ; 10
20130610055: 3 5 5 ; 13
20130610056: 4 5 6 ; 15
20130610057: 3 5 6 ; 14
20130610058: 3 6 6 ; 15
20130610059: 1 2 6 ; 9
20130610060: 1 2 4 ; 7
20130610061: 2 2 5 ; 9
20130610062: 2 3 3 ; 8
20130610063: 1 3 4 ; 8
20130610064: 1 1 6 ; 8
20130610065: 3 4 4 ; 11
20130610066: 5 6 6 ; 17
20130610067: 2 4 6 ; 12
20130610068: 1 3 6 ; 10
20130610069: 1 2 4 ; 7
20130610070: 1 2 4 ; 7
20130610071: 2 5 6 ; 13
20130610072: 1 5 6 ; 12
