20130602001: 4 4 5 ; 13
20130602002: 2 3 6 ; 11
20130602003: 1 4 5 ; 10
20130602004: 5 5 6 ; 16
20130602005: 3 5 5 ; 13
20130602006: 1 4 4 ; 9
20130602007: 3 4 5 ; 12
20130602008: 1 1 3 ; 5
20130602009: 2 4 6 ; 12
20130602010: 2 3 6 ; 11
20130602011: 1 3 6 ; 10
20130602012: 1 2 6 ; 9
20130602013: 1 4 4 ; 9
20130602014: 2 4 6 ; 12
20130602015: 2 5 5 ; 12
20130602016: 2 3 6 ; 11
20130602017: 5 5 5 ; 15
20130602018: 1 2 4 ; 7
20130602019: 1 4 6 ; 11
20130602020: 5 5 6 ; 16
20130602021: 2 2 5 ; 9
20130602022: 5 6 6 ; 17
20130602023: 1 4 6 ; 11
20130602024: 2 3 5 ; 10
20130602025: 2 6 6 ; 14
20130602026: 1 3 5 ; 9
20130602027: 1 3 5 ; 9
20130602028: 1 2 3 ; 6
20130602029: 2 4 5 ; 11
20130602030: 1 2 3 ; 6
20130602031: 1 1 3 ; 5
20130602032: 1 3 4 ; 8
20130602033: 1 2 4 ; 7
20130602034: 2 6 6 ; 14
20130602035: 3 5 6 ; 14
20130602036: 1 4 6 ; 11
20130602037: 2 2 6 ; 10
20130602038: 3 4 5 ; 12
20130602039: 4 4 5 ; 13
20130602040: 3 5 5 ; 13
20130602041: 1 2 3 ; 6
20130602042: 2 4 4 ; 10
20130602043: 1 1 4 ; 6
20130602044: 1 3 5 ; 9
20130602045: 1 3 3 ; 7
20130602046: 5 6 6 ; 17
20130602047: 3 5 5 ; 13
20130602048: 2 3 4 ; 9
20130602049: 2 2 3 ; 7
20130602050: 1 3 5 ; 9
20130602051: 1 2 2 ; 5
20130602052: 4 5 6 ; 15
20130602053: 2 3 5 ; 10
20130602054: 1 3 5 ; 9
20130602055: 4 6 6 ; 16
20130602056: 1 5 6 ; 12
20130602057: 3 5 5 ; 13
20130602058: 2 5 6 ; 13
20130602059: 1 1 5 ; 7
20130602060: 2 4 6 ; 12
20130602061: 1 4 5 ; 10
20130602062: 1 3 4 ; 8
20130602063: 1 1 5 ; 7
20130602064: 2 2 3 ; 7
20130602065: 2 6 6 ; 14
20130602066: 1 6 6 ; 13
20130602067: 1 1 1 ; 3
20130602068: 1 2 4 ; 7
20130602069: 1 5 6 ; 12
20130602070: 3 4 4 ; 11
20130602071: 2 4 5 ; 11
20130602072: 2 4 5 ; 11
