20130819001: 3 5 6 ; 14
20130819002: 1 2 6 ; 9
20130819003: 6 6 6 ; 18
20130819004: 2 5 5 ; 12
20130819005: 4 5 5 ; 14
20130819006: 1 2 3 ; 6
20130819007: 1 4 6 ; 11
20130819008: 2 3 3 ; 8
20130819009: 1 2 2 ; 5
20130819010: 1 2 5 ; 8
20130819011: 2 2 2 ; 6
20130819012: 2 3 3 ; 8
20130819013: 1 2 3 ; 6
20130819014: 1 2 5 ; 8
20130819015: 1 2 3 ; 6
20130819016: 2 5 6 ; 13
20130819017: 3 3 4 ; 10
20130819018: 3 5 6 ; 14
20130819019: 2 3 5 ; 10
20130819020: 1 5 6 ; 12
20130819021: 3 5 5 ; 13
20130819022: 3 4 5 ; 12
20130819023: 3 3 6 ; 12
20130819024: 4 6 6 ; 16
20130819025: 4 5 6 ; 15
20130819026: 1 4 6 ; 11
20130819027: 1 4 4 ; 9
20130819028: 2 2 5 ; 9
20130819029: 3 3 5 ; 11
20130819030: 2 2 3 ; 7
20130819031: 2 4 5 ; 11
20130819032: 1 1 5 ; 7
20130819033: 4 6 6 ; 16
20130819034: 4 4 6 ; 14
20130819035: 1 2 4 ; 7
20130819036: 5 5 6 ; 16
20130819037: 4 5 6 ; 15
20130819038: 2 4 5 ; 11
20130819039: 2 5 6 ; 13
20130819040: 2 4 5 ; 11
20130819041: 2 4 5 ; 11
20130819042: 4 5 6 ; 15
20130819043: 2 5 6 ; 13
20130819044: 3 3 6 ; 12
20130819045: 2 4 6 ; 12
20130819046: 1 3 5 ; 9
20130819047: 1 1 3 ; 5
20130819048: 1 1 5 ; 7
20130819049: 3 5 6 ; 14
20130819050: 1 5 5 ; 11
20130819051: 1 5 6 ; 12
20130819052: 4 4 4 ; 12
20130819053: 1 5 6 ; 12
20130819054: 2 3 4 ; 9
20130819055: 2 3 4 ; 9
20130819056: 2 3 4 ; 9
20130819057: 1 1 6 ; 8
20130819058: 2 2 5 ; 9
20130819059: 1 2 4 ; 7
20130819060: 2 4 5 ; 11
20130819061: 3 5 6 ; 14
20130819062: 2 4 6 ; 12
20130819063: 3 3 4 ; 10
20130819064: 1 5 6 ; 12
20130819065: 1 3 5 ; 9
20130819066: 1 1 3 ; 5
20130819067: 4 5 6 ; 15
20130819068: 1 5 6 ; 12
20130819069: 1 3 5 ; 9
20130819070: 1 4 4 ; 9
20130819071: 2 3 5 ; 10
20130819072: 1 4 4 ; 9
20130819073: 1 5 5 ; 11
20130819074: 1 1 3 ; 5
20130819075: 1 4 6 ; 11
20130819076: 2 4 6 ; 12
20130819077: 1 3 6 ; 10
20130819078: 1 4 4 ; 9
