20130927001: 2 4 5 ; 11
20130927002: 3 3 6 ; 12
20130927003: 4 6 6 ; 16
20130927004: 2 6 6 ; 14
20130927005: 2 2 3 ; 7
20130927006: 1 3 5 ; 9
20130927007: 3 3 5 ; 11
20130927008: 3 3 4 ; 10
20130927009: 4 5 6 ; 15
20130927010: 1 4 6 ; 11
20130927011: 2 3 6 ; 11
20130927012: 2 3 6 ; 11
20130927013: 1 5 6 ; 12
20130927014: 1 2 6 ; 9
20130927015: 3 4 5 ; 12
20130927016: 1 2 3 ; 6
20130927017: 4 4 5 ; 13
20130927018: 2 5 6 ; 13
20130927019: 2 2 4 ; 8
20130927020: 4 6 6 ; 16
20130927021: 3 6 6 ; 15
20130927022: 2 3 3 ; 8
20130927023: 1 5 5 ; 11
20130927024: 1 3 6 ; 10
20130927025: 2 3 6 ; 11
20130927026: 1 2 4 ; 7
20130927027: 2 6 6 ; 14
20130927028: 2 5 6 ; 13
20130927029: 1 4 5 ; 10
20130927030: 1 2 6 ; 9
20130927031: 3 4 6 ; 13
20130927032: 1 3 6 ; 10
20130927033: 1 5 6 ; 12
20130927034: 1 6 6 ; 13
20130927035: 2 5 6 ; 13
20130927036: 4 5 6 ; 15
20130927037: 1 1 2 ; 4
20130927038: 1 1 4 ; 6
20130927039: 2 5 6 ; 13
20130927040: 1 2 6 ; 9
20130927041: 1 1 3 ; 5
20130927042: 1 2 4 ; 7
20130927043: 1 4 5 ; 10
20130927044: 5 6 6 ; 17
20130927045: 1 3 4 ; 8
20130927046: 1 2 2 ; 5
20130927047: 2 4 6 ; 12
20130927048: 3 3 6 ; 12
20130927049: 1 1 3 ; 5
20130927050: 2 5 6 ; 13
20130927051: 3 3 5 ; 11
20130927052: 2 4 4 ; 10
20130927053: 2 5 6 ; 13
20130927054: 4 4 5 ; 13
20130927055: 4 6 6 ; 16
20130927056: 2 5 6 ; 13
20130927057: 2 3 6 ; 11
20130927058: 1 2 3 ; 6
20130927059: 4 4 6 ; 14
20130927060: 3 3 6 ; 12
20130927061: 3 4 4 ; 11
20130927062: 4 5 6 ; 15
20130927063: 3 4 5 ; 12
20130927064: 1 1 5 ; 7
20130927065: 2 4 4 ; 10
20130927066: 1 1 6 ; 8
20130927067: 4 5 5 ; 14
20130927068: 3 6 6 ; 15
20130927069: 2 4 5 ; 11
20130927070: 3 3 6 ; 12
20130927071: 2 4 6 ; 12
20130927072: 2 5 5 ; 12
20130927073: 1 4 5 ; 10
20130927074: 1 2 6 ; 9
20130927075: 1 1 3 ; 5
20130927076: 2 4 6 ; 12
20130927077: 3 3 5 ; 11
20130927078: 1 4 6 ; 11
