20131211001: 1 3 3 ; 7
20131211002: 5 5 6 ; 16
20131211003: 1 4 6 ; 11
20131211004: 1 1 3 ; 5
20131211005: 2 3 5 ; 10
20131211006: 3 5 6 ; 14
20131211007: 1 1 4 ; 6
20131211008: 6 6 6 ; 18
20131211009: 1 3 6 ; 10
20131211010: 3 4 6 ; 13
20131211011: 5 5 5 ; 15
20131211012: 2 2 6 ; 10
20131211013: 3 4 6 ; 13
20131211014: 2 3 4 ; 9
20131211015: 6 6 6 ; 18
20131211016: 2 2 5 ; 9
20131211017: 2 3 5 ; 10
20131211018: 2 4 4 ; 10
20131211019: 2 5 6 ; 13
20131211020: 6 6 6 ; 18
20131211021: 2 2 6 ; 10
20131211022: 1 1 4 ; 6
20131211023: 4 4 6 ; 14
20131211024: 2 3 4 ; 9
20131211025: 3 5 5 ; 13
20131211026: 3 3 5 ; 11
20131211027: 3 3 6 ; 12
20131211028: 3 3 5 ; 11
20131211029: 1 3 5 ; 9
20131211030: 4 5 6 ; 15
20131211031: 2 5 6 ; 13
20131211032: 1 4 5 ; 10
20131211033: 2 6 6 ; 14
20131211034: 2 4 6 ; 12
20131211035: 2 4 5 ; 11
20131211036: 2 2 3 ; 7
20131211037: 1 1 6 ; 8
20131211038: 1 1 4 ; 6
20131211039: 3 4 4 ; 11
20131211040: 1 1 5 ; 7
20131211041: 1 2 5 ; 8
20131211042: 4 6 6 ; 16
20131211043: 2 3 6 ; 11
20131211044: 3 3 3 ; 9
20131211045: 4 6 6 ; 16
20131211046: 1 1 5 ; 7
20131211047: 3 4 4 ; 11
20131211048: 3 6 6 ; 15
20131211049: 1 2 4 ; 7
20131211050: 3 3 6 ; 12
20131211051: 5 5 5 ; 15
20131211052: 1 1 6 ; 8
20131211053: 2 3 5 ; 10
20131211054: 3 5 6 ; 14
20131211055: 1 6 6 ; 13
20131211056: 2 3 6 ; 11
20131211057: 1 1 4 ; 6
20131211058: 2 5 6 ; 13
20131211059: 1 3 6 ; 10
20131211060: 2 2 6 ; 10
20131211061: 3 5 6 ; 14
20131211062: 1 4 6 ; 11
20131211063: 2 3 6 ; 11
20131211064: 1 2 6 ; 9
20131211065: 4 5 5 ; 14
20131211066: 4 5 6 ; 15
20131211067: 5 5 6 ; 16
20131211068: 1 4 4 ; 9
20131211069: 3 4 6 ; 13
20131211070: 1 2 5 ; 8
20131211071: 1 2 6 ; 9
20131211072: 1 3 3 ; 7
20131211073: 1 5 6 ; 12
20131211074: 2 4 5 ; 11
20131211075: 1 3 5 ; 9
20131211076: 3 4 5 ; 12
20131211077: 2 5 6 ; 13
20131211078: 2 5 5 ; 12
