20130824001: 2 3 4 ; 9
20130824002: 1 1 2 ; 4
20130824003: 2 3 6 ; 11
20130824004: 1 1 2 ; 4
20130824005: 1 2 4 ; 7
20130824006: 2 5 5 ; 12
20130824007: 5 6 6 ; 17
20130824008: 2 4 5 ; 11
20130824009: 1 2 6 ; 9
20130824010: 4 5 5 ; 14
20130824011: 1 2 6 ; 9
20130824012: 1 2 2 ; 5
20130824013: 1 1 1 ; 3
20130824014: 3 4 6 ; 13
20130824015: 1 1 5 ; 7
20130824016: 4 5 6 ; 15
20130824017: 1 1 3 ; 5
20130824018: 3 4 4 ; 11
20130824019: 2 2 6 ; 10
20130824020: 4 4 6 ; 14
20130824021: 2 5 6 ; 13
20130824022: 2 3 6 ; 11
20130824023: 1 5 5 ; 11
20130824024: 5 6 6 ; 17
20130824025: 2 5 6 ; 13
20130824026: 1 2 4 ; 7
20130824027: 1 3 3 ; 7
20130824028: 4 4 6 ; 14
20130824029: 6 6 6 ; 18
20130824030: 1 2 3 ; 6
20130824031: 1 4 5 ; 10
20130824032: 2 3 4 ; 9
20130824033: 4 4 6 ; 14
20130824034: 3 5 6 ; 14
20130824035: 1 3 5 ; 9
20130824036: 1 2 4 ; 7
20130824037: 1 3 6 ; 10
20130824038: 1 2 3 ; 6
20130824039: 1 3 3 ; 7
20130824040: 1 2 6 ; 9
20130824041: 1 2 5 ; 8
20130824042: 2 2 3 ; 7
20130824043: 2 3 4 ; 9
20130824044: 1 2 3 ; 6
20130824045: 2 3 6 ; 11
20130824046: 1 1 3 ; 5
20130824047: 4 5 5 ; 14
20130824048: 3 4 6 ; 13
20130824049: 2 6 6 ; 14
20130824050: 3 4 6 ; 13
20130824051: 1 3 5 ; 9
20130824052: 1 2 4 ; 7
20130824053: 4 4 5 ; 13
20130824054: 1 4 5 ; 10
20130824055: 1 4 5 ; 10
20130824056: 1 2 4 ; 7
20130824057: 1 2 4 ; 7
20130824058: 1 5 6 ; 12
20130824059: 4 6 6 ; 16
20130824060: 1 2 6 ; 9
20130824061: 3 4 5 ; 12
20130824062: 1 2 6 ; 9
20130824063: 2 3 5 ; 10
20130824064: 2 6 6 ; 14
20130824065: 1 1 1 ; 3
20130824066: 3 6 6 ; 15
20130824067: 3 3 4 ; 10
20130824068: 1 1 6 ; 8
20130824069: 1 3 5 ; 9
20130824070: 1 2 3 ; 6
20130824071: 2 2 4 ; 8
20130824072: 1 2 6 ; 9
20130824073: 1 3 6 ; 10
20130824074: 3 3 5 ; 11
20130824075: 2 2 4 ; 8
20130824076: 2 4 5 ; 11
20130824077: 3 5 6 ; 14
20130824078: 2 2 6 ; 10
