20130810001: 1 5 5 ; 11
20130810002: 1 3 5 ; 9
20130810003: 2 2 6 ; 10
20130810004: 4 5 6 ; 15
20130810005: 3 3 5 ; 11
20130810006: 2 3 6 ; 11
20130810007: 4 5 6 ; 15
20130810008: 3 3 6 ; 12
20130810009: 1 5 5 ; 11
20130810010: 2 3 3 ; 8
20130810011: 3 4 4 ; 11
20130810012: 2 3 6 ; 11
20130810013: 1 1 6 ; 8
20130810014: 1 2 4 ; 7
20130810015: 2 2 4 ; 8
20130810016: 1 3 4 ; 8
20130810017: 1 3 5 ; 9
20130810018: 1 3 4 ; 8
20130810019: 2 3 6 ; 11
20130810020: 1 4 6 ; 11
20130810021: 1 1 3 ; 5
20130810022: 1 2 2 ; 5
20130810023: 1 3 4 ; 8
20130810024: 2 4 6 ; 12
20130810025: 2 2 3 ; 7
20130810026: 1 1 4 ; 6
20130810027: 1 2 6 ; 9
20130810028: 2 3 3 ; 8
20130810029: 1 2 4 ; 7
20130810030: 1 3 3 ; 7
20130810031: 1 2 3 ; 6
20130810032: 3 3 5 ; 11
20130810033: 2 4 6 ; 12
20130810034: 2 3 4 ; 9
20130810035: 1 4 4 ; 9
20130810036: 2 3 3 ; 8
20130810037: 1 3 6 ; 10
20130810038: 3 5 6 ; 14
20130810039: 2 6 6 ; 14
20130810040: 1 3 6 ; 10
20130810041: 2 3 4 ; 9
20130810042: 3 4 6 ; 13
20130810043: 2 5 6 ; 13
20130810044: 1 3 5 ; 9
20130810045: 1 1 6 ; 8
20130810046: 1 3 6 ; 10
20130810047: 1 1 4 ; 6
20130810048: 1 1 4 ; 6
20130810049: 1 3 4 ; 8
20130810050: 1 2 3 ; 6
20130810051: 1 2 3 ; 6
20130810052: 3 5 6 ; 14
20130810053: 2 3 4 ; 9
20130810054: 2 4 6 ; 12
20130810055: 3 3 6 ; 12
20130810056: 1 5 5 ; 11
20130810057: 3 6 6 ; 15
20130810058: 2 3 3 ; 8
20130810059: 1 4 6 ; 11
20130810060: 1 4 5 ; 10
20130810061: 3 3 3 ; 9
20130810062: 1 1 6 ; 8
20130810063: 1 4 5 ; 10
20130810064: 2 2 5 ; 9
20130810065: 1 1 3 ; 5
20130810066: 2 2 6 ; 10
20130810067: 1 4 6 ; 11
20130810068: 2 2 5 ; 9
20130810069: 2 5 6 ; 13
20130810070: 2 3 4 ; 9
20130810071: 4 6 6 ; 16
20130810072: 1 3 6 ; 10
20130810073: 1 3 5 ; 9
20130810074: 2 5 5 ; 12
20130810075: 1 1 1 ; 3
20130810076: 1 2 3 ; 6
20130810077: 3 4 4 ; 11
20130810078: 3 5 6 ; 14
