20131110001: 1 2 5 ; 8
20131110002: 2 5 6 ; 13
20131110003: 1 2 3 ; 6
20131110004: 3 5 6 ; 14
20131110005: 2 4 5 ; 11
20131110006: 4 5 6 ; 15
20131110007: 3 5 6 ; 14
20131110008: 2 5 5 ; 12
20131110009: 3 3 3 ; 9
20131110010: 1 4 4 ; 9
20131110011: 1 5 6 ; 12
20131110012: 3 3 6 ; 12
20131110013: 1 2 3 ; 6
20131110014: 2 2 6 ; 10
20131110015: 3 4 5 ; 12
20131110016: 1 3 3 ; 7
20131110017: 1 4 6 ; 11
20131110018: 1 3 3 ; 7
20131110019: 2 3 5 ; 10
20131110020: 3 4 5 ; 12
20131110021: 3 3 6 ; 12
20131110022: 1 4 6 ; 11
20131110023: 5 6 6 ; 17
20131110024: 2 2 5 ; 9
20131110025: 4 5 5 ; 14
20131110026: 3 3 6 ; 12
20131110027: 1 3 4 ; 8
20131110028: 1 2 3 ; 6
20131110029: 1 2 5 ; 8
20131110030: 2 4 6 ; 12
20131110031: 4 5 6 ; 15
20131110032: 2 3 4 ; 9
20131110033: 1 6 6 ; 13
20131110034: 2 4 5 ; 11
20131110035: 1 2 5 ; 8
20131110036: 2 3 5 ; 10
20131110037: 3 6 6 ; 15
20131110038: 2 3 4 ; 9
20131110039: 1 2 5 ; 8
20131110040: 5 5 6 ; 16
20131110041: 1 3 6 ; 10
20131110042: 2 5 6 ; 13
20131110043: 1 3 6 ; 10
20131110044: 1 4 6 ; 11
20131110045: 4 6 6 ; 16
20131110046: 2 5 6 ; 13
20131110047: 1 4 5 ; 10
20131110048: 2 4 5 ; 11
20131110049: 1 1 4 ; 6
20131110050: 1 4 6 ; 11
20131110051: 3 3 5 ; 11
20131110052: 2 3 6 ; 11
20131110053: 2 4 6 ; 12
20131110054: 5 6 6 ; 17
20131110055: 2 4 4 ; 10
20131110056: 1 1 6 ; 8
20131110057: 1 4 5 ; 10
20131110058: 3 5 6 ; 14
20131110059: 1 4 6 ; 11
20131110060: 1 3 4 ; 8
20131110061: 1 3 3 ; 7
20131110062: 1 3 6 ; 10
20131110063: 4 5 6 ; 15
20131110064: 1 4 5 ; 10
20131110065: 3 3 4 ; 10
20131110066: 1 1 2 ; 4
20131110067: 2 2 3 ; 7
20131110068: 3 4 6 ; 13
20131110069: 1 4 4 ; 9
20131110070: 1 4 4 ; 9
20131110071: 2 3 4 ; 9
20131110072: 2 3 3 ; 8
20131110073: 4 4 5 ; 13
20131110074: 1 2 3 ; 6
20131110075: 3 4 5 ; 12
20131110076: 1 5 5 ; 11
20131110077: 3 4 6 ; 13
20131110078: 1 1 6 ; 8
