20130830001: 2 2 6 ; 10
20130830002: 5 6 6 ; 17
20130830003: 5 6 6 ; 17
20130830004: 1 3 5 ; 9
20130830005: 1 4 5 ; 10
20130830006: 3 3 5 ; 11
20130830007: 1 2 3 ; 6
20130830008: 2 4 6 ; 12
20130830009: 1 3 4 ; 8
20130830010: 2 2 3 ; 7
20130830011: 3 5 5 ; 13
20130830012: 2 3 4 ; 9
20130830013: 3 4 5 ; 12
20130830014: 1 2 2 ; 5
20130830015: 4 4 5 ; 13
20130830016: 2 5 6 ; 13
20130830017: 3 6 6 ; 15
20130830018: 3 5 6 ; 14
20130830019: 4 6 6 ; 16
20130830020: 2 4 6 ; 12
20130830021: 1 1 5 ; 7
20130830022: 1 2 2 ; 5
20130830023: 1 2 2 ; 5
20130830024: 2 4 5 ; 11
20130830025: 5 5 6 ; 16
20130830026: 4 4 6 ; 14
20130830027: 1 2 5 ; 8
20130830028: 5 6 6 ; 17
20130830029: 1 1 2 ; 4
20130830030: 3 5 6 ; 14
20130830031: 4 5 6 ; 15
20130830032: 1 6 6 ; 13
20130830033: 3 5 6 ; 14
20130830034: 1 4 5 ; 10
20130830035: 1 1 4 ; 6
20130830036: 1 5 6 ; 12
20130830037: 3 3 5 ; 11
20130830038: 2 3 3 ; 8
20130830039: 1 1 6 ; 8
20130830040: 2 2 6 ; 10
20130830041: 2 3 6 ; 11
20130830042: 2 2 5 ; 9
20130830043: 2 4 6 ; 12
20130830044: 4 5 6 ; 15
20130830045: 2 4 4 ; 10
20130830046: 3 4 5 ; 12
20130830047: 4 5 5 ; 14
20130830048: 2 2 5 ; 9
20130830049: 4 4 6 ; 14
20130830050: 2 4 4 ; 10
20130830051: 4 6 6 ; 16
20130830052: 1 4 5 ; 10
20130830053: 2 3 3 ; 8
20130830054: 2 3 4 ; 9
20130830055: 2 2 5 ; 9
20130830056: 1 4 4 ; 9
20130830057: 2 4 5 ; 11
20130830058: 4 5 6 ; 15
20130830059: 4 4 5 ; 13
20130830060: 1 1 5 ; 7
20130830061: 2 3 4 ; 9
20130830062: 2 3 5 ; 10
20130830063: 1 2 2 ; 5
20130830064: 1 4 6 ; 11
20130830065: 1 2 5 ; 8
20130830066: 3 5 5 ; 13
20130830067: 2 4 5 ; 11
20130830068: 3 4 5 ; 12
20130830069: 2 3 4 ; 9
20130830070: 1 1 2 ; 4
20130830071: 2 4 4 ; 10
20130830072: 2 3 5 ; 10
20130830073: 1 3 5 ; 9
20130830074: 1 2 5 ; 8
20130830075: 2 2 2 ; 6
20130830076: 3 6 6 ; 15
20130830077: 2 5 6 ; 13
20130830078: 1 2 2 ; 5
