20130707001: 4 4 6 ; 14
20130707002: 1 1 4 ; 6
20130707003: 1 3 4 ; 8
20130707004: 2 3 5 ; 10
20130707005: 2 4 4 ; 10
20130707006: 4 6 6 ; 16
20130707007: 2 2 2 ; 6
20130707008: 1 3 6 ; 10
20130707009: 1 3 5 ; 9
20130707010: 1 2 5 ; 8
20130707011: 1 2 6 ; 9
20130707012: 1 1 3 ; 5
20130707013: 1 2 2 ; 5
20130707014: 5 6 6 ; 17
20130707015: 4 4 5 ; 13
20130707016: 2 4 5 ; 11
20130707017: 2 3 5 ; 10
20130707018: 2 4 6 ; 12
20130707019: 1 3 4 ; 8
20130707020: 1 2 5 ; 8
20130707021: 4 5 6 ; 15
20130707022: 2 2 4 ; 8
20130707023: 2 2 6 ; 10
20130707024: 1 3 6 ; 10
20130707025: 1 4 5 ; 10
20130707026: 1 1 4 ; 6
20130707027: 2 2 5 ; 9
20130707028: 2 3 5 ; 10
20130707029: 1 4 6 ; 11
20130707030: 2 3 5 ; 10
20130707031: 3 4 6 ; 13
20130707032: 4 4 5 ; 13
20130707033: 2 4 6 ; 12
20130707034: 1 2 6 ; 9
20130707035: 1 2 2 ; 5
20130707036: 1 1 1 ; 3
20130707037: 1 3 3 ; 7
20130707038: 4 5 5 ; 14
20130707039: 1 1 5 ; 7
20130707040: 1 2 3 ; 6
20130707041: 1 4 4 ; 9
20130707042: 1 2 2 ; 5
20130707043: 1 3 5 ; 9
20130707044: 1 5 6 ; 12
20130707045: 3 4 6 ; 13
20130707046: 2 2 5 ; 9
20130707047: 3 4 5 ; 12
20130707048: 2 2 4 ; 8
20130707049: 1 1 2 ; 4
20130707050: 1 2 5 ; 8
20130707051: 1 3 4 ; 8
20130707052: 4 6 6 ; 16
20130707053: 3 6 6 ; 15
20130707054: 2 3 4 ; 9
20130707055: 4 5 5 ; 14
20130707056: 2 4 4 ; 10
20130707057: 1 5 6 ; 12
20130707058: 3 4 6 ; 13
20130707059: 1 3 6 ; 10
20130707060: 2 3 6 ; 11
20130707061: 1 3 5 ; 9
20130707062: 3 5 6 ; 14
20130707063: 2 4 4 ; 10
20130707064: 1 1 5 ; 7
20130707065: 4 5 6 ; 15
20130707066: 2 3 3 ; 8
20130707067: 2 2 3 ; 7
20130707068: 3 4 6 ; 13
20130707069: 2 2 6 ; 10
20130707070: 1 1 2 ; 4
20130707071: 2 4 5 ; 11
20130707072: 4 4 4 ; 12
20130707073: 3 4 4 ; 11
20130707074: 3 4 5 ; 12
20130707075: 1 2 5 ; 8
20130707076: 3 5 6 ; 14
20130707077: 3 4 5 ; 12
20130707078: 2 2 4 ; 8
