20131119001: 3 3 6 ; 12
20131119002: 2 3 3 ; 8
20131119003: 3 5 5 ; 13
20131119004: 2 2 5 ; 9
20131119005: 3 4 4 ; 11
20131119006: 1 2 6 ; 9
20131119007: 1 3 4 ; 8
20131119008: 1 5 6 ; 12
20131119009: 1 2 2 ; 5
20131119010: 1 5 5 ; 11
20131119011: 3 6 6 ; 15
20131119012: 1 1 5 ; 7
20131119013: 1 5 5 ; 11
20131119014: 4 6 6 ; 16
20131119015: 1 3 5 ; 9
20131119016: 2 6 6 ; 14
20131119017: 2 4 5 ; 11
20131119018: 1 6 6 ; 13
20131119019: 1 3 4 ; 8
20131119020: 2 4 6 ; 12
20131119021: 2 2 4 ; 8
20131119022: 2 5 6 ; 13
20131119023: 1 2 5 ; 8
20131119024: 1 3 5 ; 9
20131119025: 1 1 2 ; 4
20131119026: 2 3 4 ; 9
20131119027: 2 6 6 ; 14
20131119028: 1 3 6 ; 10
20131119029: 2 3 5 ; 10
20131119030: 1 3 3 ; 7
20131119031: 3 3 4 ; 10
20131119032: 1 2 6 ; 9
20131119033: 1 3 5 ; 9
20131119034: 2 3 4 ; 9
20131119035: 1 3 4 ; 8
20131119036: 2 3 5 ; 10
20131119037: 3 3 5 ; 11
20131119038: 3 6 6 ; 15
20131119039: 1 3 5 ; 9
20131119040: 3 5 6 ; 14
20131119041: 2 3 5 ; 10
20131119042: 1 2 4 ; 7
20131119043: 1 5 6 ; 12
20131119044: 1 4 5 ; 10
20131119045: 3 4 5 ; 12
20131119046: 5 5 5 ; 15
20131119047: 3 6 6 ; 15
20131119048: 1 6 6 ; 13
20131119049: 2 3 5 ; 10
20131119050: 1 3 3 ; 7
20131119051: 1 2 3 ; 6
20131119052: 3 3 5 ; 11
20131119053: 1 3 5 ; 9
20131119054: 2 4 4 ; 10
20131119055: 2 3 4 ; 9
20131119056: 5 6 6 ; 17
20131119057: 2 4 6 ; 12
20131119058: 1 2 4 ; 7
20131119059: 1 1 5 ; 7
20131119060: 1 3 6 ; 10
20131119061: 1 1 3 ; 5
20131119062: 3 5 6 ; 14
20131119063: 3 5 6 ; 14
20131119064: 3 3 5 ; 11
20131119065: 4 5 6 ; 15
20131119066: 3 3 5 ; 11
20131119067: 1 5 6 ; 12
20131119068: 2 3 5 ; 10
20131119069: 4 6 6 ; 16
20131119070: 1 2 3 ; 6
20131119071: 1 3 6 ; 10
20131119072: 3 5 6 ; 14
20131119073: 2 3 6 ; 11
20131119074: 3 4 4 ; 11
20131119075: 3 4 5 ; 12
20131119076: 2 5 6 ; 13
20131119077: 2 6 6 ; 14
20131119078: 1 1 3 ; 5
