20130627001: 3 3 5 ; 11
20130627002: 2 2 3 ; 7
20130627003: 1 3 4 ; 8
20130627004: 1 2 2 ; 5
20130627005: 2 4 6 ; 12
20130627006: 2 2 3 ; 7
20130627007: 1 2 3 ; 6
20130627008: 4 5 5 ; 14
20130627009: 1 2 3 ; 6
20130627010: 5 6 6 ; 17
20130627011: 1 1 4 ; 6
20130627012: 1 2 5 ; 8
20130627013: 1 2 4 ; 7
20130627014: 1 2 5 ; 8
20130627015: 2 4 5 ; 11
20130627016: 1 5 6 ; 12
20130627017: 3 4 4 ; 11
20130627018: 2 2 5 ; 9
20130627019: 5 5 5 ; 15
20130627020: 4 4 6 ; 14
20130627021: 1 3 6 ; 10
20130627022: 2 5 6 ; 13
20130627023: 2 4 5 ; 11
20130627024: 2 3 5 ; 10
20130627025: 2 5 6 ; 13
20130627026: 3 5 6 ; 14
20130627027: 1 1 5 ; 7
20130627028: 2 4 4 ; 10
20130627029: 1 3 4 ; 8
20130627030: 2 4 5 ; 11
20130627031: 3 4 6 ; 13
20130627032: 2 3 3 ; 8
20130627033: 2 4 6 ; 12
20130627034: 1 3 4 ; 8
20130627035: 1 2 3 ; 6
20130627036: 3 5 6 ; 14
20130627037: 2 3 4 ; 9
20130627038: 4 5 6 ; 15
20130627039: 2 4 5 ; 11
20130627040: 2 2 6 ; 10
20130627041: 2 3 5 ; 10
20130627042: 1 2 6 ; 9
20130627043: 3 4 6 ; 13
20130627044: 2 5 6 ; 13
20130627045: 1 5 6 ; 12
20130627046: 2 5 5 ; 12
20130627047: 3 3 3 ; 9
20130627048: 2 5 5 ; 12
20130627049: 2 3 6 ; 11
20130627050: 2 4 5 ; 11
20130627051: 1 3 5 ; 9
20130627052: 2 5 5 ; 12
20130627053: 1 4 6 ; 11
20130627054: 1 3 6 ; 10
20130627055: 3 3 4 ; 10
20130627056: 1 2 5 ; 8
20130627057: 3 4 6 ; 13
20130627058: 1 1 4 ; 6
20130627059: 2 4 6 ; 12
20130627060: 4 4 6 ; 14
20130627061: 1 4 5 ; 10
20130627062: 1 4 6 ; 11
20130627063: 3 4 6 ; 13
20130627064: 2 2 4 ; 8
20130627065: 2 4 5 ; 11
20130627066: 3 4 6 ; 13
20130627067: 1 5 6 ; 12
20130627068: 1 3 4 ; 8
20130627069: 5 6 6 ; 17
20130627070: 3 3 6 ; 12
20130627071: 2 3 6 ; 11
20130627072: 1 4 5 ; 10
