20130618001: 3 3 3 ; 9
20130618002: 1 4 5 ; 10
20130618003: 1 2 5 ; 8
20130618004: 1 1 4 ; 6
20130618005: 1 1 4 ; 6
20130618006: 1 1 4 ; 6
20130618007: 1 1 3 ; 5
20130618008: 1 2 2 ; 5
20130618009: 1 1 1 ; 3
20130618010: 2 2 3 ; 7
20130618011: 1 4 5 ; 10
20130618012: 3 3 6 ; 12
20130618013: 2 5 6 ; 13
20130618014: 1 3 6 ; 10
20130618015: 3 3 6 ; 12
20130618016: 1 6 6 ; 13
20130618017: 4 5 6 ; 15
20130618018: 2 2 2 ; 6
20130618019: 3 4 5 ; 12
20130618020: 2 5 5 ; 12
20130618021: 3 4 6 ; 13
20130618022: 1 2 5 ; 8
20130618023: 2 4 6 ; 12
20130618024: 3 5 5 ; 13
20130618025: 1 4 5 ; 10
20130618026: 1 1 3 ; 5
20130618027: 1 4 5 ; 10
20130618028: 2 3 4 ; 9
20130618029: 3 4 4 ; 11
20130618030: 4 5 6 ; 15
20130618031: 4 5 5 ; 14
20130618032: 1 3 3 ; 7
20130618033: 4 4 6 ; 14
20130618034: 1 6 6 ; 13
20130618035: 1 2 6 ; 9
20130618036: 2 3 3 ; 8
20130618037: 1 1 1 ; 3
20130618038: 2 3 5 ; 10
20130618039: 3 5 6 ; 14
20130618040: 3 4 5 ; 12
20130618041: 2 4 6 ; 12
20130618042: 4 5 6 ; 15
20130618043: 1 2 6 ; 9
20130618044: 3 3 6 ; 12
20130618045: 2 2 5 ; 9
20130618046: 1 4 4 ; 9
20130618047: 1 2 5 ; 8
20130618048: 2 2 4 ; 8
20130618049: 1 3 5 ; 9
20130618050: 3 5 5 ; 13
20130618051: 1 3 3 ; 7
20130618052: 3 3 5 ; 11
20130618053: 1 5 6 ; 12
20130618054: 3 4 5 ; 12
20130618055: 1 3 5 ; 9
20130618056: 1 4 4 ; 9
20130618057: 2 4 6 ; 12
20130618058: 1 3 4 ; 8
20130618059: 1 4 4 ; 9
20130618060: 3 4 6 ; 13
20130618061: 2 3 6 ; 11
20130618062: 6 6 6 ; 18
20130618063: 2 5 6 ; 13
20130618064: 4 5 6 ; 15
20130618065: 1 1 6 ; 8
20130618066: 2 6 6 ; 14
20130618067: 3 3 6 ; 12
20130618068: 2 3 4 ; 9
20130618069: 1 2 5 ; 8
20130618070: 2 2 6 ; 10
20130618071: 1 1 1 ; 3
20130618072: 3 3 4 ; 10
