20131206001: 2 2 3 ; 7
20131206002: 2 3 5 ; 10
20131206003: 1 2 3 ; 6
20131206004: 2 4 5 ; 11
20131206005: 4 4 6 ; 14
20131206006: 2 4 6 ; 12
20131206007: 1 2 6 ; 9
20131206008: 3 4 4 ; 11
20131206009: 1 3 4 ; 8
20131206010: 3 4 6 ; 13
20131206011: 2 4 4 ; 10
20131206012: 3 4 5 ; 12
20131206013: 2 6 6 ; 14
20131206014: 1 2 6 ; 9
20131206015: 2 5 6 ; 13
20131206016: 2 2 4 ; 8
20131206017: 1 4 6 ; 11
20131206018: 1 4 4 ; 9
20131206019: 1 3 6 ; 10
20131206020: 3 3 4 ; 10
20131206021: 2 6 6 ; 14
20131206022: 3 4 6 ; 13
20131206023: 1 3 6 ; 10
20131206024: 4 4 5 ; 13
20131206025: 3 3 3 ; 9
20131206026: 1 2 5 ; 8
20131206027: 1 2 3 ; 6
20131206028: 2 2 4 ; 8
20131206029: 4 6 6 ; 16
20131206030: 1 2 4 ; 7
20131206031: 3 4 6 ; 13
20131206032: 2 3 5 ; 10
20131206033: 1 1 3 ; 5
20131206034: 1 3 4 ; 8
20131206035: 3 4 6 ; 13
20131206036: 5 5 6 ; 16
20131206037: 2 3 5 ; 10
20131206038: 1 2 4 ; 7
20131206039: 1 5 5 ; 11
20131206040: 2 4 5 ; 11
20131206041: 1 2 4 ; 7
20131206042: 2 2 4 ; 8
20131206043: 1 3 3 ; 7
20131206044: 1 5 6 ; 12
20131206045: 1 2 4 ; 7
20131206046: 2 3 4 ; 9
20131206047: 1 2 5 ; 8
20131206048: 2 2 5 ; 9
20131206049: 2 2 4 ; 8
20131206050: 2 2 5 ; 9
20131206051: 1 2 5 ; 8
20131206052: 3 4 6 ; 13
20131206053: 1 3 6 ; 10
20131206054: 4 5 5 ; 14
20131206055: 2 4 6 ; 12
20131206056: 4 4 6 ; 14
20131206057: 2 2 2 ; 6
20131206058: 2 3 6 ; 11
20131206059: 5 6 6 ; 17
20131206060: 1 2 5 ; 8
20131206061: 2 4 5 ; 11
20131206062: 1 2 4 ; 7
20131206063: 2 5 6 ; 13
20131206064: 3 4 6 ; 13
20131206065: 2 5 6 ; 13
20131206066: 1 4 6 ; 11
20131206067: 2 3 3 ; 8
20131206068: 4 5 6 ; 15
20131206069: 2 3 6 ; 11
20131206070: 3 4 6 ; 13
20131206071: 2 3 3 ; 8
20131206072: 6 6 6 ; 18
20131206073: 2 4 6 ; 12
20131206074: 1 3 4 ; 8
20131206075: 1 4 5 ; 10
20131206076: 2 2 5 ; 9
20131206077: 1 1 6 ; 8
20131206078: 1 3 5 ; 9
