20131223001: 3 6 6 ; 15
20131223002: 3 3 6 ; 12
20131223003: 1 4 6 ; 11
20131223004: 3 4 6 ; 13
20131223005: 1 5 5 ; 11
20131223006: 3 5 6 ; 14
20131223007: 1 3 4 ; 8
20131223008: 4 5 6 ; 15
20131223009: 3 4 5 ; 12
20131223010: 2 3 5 ; 10
20131223011: 1 1 5 ; 7
20131223012: 2 3 6 ; 11
20131223013: 2 2 4 ; 8
20131223014: 1 3 5 ; 9
20131223015: 2 3 4 ; 9
20131223016: 4 5 6 ; 15
20131223017: 1 4 5 ; 10
20131223018: 1 2 6 ; 9
20131223019: 1 1 3 ; 5
20131223020: 1 3 3 ; 7
20131223021: 2 2 5 ; 9
20131223022: 2 2 6 ; 10
20131223023: 4 5 5 ; 14
20131223024: 4 5 6 ; 15
20131223025: 2 5 6 ; 13
20131223026: 2 3 6 ; 11
20131223027: 3 5 6 ; 14
20131223028: 2 3 6 ; 11
20131223029: 2 2 6 ; 10
20131223030: 4 4 5 ; 13
20131223031: 5 6 6 ; 17
20131223032: 3 5 6 ; 14
20131223033: 1 3 4 ; 8
20131223034: 4 6 6 ; 16
20131223035: 3 4 6 ; 13
20131223036: 4 5 5 ; 14
20131223037: 1 2 4 ; 7
20131223038: 2 2 4 ; 8
20131223039: 1 4 5 ; 10
20131223040: 3 5 6 ; 14
20131223041: 2 5 5 ; 12
20131223042: 3 4 6 ; 13
20131223043: 4 4 6 ; 14
20131223044: 1 1 5 ; 7
20131223045: 5 6 6 ; 17
20131223046: 3 4 6 ; 13
20131223047: 4 4 4 ; 12
20131223048: 3 3 5 ; 11
20131223049: 1 4 5 ; 10
20131223050: 4 4 6 ; 14
20131223051: 4 4 6 ; 14
20131223052: 3 4 5 ; 12
20131223053: 2 3 4 ; 9
20131223054: 1 6 6 ; 13
20131223055: 2 5 5 ; 12
20131223056: 2 3 4 ; 9
20131223057: 1 2 4 ; 7
20131223058: 2 6 6 ; 14
20131223059: 2 6 6 ; 14
20131223060: 2 4 5 ; 11
20131223061: 3 4 5 ; 12
20131223062: 1 5 6 ; 12
20131223063: 1 6 6 ; 13
20131223064: 4 5 6 ; 15
20131223065: 1 2 5 ; 8
20131223066: 1 5 5 ; 11
20131223067: 1 2 4 ; 7
20131223068: 2 5 5 ; 12
20131223069: 1 6 6 ; 13
20131223070: 3 5 6 ; 14
20131223071: 4 6 6 ; 16
20131223072: 3 5 5 ; 13
20131223073: 1 2 5 ; 8
20131223074: 1 1 6 ; 8
20131223075: 1 3 3 ; 7
20131223076: 3 3 4 ; 10
20131223077: 1 5 6 ; 12
20131223078: 1 3 6 ; 10
