20131130001: 3 3 6 ; 12
20131130002: 1 2 6 ; 9
20131130003: 1 5 6 ; 12
20131130004: 3 6 6 ; 15
20131130005: 2 5 6 ; 13
20131130006: 3 4 6 ; 13
20131130007: 2 3 4 ; 9
20131130008: 3 4 6 ; 13
20131130009: 5 5 6 ; 16
20131130010: 3 4 6 ; 13
20131130011: 5 6 6 ; 17
20131130012: 1 2 3 ; 6
20131130013: 1 4 6 ; 11
20131130014: 3 4 5 ; 12
20131130015: 3 3 4 ; 10
20131130016: 2 2 6 ; 10
20131130017: 3 5 6 ; 14
20131130018: 2 4 4 ; 10
20131130019: 4 5 6 ; 15
20131130020: 1 4 6 ; 11
20131130021: 1 3 6 ; 10
20131130022: 3 4 6 ; 13
20131130023: 4 5 6 ; 15
20131130024: 2 2 6 ; 10
20131130025: 2 4 6 ; 12
20131130026: 2 3 5 ; 10
20131130027: 3 5 6 ; 14
20131130028: 1 4 5 ; 10
20131130029: 1 4 6 ; 11
20131130030: 2 4 5 ; 11
20131130031: 2 4 6 ; 12
20131130032: 3 4 5 ; 12
20131130033: 1 2 3 ; 6
20131130034: 2 4 4 ; 10
20131130035: 2 2 5 ; 9
20131130036: 1 6 6 ; 13
20131130037: 3 5 6 ; 14
20131130038: 1 3 4 ; 8
20131130039: 4 5 5 ; 14
20131130040: 1 2 2 ; 5
20131130041: 3 5 5 ; 13
20131130042: 3 4 5 ; 12
20131130043: 1 2 6 ; 9
20131130044: 2 4 4 ; 10
20131130045: 3 4 6 ; 13
20131130046: 2 3 6 ; 11
20131130047: 4 4 6 ; 14
20131130048: 4 5 5 ; 14
20131130049: 1 4 5 ; 10
20131130050: 1 3 4 ; 8
20131130051: 4 5 6 ; 15
20131130052: 4 5 6 ; 15
20131130053: 2 2 4 ; 8
20131130054: 3 5 6 ; 14
20131130055: 3 3 5 ; 11
20131130056: 2 3 6 ; 11
20131130057: 3 4 6 ; 13
20131130058: 1 4 4 ; 9
20131130059: 1 5 6 ; 12
20131130060: 2 4 5 ; 11
20131130061: 5 5 6 ; 16
20131130062: 3 4 5 ; 12
20131130063: 2 4 4 ; 10
20131130064: 1 3 4 ; 8
20131130065: 2 3 4 ; 9
20131130066: 1 4 5 ; 10
20131130067: 4 5 6 ; 15
20131130068: 4 6 6 ; 16
20131130069: 2 2 3 ; 7
20131130070: 5 5 6 ; 16
20131130071: 4 4 4 ; 12
20131130072: 1 3 5 ; 9
20131130073: 1 2 6 ; 9
20131130074: 2 3 4 ; 9
20131130075: 1 5 5 ; 11
20131130076: 1 5 5 ; 11
20131130077: 2 4 6 ; 12
20131130078: 1 1 2 ; 4
