20130831001: 2 3 3 ; 8
20130831002: 1 3 6 ; 10
20130831003: 1 2 2 ; 5
20130831004: 4 6 6 ; 16
20130831005: 2 2 4 ; 8
20130831006: 2 3 4 ; 9
20130831007: 1 2 3 ; 6
20130831008: 4 4 6 ; 14
20130831009: 2 4 4 ; 10
20130831010: 3 5 6 ; 14
20130831011: 2 4 5 ; 11
20130831012: 2 4 6 ; 12
20130831013: 2 2 2 ; 6
20130831014: 2 3 6 ; 11
20130831015: 2 3 4 ; 9
20130831016: 1 3 6 ; 10
20130831017: 1 5 6 ; 12
20130831018: 5 5 6 ; 16
20130831019: 1 4 5 ; 10
20130831020: 3 5 5 ; 13
20130831021: 1 3 6 ; 10
20130831022: 2 4 5 ; 11
20130831023: 3 4 5 ; 12
20130831024: 2 3 6 ; 11
20130831025: 3 3 5 ; 11
20130831026: 1 1 3 ; 5
20130831027: 4 5 6 ; 15
20130831028: 1 3 5 ; 9
20130831029: 1 4 6 ; 11
20130831030: 2 5 6 ; 13
20130831031: 1 3 6 ; 10
20130831032: 1 5 6 ; 12
20130831033: 2 2 6 ; 10
20130831034: 2 4 5 ; 11
20130831035: 1 2 4 ; 7
20130831036: 2 5 5 ; 12
20130831037: 4 5 6 ; 15
20130831038: 2 4 5 ; 11
20130831039: 1 2 5 ; 8
20130831040: 1 3 4 ; 8
20130831041: 1 4 6 ; 11
20130831042: 1 2 6 ; 9
20130831043: 1 1 5 ; 7
20130831044: 1 2 4 ; 7
20130831045: 1 3 5 ; 9
20130831046: 3 5 6 ; 14
20130831047: 4 5 6 ; 15
20130831048: 2 4 4 ; 10
20130831049: 2 5 6 ; 13
20130831050: 2 4 5 ; 11
20130831051: 3 5 6 ; 14
20130831052: 4 4 6 ; 14
20130831053: 3 4 6 ; 13
20130831054: 3 3 3 ; 9
20130831055: 1 1 2 ; 4
20130831056: 2 3 6 ; 11
20130831057: 1 1 4 ; 6
20130831058: 4 6 6 ; 16
20130831059: 1 2 5 ; 8
20130831060: 1 6 6 ; 13
20130831061: 5 5 6 ; 16
20130831062: 1 2 3 ; 6
20130831063: 2 6 6 ; 14
20130831064: 1 2 5 ; 8
20130831065: 5 6 6 ; 17
20130831066: 1 3 4 ; 8
20130831067: 1 1 3 ; 5
20130831068: 5 5 5 ; 15
20130831069: 3 4 5 ; 12
20130831070: 2 3 4 ; 9
20130831071: 2 5 6 ; 13
20130831072: 3 5 5 ; 13
20130831073: 3 6 6 ; 15
20130831074: 1 3 6 ; 10
20130831075: 1 2 4 ; 7
20130831076: 3 3 4 ; 10
20130831077: 2 5 6 ; 13
20130831078: 1 3 5 ; 9
