20130911001: 2 2 5 ; 9
20130911002: 1 6 6 ; 13
20130911003: 1 2 2 ; 5
20130911004: 1 6 6 ; 13
20130911005: 3 4 4 ; 11
20130911006: 2 4 5 ; 11
20130911007: 3 3 6 ; 12
20130911008: 1 2 3 ; 6
20130911009: 1 4 5 ; 10
20130911010: 2 3 4 ; 9
20130911011: 2 5 6 ; 13
20130911012: 1 1 3 ; 5
20130911013: 3 4 4 ; 11
20130911014: 1 2 2 ; 5
20130911015: 1 5 6 ; 12
20130911016: 2 2 5 ; 9
20130911017: 1 1 5 ; 7
20130911018: 5 6 6 ; 17
20130911019: 3 3 4 ; 10
20130911020: 2 3 5 ; 10
20130911021: 2 5 6 ; 13
20130911022: 3 6 6 ; 15
20130911023: 1 5 5 ; 11
20130911024: 4 5 5 ; 14
20130911025: 2 3 4 ; 9
20130911026: 4 5 6 ; 15
20130911027: 2 2 5 ; 9
20130911028: 2 3 6 ; 11
20130911029: 2 6 6 ; 14
20130911030: 2 3 4 ; 9
20130911031: 1 4 5 ; 10
20130911032: 5 5 6 ; 16
20130911033: 1 6 6 ; 13
20130911034: 3 4 5 ; 12
20130911035: 2 3 4 ; 9
20130911036: 4 5 5 ; 14
20130911037: 2 4 4 ; 10
20130911038: 2 2 4 ; 8
20130911039: 3 5 6 ; 14
20130911040: 2 2 5 ; 9
20130911041: 1 6 6 ; 13
20130911042: 1 4 4 ; 9
20130911043: 4 5 6 ; 15
20130911044: 2 6 6 ; 14
20130911045: 1 1 6 ; 8
20130911046: 1 2 3 ; 6
20130911047: 2 3 4 ; 9
20130911048: 1 1 6 ; 8
20130911049: 2 5 6 ; 13
20130911050: 1 3 4 ; 8
20130911051: 3 3 4 ; 10
20130911052: 2 4 4 ; 10
20130911053: 2 2 4 ; 8
20130911054: 5 6 6 ; 17
20130911055: 1 5 6 ; 12
20130911056: 1 4 4 ; 9
20130911057: 2 2 4 ; 8
20130911058: 1 1 2 ; 4
20130911059: 4 4 4 ; 12
20130911060: 1 1 3 ; 5
20130911061: 1 3 4 ; 8
20130911062: 1 1 2 ; 4
20130911063: 1 2 3 ; 6
20130911064: 1 4 6 ; 11
20130911065: 1 4 6 ; 11
20130911066: 2 3 6 ; 11
20130911067: 1 5 5 ; 11
20130911068: 1 3 5 ; 9
20130911069: 3 5 6 ; 14
20130911070: 2 2 5 ; 9
20130911071: 1 3 4 ; 8
20130911072: 2 4 5 ; 11
20130911073: 2 5 6 ; 13
20130911074: 3 3 4 ; 10
20130911075: 1 2 4 ; 7
20130911076: 2 4 5 ; 11
20130911077: 1 1 2 ; 4
20130911078: 2 4 5 ; 11
