20130628001: 2 3 4 ; 9
20130628002: 4 5 6 ; 15
20130628003: 2 6 6 ; 14
20130628004: 1 3 5 ; 9
20130628005: 4 5 6 ; 15
20130628006: 3 3 6 ; 12
20130628007: 1 2 2 ; 5
20130628008: 1 3 6 ; 10
20130628009: 1 1 4 ; 6
20130628010: 2 3 5 ; 10
20130628011: 1 2 3 ; 6
20130628012: 3 3 3 ; 9
20130628013: 4 5 6 ; 15
20130628014: 2 3 4 ; 9
20130628015: 2 3 6 ; 11
20130628016: 2 4 6 ; 12
20130628017: 2 5 6 ; 13
20130628018: 1 2 4 ; 7
20130628019: 2 4 5 ; 11
20130628020: 1 2 6 ; 9
20130628021: 2 5 6 ; 13
20130628022: 1 2 6 ; 9
20130628023: 1 3 6 ; 10
20130628024: 2 6 6 ; 14
20130628025: 3 5 5 ; 13
20130628026: 4 4 6 ; 14
20130628027: 1 5 6 ; 12
20130628028: 1 3 4 ; 8
20130628029: 1 2 5 ; 8
20130628030: 1 3 5 ; 9
20130628031: 1 1 3 ; 5
20130628032: 2 3 5 ; 10
20130628033: 2 3 5 ; 10
20130628034: 1 5 6 ; 12
20130628035: 2 3 5 ; 10
20130628036: 4 6 6 ; 16
20130628037: 1 2 3 ; 6
20130628038: 1 4 5 ; 10
20130628039: 1 2 6 ; 9
20130628040: 4 5 5 ; 14
20130628041: 1 2 6 ; 9
20130628042: 1 2 3 ; 6
20130628043: 4 5 5 ; 14
20130628044: 2 3 4 ; 9
20130628045: 2 6 6 ; 14
20130628046: 1 2 2 ; 5
20130628047: 1 4 6 ; 11
20130628048: 2 4 5 ; 11
20130628049: 5 6 6 ; 17
20130628050: 3 4 6 ; 13
20130628051: 2 3 5 ; 10
20130628052: 1 1 2 ; 4
20130628053: 3 5 6 ; 14
20130628054: 1 2 5 ; 8
20130628055: 2 2 6 ; 10
20130628056: 3 3 5 ; 11
20130628057: 1 1 3 ; 5
20130628058: 5 6 6 ; 17
20130628059: 1 5 6 ; 12
20130628060: 1 2 2 ; 5
20130628061: 1 1 4 ; 6
20130628062: 2 5 6 ; 13
20130628063: 2 5 5 ; 12
20130628064: 2 4 6 ; 12
20130628065: 1 2 4 ; 7
20130628066: 1 2 4 ; 7
20130628067: 3 4 6 ; 13
20130628068: 2 3 6 ; 11
20130628069: 3 6 6 ; 15
20130628070: 2 2 6 ; 10
20130628071: 2 3 6 ; 11
20130628072: 3 5 5 ; 13
