20130808001: 1 6 6 ; 13
20130808002: 2 5 5 ; 12
20130808003: 2 3 6 ; 11
20130808004: 1 3 5 ; 9
20130808005: 3 6 6 ; 15
20130808006: 1 4 5 ; 10
20130808007: 1 6 6 ; 13
20130808008: 3 3 4 ; 10
20130808009: 2 4 5 ; 11
20130808010: 3 5 6 ; 14
20130808011: 1 5 5 ; 11
20130808012: 2 4 5 ; 11
20130808013: 2 3 3 ; 8
20130808014: 1 2 4 ; 7
20130808015: 4 6 6 ; 16
20130808016: 1 2 2 ; 5
20130808017: 1 2 2 ; 5
20130808018: 4 4 4 ; 12
20130808019: 2 3 5 ; 10
20130808020: 1 2 6 ; 9
20130808021: 6 6 6 ; 18
20130808022: 1 4 6 ; 11
20130808023: 1 2 4 ; 7
20130808024: 2 3 5 ; 10
20130808025: 2 5 5 ; 12
20130808026: 1 4 6 ; 11
20130808027: 1 4 5 ; 10
20130808028: 1 3 5 ; 9
20130808029: 1 2 4 ; 7
20130808030: 1 3 3 ; 7
20130808031: 1 2 6 ; 9
20130808032: 1 2 2 ; 5
20130808033: 1 3 3 ; 7
20130808034: 3 4 5 ; 12
20130808035: 2 6 6 ; 14
20130808036: 3 5 6 ; 14
20130808037: 3 3 6 ; 12
20130808038: 3 5 6 ; 14
20130808039: 1 2 4 ; 7
20130808040: 1 5 6 ; 12
20130808041: 2 4 6 ; 12
20130808042: 2 5 6 ; 13
20130808043: 3 3 6 ; 12
20130808044: 3 6 6 ; 15
20130808045: 2 4 6 ; 12
20130808046: 3 3 6 ; 12
20130808047: 2 4 5 ; 11
20130808048: 2 4 6 ; 12
20130808049: 1 1 6 ; 8
20130808050: 4 6 6 ; 16
20130808051: 1 2 5 ; 8
20130808052: 1 3 3 ; 7
20130808053: 1 3 6 ; 10
20130808054: 1 1 6 ; 8
20130808055: 1 4 4 ; 9
20130808056: 4 5 6 ; 15
20130808057: 1 2 2 ; 5
20130808058: 1 1 6 ; 8
20130808059: 1 2 6 ; 9
20130808060: 2 2 3 ; 7
20130808061: 2 6 6 ; 14
20130808062: 1 4 5 ; 10
20130808063: 1 2 2 ; 5
20130808064: 1 2 6 ; 9
20130808065: 3 5 6 ; 14
20130808066: 2 3 4 ; 9
20130808067: 1 5 6 ; 12
20130808068: 2 5 6 ; 13
20130808069: 1 3 6 ; 10
20130808070: 1 5 5 ; 11
20130808071: 2 3 3 ; 8
20130808072: 1 2 2 ; 5
20130808073: 1 3 5 ; 9
20130808074: 1 3 5 ; 9
20130808075: 1 3 6 ; 10
20130808076: 1 5 6 ; 12
20130808077: 4 4 6 ; 14
20130808078: 2 3 6 ; 11
