20131013001: 1 3 6 ; 10
20131013002: 3 6 6 ; 15
20131013003: 1 1 4 ; 6
20131013004: 2 2 4 ; 8
20131013005: 2 5 6 ; 13
20131013006: 1 1 6 ; 8
20131013007: 2 5 5 ; 12
20131013008: 1 4 5 ; 10
20131013009: 2 2 3 ; 7
20131013010: 5 6 6 ; 17
20131013011: 3 4 5 ; 12
20131013012: 1 3 5 ; 9
20131013013: 1 4 5 ; 10
20131013014: 1 3 3 ; 7
20131013015: 4 6 6 ; 16
20131013016: 2 3 3 ; 8
20131013017: 1 3 5 ; 9
20131013018: 1 2 3 ; 6
20131013019: 1 3 5 ; 9
20131013020: 2 6 6 ; 14
20131013021: 3 6 6 ; 15
20131013022: 2 5 5 ; 12
20131013023: 2 2 3 ; 7
20131013024: 2 3 4 ; 9
20131013025: 1 1 4 ; 6
20131013026: 2 3 6 ; 11
20131013027: 1 3 6 ; 10
20131013028: 2 2 6 ; 10
20131013029: 1 1 4 ; 6
20131013030: 2 3 5 ; 10
20131013031: 2 5 6 ; 13
20131013032: 2 3 5 ; 10
20131013033: 3 5 6 ; 14
20131013034: 3 3 4 ; 10
20131013035: 1 2 5 ; 8
20131013036: 2 5 6 ; 13
20131013037: 5 6 6 ; 17
20131013038: 5 5 6 ; 16
20131013039: 1 1 4 ; 6
20131013040: 2 4 5 ; 11
20131013041: 2 4 4 ; 10
20131013042: 4 5 6 ; 15
20131013043: 2 3 6 ; 11
20131013044: 1 3 5 ; 9
20131013045: 4 4 4 ; 12
20131013046: 5 5 6 ; 16
20131013047: 2 5 5 ; 12
20131013048: 3 5 6 ; 14
20131013049: 1 2 4 ; 7
20131013050: 4 5 5 ; 14
20131013051: 1 5 5 ; 11
20131013052: 1 1 6 ; 8
20131013053: 1 2 5 ; 8
20131013054: 3 3 6 ; 12
20131013055: 2 2 3 ; 7
20131013056: 1 2 6 ; 9
20131013057: 1 2 3 ; 6
20131013058: 1 2 3 ; 6
20131013059: 2 3 4 ; 9
20131013060: 4 5 5 ; 14
20131013061: 4 4 5 ; 13
20131013062: 2 2 5 ; 9
20131013063: 1 3 6 ; 10
20131013064: 1 2 4 ; 7
20131013065: 1 2 4 ; 7
20131013066: 2 5 6 ; 13
20131013067: 1 2 6 ; 9
20131013068: 1 1 4 ; 6
20131013069: 1 6 6 ; 13
20131013070: 2 4 6 ; 12
20131013071: 2 2 6 ; 10
20131013072: 1 2 4 ; 7
20131013073: 1 1 3 ; 5
20131013074: 3 5 6 ; 14
20131013075: 2 5 6 ; 13
20131013076: 1 3 6 ; 10
20131013077: 1 1 3 ; 5
20131013078: 1 3 6 ; 10
