20131205001: 1 6 6 ; 13
20131205002: 1 6 6 ; 13
20131205003: 1 3 4 ; 8
20131205004: 1 2 6 ; 9
20131205005: 1 3 4 ; 8
20131205006: 1 2 3 ; 6
20131205007: 3 4 6 ; 13
20131205008: 4 5 5 ; 14
20131205009: 2 5 5 ; 12
20131205010: 2 4 6 ; 12
20131205011: 4 5 5 ; 14
20131205012: 3 4 5 ; 12
20131205013: 4 4 6 ; 14
20131205014: 2 4 5 ; 11
20131205015: 1 4 4 ; 9
20131205016: 4 4 5 ; 13
20131205017: 1 4 4 ; 9
20131205018: 3 4 5 ; 12
20131205019: 3 3 6 ; 12
20131205020: 2 5 5 ; 12
20131205021: 1 3 6 ; 10
20131205022: 1 4 6 ; 11
20131205023: 3 4 5 ; 12
20131205024: 1 2 6 ; 9
20131205025: 3 6 6 ; 15
20131205026: 2 5 6 ; 13
20131205027: 1 4 6 ; 11
20131205028: 1 2 4 ; 7
20131205029: 1 1 5 ; 7
20131205030: 1 2 3 ; 6
20131205031: 1 3 5 ; 9
20131205032: 2 3 3 ; 8
20131205033: 2 3 4 ; 9
20131205034: 3 5 6 ; 14
20131205035: 2 3 5 ; 10
20131205036: 1 5 6 ; 12
20131205037: 1 2 4 ; 7
20131205038: 1 2 5 ; 8
20131205039: 2 5 6 ; 13
20131205040: 2 3 4 ; 9
20131205041: 1 2 3 ; 6
20131205042: 2 4 6 ; 12
20131205043: 1 4 5 ; 10
20131205044: 4 5 6 ; 15
20131205045: 2 2 5 ; 9
20131205046: 3 3 6 ; 12
20131205047: 1 3 6 ; 10
20131205048: 2 3 5 ; 10
20131205049: 1 5 5 ; 11
20131205050: 1 3 4 ; 8
20131205051: 1 3 5 ; 9
20131205052: 3 5 6 ; 14
20131205053: 2 2 6 ; 10
20131205054: 2 2 6 ; 10
20131205055: 3 3 6 ; 12
20131205056: 3 3 6 ; 12
20131205057: 1 4 5 ; 10
20131205058: 1 3 6 ; 10
20131205059: 1 5 6 ; 12
20131205060: 2 3 6 ; 11
20131205061: 1 2 4 ; 7
20131205062: 2 3 4 ; 9
20131205063: 1 2 3 ; 6
20131205064: 1 3 6 ; 10
20131205065: 1 4 5 ; 10
20131205066: 5 6 6 ; 17
20131205067: 1 3 4 ; 8
20131205068: 1 4 6 ; 11
20131205069: 1 2 4 ; 7
20131205070: 1 6 6 ; 13
20131205071: 3 5 5 ; 13
20131205072: 1 2 4 ; 7
20131205073: 2 2 6 ; 10
20131205074: 1 1 2 ; 4
20131205075: 3 4 4 ; 11
20131205076: 2 2 3 ; 7
20131205077: 2 3 6 ; 11
20131205078: 1 2 5 ; 8
