20130606001: 2 4 6 ; 12
20130606002: 3 5 6 ; 14
20130606003: 4 5 6 ; 15
20130606004: 3 4 5 ; 12
20130606005: 1 2 5 ; 8
20130606006: 1 3 5 ; 9
20130606007: 1 2 4 ; 7
20130606008: 1 3 5 ; 9
20130606009: 1 3 6 ; 10
20130606010: 2 2 3 ; 7
20130606011: 3 5 5 ; 13
20130606012: 2 2 5 ; 9
20130606013: 2 2 5 ; 9
20130606014: 5 6 6 ; 17
20130606015: 2 2 4 ; 8
20130606016: 2 2 2 ; 6
20130606017: 2 5 6 ; 13
20130606018: 1 2 2 ; 5
20130606019: 2 6 6 ; 14
20130606020: 3 3 4 ; 10
20130606021: 4 4 4 ; 12
20130606022: 4 4 6 ; 14
20130606023: 1 4 5 ; 10
20130606024: 1 2 5 ; 8
20130606025: 3 6 6 ; 15
20130606026: 2 5 6 ; 13
20130606027: 1 3 6 ; 10
20130606028: 2 6 6 ; 14
20130606029: 3 5 5 ; 13
20130606030: 1 2 5 ; 8
20130606031: 1 2 2 ; 5
20130606032: 1 2 3 ; 6
20130606033: 1 3 5 ; 9
20130606034: 1 2 5 ; 8
20130606035: 4 6 6 ; 16
20130606036: 3 4 5 ; 12
20130606037: 2 4 5 ; 11
20130606038: 1 3 6 ; 10
20130606039: 2 3 3 ; 8
20130606040: 3 4 6 ; 13
20130606041: 3 4 5 ; 12
20130606042: 3 4 6 ; 13
20130606043: 4 4 4 ; 12
20130606044: 2 3 3 ; 8
20130606045: 1 4 5 ; 10
20130606046: 1 2 4 ; 7
20130606047: 4 5 5 ; 14
20130606048: 1 2 3 ; 6
20130606049: 2 4 6 ; 12
20130606050: 1 6 6 ; 13
20130606051: 1 1 4 ; 6
20130606052: 2 4 6 ; 12
20130606053: 1 4 6 ; 11
20130606054: 4 5 6 ; 15
20130606055: 1 5 6 ; 12
20130606056: 2 2 4 ; 8
20130606057: 3 3 4 ; 10
20130606058: 2 5 5 ; 12
20130606059: 2 5 6 ; 13
20130606060: 1 1 3 ; 5
20130606061: 3 3 6 ; 12
20130606062: 1 3 4 ; 8
20130606063: 1 5 6 ; 12
20130606064: 1 2 4 ; 7
20130606065: 4 4 5 ; 13
20130606066: 3 6 6 ; 15
20130606067: 1 2 3 ; 6
20130606068: 1 2 4 ; 7
20130606069: 2 3 5 ; 10
20130606070: 2 2 4 ; 8
20130606071: 4 5 6 ; 15
20130606072: 1 4 6 ; 11
