20131017001: 3 4 5 ; 12
20131017002: 2 3 3 ; 8
20131017003: 3 3 6 ; 12
20131017004: 2 3 5 ; 10
20131017005: 2 5 6 ; 13
20131017006: 1 4 5 ; 10
20131017007: 1 5 6 ; 12
20131017008: 1 4 4 ; 9
20131017009: 2 3 3 ; 8
20131017010: 2 3 5 ; 10
20131017011: 1 4 5 ; 10
20131017012: 3 6 6 ; 15
20131017013: 1 3 4 ; 8
20131017014: 5 6 6 ; 17
20131017015: 1 2 3 ; 6
20131017016: 1 3 6 ; 10
20131017017: 1 3 5 ; 9
20131017018: 4 5 6 ; 15
20131017019: 4 4 6 ; 14
20131017020: 2 3 6 ; 11
20131017021: 1 2 4 ; 7
20131017022: 1 5 6 ; 12
20131017023: 1 3 6 ; 10
20131017024: 1 5 5 ; 11
20131017025: 1 2 3 ; 6
20131017026: 2 3 5 ; 10
20131017027: 2 5 6 ; 13
20131017028: 1 3 5 ; 9
20131017029: 1 2 4 ; 7
20131017030: 1 3 6 ; 10
20131017031: 3 5 5 ; 13
20131017032: 5 5 6 ; 16
20131017033: 1 5 5 ; 11
20131017034: 2 4 6 ; 12
20131017035: 2 4 5 ; 11
20131017036: 2 2 5 ; 9
20131017037: 1 2 6 ; 9
20131017038: 2 6 6 ; 14
20131017039: 3 4 4 ; 11
20131017040: 2 4 6 ; 12
20131017041: 1 4 5 ; 10
20131017042: 2 4 4 ; 10
20131017043: 1 5 6 ; 12
20131017044: 2 3 6 ; 11
20131017045: 1 2 6 ; 9
20131017046: 1 4 5 ; 10
20131017047: 1 3 4 ; 8
20131017048: 2 5 6 ; 13
20131017049: 1 3 3 ; 7
20131017050: 4 5 5 ; 14
20131017051: 5 5 6 ; 16
20131017052: 1 2 4 ; 7
20131017053: 2 5 6 ; 13
20131017054: 4 5 6 ; 15
20131017055: 2 4 6 ; 12
20131017056: 1 1 5 ; 7
20131017057: 1 1 5 ; 7
20131017058: 1 3 4 ; 8
20131017059: 2 3 3 ; 8
20131017060: 1 1 6 ; 8
20131017061: 1 2 6 ; 9
20131017062: 5 5 6 ; 16
20131017063: 1 4 5 ; 10
20131017064: 3 5 6 ; 14
20131017065: 1 1 6 ; 8
20131017066: 1 4 6 ; 11
20131017067: 1 3 6 ; 10
20131017068: 1 1 5 ; 7
20131017069: 1 4 6 ; 11
20131017070: 4 5 6 ; 15
20131017071: 1 1 5 ; 7
20131017072: 2 2 5 ; 9
20131017073: 3 5 6 ; 14
20131017074: 1 4 5 ; 10
20131017075: 4 4 6 ; 14
20131017076: 3 5 6 ; 14
20131017077: 3 4 5 ; 12
20131017078: 1 3 5 ; 9
