20131213001: 1 2 5 ; 8
20131213002: 1 5 6 ; 12
20131213003: 5 6 6 ; 17
20131213004: 1 3 4 ; 8
20131213005: 1 1 5 ; 7
20131213006: 5 5 6 ; 16
20131213007: 3 4 4 ; 11
20131213008: 2 3 5 ; 10
20131213009: 1 3 6 ; 10
20131213010: 3 4 5 ; 12
20131213011: 1 2 3 ; 6
20131213012: 5 6 6 ; 17
20131213013: 2 3 5 ; 10
20131213014: 2 3 3 ; 8
20131213015: 2 4 4 ; 10
20131213016: 1 4 4 ; 9
20131213017: 2 4 5 ; 11
20131213018: 1 4 4 ; 9
20131213019: 3 5 6 ; 14
20131213020: 1 1 2 ; 4
20131213021: 2 5 6 ; 13
20131213022: 4 5 6 ; 15
20131213023: 1 2 6 ; 9
20131213024: 2 3 4 ; 9
20131213025: 1 1 4 ; 6
20131213026: 2 4 4 ; 10
20131213027: 2 3 5 ; 10
20131213028: 2 3 5 ; 10
20131213029: 2 5 5 ; 12
20131213030: 4 5 5 ; 14
20131213031: 2 6 6 ; 14
20131213032: 2 2 6 ; 10
20131213033: 2 3 6 ; 11
20131213034: 1 3 6 ; 10
20131213035: 1 3 4 ; 8
20131213036: 4 5 6 ; 15
20131213037: 1 1 4 ; 6
20131213038: 1 3 5 ; 9
20131213039: 2 3 5 ; 10
20131213040: 2 3 4 ; 9
20131213041: 3 4 4 ; 11
20131213042: 2 5 6 ; 13
20131213043: 1 2 4 ; 7
20131213044: 1 2 6 ; 9
20131213045: 4 5 6 ; 15
20131213046: 2 2 3 ; 7
20131213047: 1 2 3 ; 6
20131213048: 1 3 6 ; 10
20131213049: 1 4 6 ; 11
20131213050: 1 1 6 ; 8
20131213051: 3 5 5 ; 13
20131213052: 1 2 4 ; 7
20131213053: 3 4 5 ; 12
20131213054: 3 4 5 ; 12
20131213055: 3 4 5 ; 12
20131213056: 2 2 3 ; 7
20131213057: 1 3 4 ; 8
20131213058: 3 4 4 ; 11
20131213059: 2 5 5 ; 12
20131213060: 2 4 5 ; 11
20131213061: 1 3 6 ; 10
20131213062: 2 3 5 ; 10
20131213063: 5 5 6 ; 16
20131213064: 3 3 6 ; 12
20131213065: 1 1 2 ; 4
20131213066: 3 4 6 ; 13
20131213067: 3 5 6 ; 14
20131213068: 1 2 5 ; 8
20131213069: 3 3 6 ; 12
20131213070: 4 5 6 ; 15
20131213071: 1 2 3 ; 6
20131213072: 5 6 6 ; 17
20131213073: 2 5 6 ; 13
20131213074: 2 2 2 ; 6
20131213075: 1 2 4 ; 7
20131213076: 1 3 3 ; 7
20131213077: 2 3 6 ; 11
20131213078: 2 2 4 ; 8
