20131227001: 1 1 2 ; 4
20131227002: 2 4 5 ; 11
20131227003: 3 3 4 ; 10
20131227004: 1 1 3 ; 5
20131227005: 3 4 6 ; 13
20131227006: 2 2 4 ; 8
20131227007: 1 5 6 ; 12
20131227008: 1 1 2 ; 4
20131227009: 1 1 2 ; 4
20131227010: 2 3 4 ; 9
20131227011: 2 5 6 ; 13
20131227012: 3 5 6 ; 14
20131227013: 3 3 6 ; 12
20131227014: 3 5 6 ; 14
20131227015: 1 4 6 ; 11
20131227016: 4 5 6 ; 15
20131227017: 2 2 6 ; 10
20131227018: 1 5 6 ; 12
20131227019: 5 5 6 ; 16
20131227020: 2 4 6 ; 12
20131227021: 6 6 6 ; 18
20131227022: 1 4 6 ; 11
20131227023: 2 2 4 ; 8
20131227024: 1 2 4 ; 7
20131227025: 2 6 6 ; 14
20131227026: 3 3 3 ; 9
20131227027: 3 4 6 ; 13
20131227028: 1 2 2 ; 5
20131227029: 3 4 4 ; 11
20131227030: 3 5 6 ; 14
20131227031: 1 2 4 ; 7
20131227032: 1 1 5 ; 7
20131227033: 2 5 5 ; 12
20131227034: 2 3 5 ; 10
20131227035: 3 4 4 ; 11
20131227036: 1 3 5 ; 9
20131227037: 3 4 4 ; 11
20131227038: 4 5 6 ; 15
20131227039: 5 6 6 ; 17
20131227040: 4 4 5 ; 13
20131227041: 3 3 6 ; 12
20131227042: 1 5 5 ; 11
20131227043: 1 3 5 ; 9
20131227044: 3 4 5 ; 12
20131227045: 1 5 6 ; 12
20131227046: 3 5 6 ; 14
20131227047: 2 5 6 ; 13
20131227048: 4 4 5 ; 13
20131227049: 2 3 3 ; 8
20131227050: 1 6 6 ; 13
20131227051: 3 5 6 ; 14
20131227052: 1 2 6 ; 9
20131227053: 2 3 6 ; 11
20131227054: 1 1 6 ; 8
20131227055: 2 3 5 ; 10
20131227056: 1 6 6 ; 13
20131227057: 1 1 3 ; 5
20131227058: 1 2 3 ; 6
20131227059: 1 4 6 ; 11
20131227060: 2 2 2 ; 6
20131227061: 1 3 4 ; 8
20131227062: 3 4 4 ; 11
20131227063: 1 3 6 ; 10
20131227064: 2 4 6 ; 12
20131227065: 1 2 5 ; 8
20131227066: 1 3 6 ; 10
20131227067: 1 4 5 ; 10
20131227068: 1 2 3 ; 6
20131227069: 4 4 6 ; 14
20131227070: 5 5 6 ; 16
20131227071: 2 2 3 ; 7
20131227072: 2 5 6 ; 13
20131227073: 5 5 5 ; 15
20131227074: 2 3 5 ; 10
20131227075: 3 5 6 ; 14
20131227076: 4 4 5 ; 13
20131227077: 1 1 5 ; 7
20131227078: 3 3 4 ; 10
