20131004001: 1 5 5 ; 11
20131004002: 1 2 5 ; 8
20131004003: 2 2 6 ; 10
20131004004: 4 4 5 ; 13
20131004005: 1 3 3 ; 7
20131004006: 1 2 6 ; 9
20131004007: 3 4 5 ; 12
20131004008: 1 1 4 ; 6
20131004009: 1 1 6 ; 8
20131004010: 3 5 6 ; 14
20131004011: 1 1 5 ; 7
20131004012: 2 3 5 ; 10
20131004013: 2 4 6 ; 12
20131004014: 3 5 5 ; 13
20131004015: 2 4 5 ; 11
20131004016: 1 2 6 ; 9
20131004017: 5 5 6 ; 16
20131004018: 2 3 4 ; 9
20131004019: 1 6 6 ; 13
20131004020: 2 2 6 ; 10
20131004021: 1 2 6 ; 9
20131004022: 1 2 3 ; 6
20131004023: 4 6 6 ; 16
20131004024: 2 2 6 ; 10
20131004025: 2 3 3 ; 8
20131004026: 2 5 6 ; 13
20131004027: 2 4 6 ; 12
20131004028: 1 3 4 ; 8
20131004029: 3 3 6 ; 12
20131004030: 1 6 6 ; 13
20131004031: 1 3 3 ; 7
20131004032: 1 5 6 ; 12
20131004033: 1 2 4 ; 7
20131004034: 3 4 6 ; 13
20131004035: 2 4 6 ; 12
20131004036: 1 3 3 ; 7
20131004037: 5 5 6 ; 16
20131004038: 2 2 5 ; 9
20131004039: 1 5 5 ; 11
20131004040: 5 6 6 ; 17
20131004041: 1 5 6 ; 12
20131004042: 1 1 5 ; 7
20131004043: 5 5 6 ; 16
20131004044: 2 5 6 ; 13
20131004045: 2 4 6 ; 12
20131004046: 3 3 4 ; 10
20131004047: 5 5 6 ; 16
20131004048: 3 4 6 ; 13
20131004049: 2 5 5 ; 12
20131004050: 3 4 4 ; 11
20131004051: 1 3 5 ; 9
20131004052: 1 3 4 ; 8
20131004053: 3 3 5 ; 11
20131004054: 4 5 5 ; 14
20131004055: 1 4 5 ; 10
20131004056: 4 5 5 ; 14
20131004057: 1 2 4 ; 7
20131004058: 4 6 6 ; 16
20131004059: 2 4 6 ; 12
20131004060: 1 1 4 ; 6
20131004061: 2 4 5 ; 11
20131004062: 2 4 5 ; 11
20131004063: 1 6 6 ; 13
20131004064: 2 4 6 ; 12
20131004065: 1 2 4 ; 7
20131004066: 4 4 6 ; 14
20131004067: 5 6 6 ; 17
20131004068: 4 6 6 ; 16
20131004069: 2 4 5 ; 11
20131004070: 1 4 4 ; 9
20131004071: 4 5 6 ; 15
20131004072: 1 3 6 ; 10
20131004073: 2 3 3 ; 8
20131004074: 2 2 6 ; 10
20131004075: 2 3 3 ; 8
20131004076: 2 4 4 ; 10
20131004077: 1 1 4 ; 6
20131004078: 3 5 5 ; 13
