20131005001: 1 2 6 ; 9
20131005002: 1 5 6 ; 12
20131005003: 3 3 6 ; 12
20131005004: 1 1 6 ; 8
20131005005: 1 1 3 ; 5
20131005006: 1 5 5 ; 11
20131005007: 1 1 2 ; 4
20131005008: 1 2 3 ; 6
20131005009: 3 6 6 ; 15
20131005010: 2 4 5 ; 11
20131005011: 2 4 6 ; 12
20131005012: 1 2 3 ; 6
20131005013: 3 6 6 ; 15
20131005014: 1 3 5 ; 9
20131005015: 2 5 6 ; 13
20131005016: 3 4 6 ; 13
20131005017: 1 6 6 ; 13
20131005018: 1 1 6 ; 8
20131005019: 4 5 6 ; 15
20131005020: 4 4 6 ; 14
20131005021: 2 4 5 ; 11
20131005022: 1 4 5 ; 10
20131005023: 3 3 4 ; 10
20131005024: 1 4 5 ; 10
20131005025: 2 3 6 ; 11
20131005026: 1 2 4 ; 7
20131005027: 1 3 4 ; 8
20131005028: 3 3 5 ; 11
20131005029: 2 3 4 ; 9
20131005030: 1 2 4 ; 7
20131005031: 1 3 5 ; 9
20131005032: 1 4 6 ; 11
20131005033: 2 2 6 ; 10
20131005034: 1 3 5 ; 9
20131005035: 1 4 6 ; 11
20131005036: 1 2 6 ; 9
20131005037: 1 2 5 ; 8
20131005038: 1 5 6 ; 12
20131005039: 2 3 6 ; 11
20131005040: 3 4 5 ; 12
20131005041: 1 5 6 ; 12
20131005042: 5 5 6 ; 16
20131005043: 1 3 6 ; 10
20131005044: 1 1 3 ; 5
20131005045: 4 5 6 ; 15
20131005046: 1 3 4 ; 8
20131005047: 2 2 4 ; 8
20131005048: 1 2 3 ; 6
20131005049: 4 5 5 ; 14
20131005050: 1 2 6 ; 9
20131005051: 1 4 6 ; 11
20131005052: 2 5 6 ; 13
20131005053: 2 2 2 ; 6
20131005054: 3 3 5 ; 11
20131005055: 1 3 5 ; 9
20131005056: 1 5 6 ; 12
20131005057: 1 2 4 ; 7
20131005058: 4 6 6 ; 16
20131005059: 1 2 5 ; 8
20131005060: 1 3 6 ; 10
20131005061: 2 3 3 ; 8
20131005062: 2 3 5 ; 10
20131005063: 2 5 5 ; 12
20131005064: 2 4 4 ; 10
20131005065: 2 5 5 ; 12
20131005066: 2 3 5 ; 10
20131005067: 1 2 5 ; 8
20131005068: 1 1 4 ; 6
20131005069: 3 5 6 ; 14
20131005070: 3 4 5 ; 12
20131005071: 3 5 5 ; 13
20131005072: 3 4 6 ; 13
20131005073: 6 6 6 ; 18
20131005074: 3 6 6 ; 15
20131005075: 2 3 5 ; 10
20131005076: 1 3 6 ; 10
20131005077: 4 5 6 ; 15
20131005078: 1 1 6 ; 8
