20130717001: 2 4 6 ; 12
20130717002: 2 4 6 ; 12
20130717003: 2 5 6 ; 13
20130717004: 1 3 6 ; 10
20130717005: 4 5 6 ; 15
20130717006: 2 3 3 ; 8
20130717007: 2 5 6 ; 13
20130717008: 4 5 5 ; 14
20130717009: 1 1 4 ; 6
20130717010: 2 5 6 ; 13
20130717011: 2 3 4 ; 9
20130717012: 1 2 4 ; 7
20130717013: 2 3 4 ; 9
20130717014: 5 5 6 ; 16
20130717015: 2 2 3 ; 7
20130717016: 2 4 5 ; 11
20130717017: 2 3 3 ; 8
20130717018: 1 5 5 ; 11
20130717019: 1 2 2 ; 5
20130717020: 3 5 6 ; 14
20130717021: 1 1 4 ; 6
20130717022: 4 5 5 ; 14
20130717023: 2 4 5 ; 11
20130717024: 1 4 6 ; 11
20130717025: 1 3 5 ; 9
20130717026: 4 4 6 ; 14
20130717027: 2 4 6 ; 12
20130717028: 2 3 3 ; 8
20130717029: 1 5 5 ; 11
20130717030: 1 1 5 ; 7
20130717031: 1 2 4 ; 7
20130717032: 3 5 6 ; 14
20130717033: 3 3 5 ; 11
20130717034: 2 5 6 ; 13
20130717035: 1 2 5 ; 8
20130717036: 3 3 4 ; 10
20130717037: 1 3 6 ; 10
20130717038: 2 4 6 ; 12
20130717039: 1 4 4 ; 9
20130717040: 2 3 6 ; 11
20130717041: 2 5 6 ; 13
20130717042: 2 5 5 ; 12
20130717043: 5 6 6 ; 17
20130717044: 5 5 6 ; 16
20130717045: 3 5 6 ; 14
20130717046: 3 5 5 ; 13
20130717047: 1 3 5 ; 9
20130717048: 1 3 4 ; 8
20130717049: 2 3 4 ; 9
20130717050: 1 4 5 ; 10
20130717051: 3 4 5 ; 12
20130717052: 3 6 6 ; 15
20130717053: 2 5 6 ; 13
20130717054: 1 6 6 ; 13
20130717055: 2 4 4 ; 10
20130717056: 2 3 6 ; 11
20130717057: 2 4 6 ; 12
20130717058: 2 3 3 ; 8
20130717059: 3 4 4 ; 11
20130717060: 3 5 5 ; 13
20130717061: 2 2 6 ; 10
20130717062: 2 2 6 ; 10
20130717063: 1 3 5 ; 9
20130717064: 1 2 6 ; 9
20130717065: 1 1 3 ; 5
20130717066: 3 3 4 ; 10
20130717067: 4 5 6 ; 15
20130717068: 3 4 6 ; 13
20130717069: 4 5 6 ; 15
20130717070: 1 2 3 ; 6
20130717071: 1 2 3 ; 6
20130717072: 1 2 5 ; 8
20130717073: 1 3 5 ; 9
20130717074: 1 1 3 ; 5
20130717075: 1 1 6 ; 8
20130717076: 4 4 5 ; 13
20130717077: 2 3 6 ; 11
20130717078: 1 3 6 ; 10
