20131006001: 4 5 5 ; 14
20131006002: 2 3 5 ; 10
20131006003: 4 6 6 ; 16
20131006004: 2 2 5 ; 9
20131006005: 5 5 6 ; 16
20131006006: 4 4 5 ; 13
20131006007: 2 3 5 ; 10
20131006008: 1 3 6 ; 10
20131006009: 2 3 6 ; 11
20131006010: 1 1 6 ; 8
20131006011: 2 5 5 ; 12
20131006012: 1 2 6 ; 9
20131006013: 2 2 3 ; 7
20131006014: 2 4 5 ; 11
20131006015: 2 5 5 ; 12
20131006016: 1 2 5 ; 8
20131006017: 2 4 6 ; 12
20131006018: 3 4 4 ; 11
20131006019: 1 2 3 ; 6
20131006020: 2 5 6 ; 13
20131006021: 2 4 6 ; 12
20131006022: 1 4 6 ; 11
20131006023: 1 1 2 ; 4
20131006024: 1 3 3 ; 7
20131006025: 4 4 5 ; 13
20131006026: 1 1 2 ; 4
20131006027: 3 4 5 ; 12
20131006028: 1 3 3 ; 7
20131006029: 1 5 6 ; 12
20131006030: 4 5 6 ; 15
20131006031: 3 3 5 ; 11
20131006032: 1 1 3 ; 5
20131006033: 3 3 6 ; 12
20131006034: 2 3 3 ; 8
20131006035: 2 2 3 ; 7
20131006036: 2 2 3 ; 7
20131006037: 2 3 4 ; 9
20131006038: 4 5 6 ; 15
20131006039: 1 3 5 ; 9
20131006040: 2 2 6 ; 10
20131006041: 4 6 6 ; 16
20131006042: 3 4 5 ; 12
20131006043: 1 1 3 ; 5
20131006044: 2 5 6 ; 13
20131006045: 1 3 4 ; 8
20131006046: 2 2 6 ; 10
20131006047: 3 4 6 ; 13
20131006048: 3 3 5 ; 11
20131006049: 3 3 5 ; 11
20131006050: 1 3 6 ; 10
20131006051: 1 3 6 ; 10
20131006052: 4 4 6 ; 14
20131006053: 1 3 6 ; 10
20131006054: 1 5 6 ; 12
20131006055: 1 3 5 ; 9
20131006056: 4 5 6 ; 15
20131006057: 4 4 6 ; 14
20131006058: 1 1 2 ; 4
20131006059: 2 4 5 ; 11
20131006060: 3 3 6 ; 12
20131006061: 2 5 5 ; 12
20131006062: 2 5 6 ; 13
20131006063: 3 4 5 ; 12
20131006064: 1 3 5 ; 9
20131006065: 3 4 5 ; 12
20131006066: 2 6 6 ; 14
20131006067: 3 4 4 ; 11
20131006068: 4 6 6 ; 16
20131006069: 5 5 6 ; 16
20131006070: 1 3 4 ; 8
20131006071: 3 5 6 ; 14
20131006072: 4 4 6 ; 14
20131006073: 4 5 5 ; 14
20131006074: 2 3 3 ; 8
20131006075: 2 3 3 ; 8
20131006076: 1 3 4 ; 8
20131006077: 1 1 2 ; 4
20131006078: 1 4 6 ; 11
