20130718001: 2 3 6 ; 11
20130718002: 3 4 6 ; 13
20130718003: 4 4 6 ; 14
20130718004: 1 2 3 ; 6
20130718005: 4 5 6 ; 15
20130718006: 2 5 6 ; 13
20130718007: 3 3 6 ; 12
20130718008: 1 1 1 ; 3
20130718009: 1 2 3 ; 6
20130718010: 1 3 4 ; 8
20130718011: 1 2 5 ; 8
20130718012: 1 1 6 ; 8
20130718013: 1 4 5 ; 10
20130718014: 3 6 6 ; 15
20130718015: 4 4 5 ; 13
20130718016: 1 2 5 ; 8
20130718017: 2 4 5 ; 11
20130718018: 2 6 6 ; 14
20130718019: 2 3 4 ; 9
20130718020: 1 6 6 ; 13
20130718021: 2 5 6 ; 13
20130718022: 1 4 5 ; 10
20130718023: 1 3 4 ; 8
20130718024: 2 2 4 ; 8
20130718025: 2 4 5 ; 11
20130718026: 1 2 5 ; 8
20130718027: 3 4 5 ; 12
20130718028: 2 5 6 ; 13
20130718029: 1 6 6 ; 13
20130718030: 1 3 6 ; 10
20130718031: 1 2 6 ; 9
20130718032: 1 1 1 ; 3
20130718033: 1 3 6 ; 10
20130718034: 4 5 5 ; 14
20130718035: 1 1 6 ; 8
20130718036: 1 6 6 ; 13
20130718037: 3 5 6 ; 14
20130718038: 1 4 6 ; 11
20130718039: 1 2 4 ; 7
20130718040: 2 3 3 ; 8
20130718041: 1 4 6 ; 11
20130718042: 3 5 5 ; 13
20130718043: 1 2 3 ; 6
20130718044: 1 2 3 ; 6
20130718045: 2 5 6 ; 13
20130718046: 3 5 6 ; 14
20130718047: 2 3 4 ; 9
20130718048: 2 3 5 ; 10
20130718049: 1 4 6 ; 11
20130718050: 1 1 5 ; 7
20130718051: 2 2 6 ; 10
20130718052: 1 3 6 ; 10
20130718053: 1 2 5 ; 8
20130718054: 2 2 3 ; 7
20130718055: 2 2 5 ; 9
20130718056: 1 1 4 ; 6
20130718057: 1 2 5 ; 8
20130718058: 1 3 4 ; 8
20130718059: 2 5 6 ; 13
20130718060: 4 5 6 ; 15
20130718061: 1 4 6 ; 11
20130718062: 1 2 3 ; 6
20130718063: 1 3 6 ; 10
20130718064: 6 6 6 ; 18
20130718065: 2 5 5 ; 12
20130718066: 2 3 5 ; 10
20130718067: 1 5 5 ; 11
20130718068: 2 2 2 ; 6
20130718069: 1 2 4 ; 7
20130718070: 2 4 6 ; 12
20130718071: 3 5 6 ; 14
20130718072: 1 2 6 ; 9
20130718073: 1 2 5 ; 8
20130718074: 1 3 5 ; 9
20130718075: 3 4 5 ; 12
20130718076: 3 6 6 ; 15
20130718077: 3 4 5 ; 12
20130718078: 1 2 4 ; 7
