20131031001: 2 2 3 ; 7
20131031002: 4 5 6 ; 15
20131031003: 4 4 4 ; 12
20131031004: 5 5 6 ; 16
20131031005: 2 3 3 ; 8
20131031006: 3 4 5 ; 12
20131031007: 1 4 4 ; 9
20131031008: 1 2 4 ; 7
20131031009: 3 5 6 ; 14
20131031010: 1 3 6 ; 10
20131031011: 1 3 6 ; 10
20131031012: 1 1 4 ; 6
20131031013: 3 5 6 ; 14
20131031014: 1 3 4 ; 8
20131031015: 4 5 6 ; 15
20131031016: 1 3 3 ; 7
20131031017: 4 5 6 ; 15
20131031018: 2 2 2 ; 6
20131031019: 1 3 6 ; 10
20131031020: 4 4 5 ; 13
20131031021: 2 5 5 ; 12
20131031022: 3 4 5 ; 12
20131031023: 3 3 3 ; 9
20131031024: 3 5 6 ; 14
20131031025: 1 3 6 ; 10
20131031026: 1 3 5 ; 9
20131031027: 1 4 4 ; 9
20131031028: 1 1 4 ; 6
20131031029: 1 4 4 ; 9
20131031030: 2 5 5 ; 12
20131031031: 4 4 6 ; 14
20131031032: 2 5 6 ; 13
20131031033: 3 6 6 ; 15
20131031034: 2 2 6 ; 10
20131031035: 1 4 6 ; 11
20131031036: 1 4 6 ; 11
20131031037: 1 2 3 ; 6
20131031038: 4 6 6 ; 16
20131031039: 3 3 6 ; 12
20131031040: 1 2 5 ; 8
20131031041: 2 2 3 ; 7
20131031042: 3 5 5 ; 13
20131031043: 1 1 5 ; 7
20131031044: 1 4 4 ; 9
20131031045: 1 1 5 ; 7
20131031046: 4 5 6 ; 15
20131031047: 2 4 6 ; 12
20131031048: 1 3 6 ; 10
20131031049: 1 4 5 ; 10
20131031050: 3 4 6 ; 13
20131031051: 1 1 2 ; 4
20131031052: 3 4 6 ; 13
20131031053: 1 4 5 ; 10
20131031054: 1 1 5 ; 7
20131031055: 2 6 6 ; 14
20131031056: 2 2 5 ; 9
20131031057: 1 4 4 ; 9
20131031058: 1 3 3 ; 7
20131031059: 2 2 3 ; 7
20131031060: 1 2 5 ; 8
20131031061: 1 1 2 ; 4
20131031062: 1 5 6 ; 12
20131031063: 2 4 5 ; 11
20131031064: 2 3 5 ; 10
20131031065: 2 6 6 ; 14
20131031066: 1 2 5 ; 8
20131031067: 1 3 6 ; 10
20131031068: 4 5 6 ; 15
20131031069: 5 6 6 ; 17
20131031070: 5 6 6 ; 17
20131031071: 1 2 3 ; 6
20131031072: 3 6 6 ; 15
20131031073: 2 2 3 ; 7
20131031074: 3 3 5 ; 11
20131031075: 1 1 2 ; 4
20131031076: 4 4 6 ; 14
20131031077: 1 2 4 ; 7
20131031078: 4 5 6 ; 15
