20130711001: 1 4 6 ; 11
20130711002: 2 2 5 ; 9
20130711003: 1 3 6 ; 10
20130711004: 2 2 5 ; 9
20130711005: 5 5 6 ; 16
20130711006: 4 4 6 ; 14
20130711007: 1 3 4 ; 8
20130711008: 2 3 6 ; 11
20130711009: 3 3 6 ; 12
20130711010: 2 3 4 ; 9
20130711011: 4 6 6 ; 16
20130711012: 1 2 3 ; 6
20130711013: 3 4 5 ; 12
20130711014: 3 3 3 ; 9
20130711015: 1 2 6 ; 9
20130711016: 2 3 6 ; 11
20130711017: 2 5 5 ; 12
20130711018: 4 4 5 ; 13
20130711019: 2 2 3 ; 7
20130711020: 1 5 6 ; 12
20130711021: 1 5 6 ; 12
20130711022: 3 3 5 ; 11
20130711023: 6 6 6 ; 18
20130711024: 1 2 3 ; 6
20130711025: 4 5 6 ; 15
20130711026: 2 2 5 ; 9
20130711027: 2 3 6 ; 11
20130711028: 2 3 6 ; 11
20130711029: 1 3 3 ; 7
20130711030: 3 5 5 ; 13
20130711031: 4 4 5 ; 13
20130711032: 3 4 5 ; 12
20130711033: 1 1 6 ; 8
20130711034: 2 5 6 ; 13
20130711035: 4 5 5 ; 14
20130711036: 5 5 6 ; 16
20130711037: 3 3 4 ; 10
20130711038: 2 2 5 ; 9
20130711039: 1 1 2 ; 4
20130711040: 2 4 5 ; 11
20130711041: 1 3 4 ; 8
20130711042: 3 4 6 ; 13
20130711043: 2 4 4 ; 10
20130711044: 2 2 4 ; 8
20130711045: 3 3 4 ; 10
20130711046: 2 3 3 ; 8
20130711047: 1 5 6 ; 12
20130711048: 1 2 5 ; 8
20130711049: 2 3 5 ; 10
20130711050: 1 3 5 ; 9
20130711051: 1 2 6 ; 9
20130711052: 2 5 6 ; 13
20130711053: 1 3 6 ; 10
20130711054: 1 3 3 ; 7
20130711055: 2 6 6 ; 14
20130711056: 3 6 6 ; 15
20130711057: 1 1 6 ; 8
20130711058: 4 6 6 ; 16
20130711059: 2 2 5 ; 9
20130711060: 1 3 6 ; 10
20130711061: 3 5 6 ; 14
20130711062: 2 3 6 ; 11
20130711063: 1 1 6 ; 8
20130711064: 1 2 6 ; 9
20130711065: 2 3 5 ; 10
20130711066: 3 4 6 ; 13
20130711067: 1 1 5 ; 7
20130711068: 2 2 6 ; 10
20130711069: 2 4 5 ; 11
20130711070: 2 2 4 ; 8
20130711071: 2 2 3 ; 7
20130711072: 2 2 5 ; 9
20130711073: 2 4 4 ; 10
20130711074: 5 6 6 ; 17
20130711075: 2 4 4 ; 10
20130711076: 1 6 6 ; 13
20130711077: 3 5 6 ; 14
20130711078: 1 4 5 ; 10
