20130914001: 3 4 4 ; 11
20130914002: 1 2 3 ; 6
20130914003: 2 2 5 ; 9
20130914004: 2 4 5 ; 11
20130914005: 2 4 6 ; 12
20130914006: 2 5 6 ; 13
20130914007: 1 3 3 ; 7
20130914008: 2 4 5 ; 11
20130914009: 1 1 3 ; 5
20130914010: 1 4 5 ; 10
20130914011: 1 2 4 ; 7
20130914012: 2 2 6 ; 10
20130914013: 2 4 6 ; 12
20130914014: 1 4 6 ; 11
20130914015: 2 3 6 ; 11
20130914016: 1 4 4 ; 9
20130914017: 4 5 6 ; 15
20130914018: 2 2 6 ; 10
20130914019: 1 5 6 ; 12
20130914020: 1 1 5 ; 7
20130914021: 2 3 5 ; 10
20130914022: 1 2 2 ; 5
20130914023: 1 5 6 ; 12
20130914024: 5 5 6 ; 16
20130914025: 1 4 6 ; 11
20130914026: 1 4 5 ; 10
20130914027: 2 5 6 ; 13
20130914028: 4 5 5 ; 14
20130914029: 1 2 4 ; 7
20130914030: 3 4 5 ; 12
20130914031: 1 3 6 ; 10
20130914032: 2 3 6 ; 11
20130914033: 1 3 5 ; 9
20130914034: 1 2 3 ; 6
20130914035: 1 3 4 ; 8
20130914036: 2 3 6 ; 11
20130914037: 3 5 6 ; 14
20130914038: 3 3 6 ; 12
20130914039: 3 4 6 ; 13
20130914040: 2 4 5 ; 11
20130914041: 3 6 6 ; 15
20130914042: 2 5 6 ; 13
20130914043: 3 5 5 ; 13
20130914044: 1 3 6 ; 10
20130914045: 1 2 6 ; 9
20130914046: 1 1 5 ; 7
20130914047: 1 3 5 ; 9
20130914048: 1 1 2 ; 4
20130914049: 3 4 6 ; 13
20130914050: 1 3 5 ; 9
20130914051: 2 2 6 ; 10
20130914052: 1 2 6 ; 9
20130914053: 3 5 6 ; 14
20130914054: 1 2 4 ; 7
20130914055: 1 2 3 ; 6
20130914056: 2 3 5 ; 10
20130914057: 1 6 6 ; 13
20130914058: 3 4 5 ; 12
20130914059: 3 3 6 ; 12
20130914060: 1 2 6 ; 9
20130914061: 1 4 6 ; 11
20130914062: 4 5 6 ; 15
20130914063: 3 6 6 ; 15
20130914064: 1 2 3 ; 6
20130914065: 1 2 4 ; 7
20130914066: 4 5 5 ; 14
20130914067: 3 3 4 ; 10
20130914068: 2 3 4 ; 9
20130914069: 4 4 4 ; 12
20130914070: 1 3 5 ; 9
20130914071: 1 3 4 ; 8
20130914072: 2 6 6 ; 14
20130914073: 5 6 6 ; 17
20130914074: 1 3 4 ; 8
20130914075: 1 1 3 ; 5
20130914076: 1 2 3 ; 6
20130914077: 3 6 6 ; 15
20130914078: 1 2 3 ; 6
