20131109001: 1 1 2 ; 4
20131109002: 4 6 6 ; 16
20131109003: 2 6 6 ; 14
20131109004: 3 4 5 ; 12
20131109005: 1 1 6 ; 8
20131109006: 3 3 6 ; 12
20131109007: 2 3 5 ; 10
20131109008: 1 3 4 ; 8
20131109009: 1 2 3 ; 6
20131109010: 4 5 5 ; 14
20131109011: 2 4 5 ; 11
20131109012: 1 2 5 ; 8
20131109013: 2 3 6 ; 11
20131109014: 1 4 6 ; 11
20131109015: 3 4 6 ; 13
20131109016: 1 4 4 ; 9
20131109017: 2 5 6 ; 13
20131109018: 2 5 5 ; 12
20131109019: 1 3 5 ; 9
20131109020: 1 5 6 ; 12
20131109021: 3 4 5 ; 12
20131109022: 2 4 5 ; 11
20131109023: 3 5 6 ; 14
20131109024: 3 4 5 ; 12
20131109025: 3 4 4 ; 11
20131109026: 4 5 6 ; 15
20131109027: 2 4 6 ; 12
20131109028: 2 3 4 ; 9
20131109029: 2 5 6 ; 13
20131109030: 1 2 3 ; 6
20131109031: 1 3 5 ; 9
20131109032: 3 4 6 ; 13
20131109033: 1 5 5 ; 11
20131109034: 1 1 3 ; 5
20131109035: 2 5 5 ; 12
20131109036: 1 6 6 ; 13
20131109037: 3 3 6 ; 12
20131109038: 2 2 6 ; 10
20131109039: 4 4 6 ; 14
20131109040: 3 5 6 ; 14
20131109041: 4 4 4 ; 12
20131109042: 3 3 5 ; 11
20131109043: 1 2 5 ; 8
20131109044: 2 4 4 ; 10
20131109045: 4 5 6 ; 15
20131109046: 2 4 5 ; 11
20131109047: 1 2 3 ; 6
20131109048: 1 1 1 ; 3
20131109049: 2 3 5 ; 10
20131109050: 1 6 6 ; 13
20131109051: 2 2 4 ; 8
20131109052: 2 3 5 ; 10
20131109053: 2 3 4 ; 9
20131109054: 4 5 5 ; 14
20131109055: 1 5 5 ; 11
20131109056: 1 5 6 ; 12
20131109057: 3 4 6 ; 13
20131109058: 1 2 4 ; 7
20131109059: 1 2 5 ; 8
20131109060: 3 3 5 ; 11
20131109061: 2 3 4 ; 9
20131109062: 3 3 3 ; 9
20131109063: 4 5 6 ; 15
20131109064: 1 4 6 ; 11
20131109065: 3 4 4 ; 11
20131109066: 1 2 5 ; 8
20131109067: 2 2 5 ; 9
20131109068: 1 6 6 ; 13
20131109069: 1 2 3 ; 6
20131109070: 2 4 5 ; 11
20131109071: 1 2 3 ; 6
20131109072: 2 5 5 ; 12
20131109073: 1 1 5 ; 7
20131109074: 1 3 5 ; 9
20131109075: 2 4 6 ; 12
20131109076: 1 5 6 ; 12
20131109077: 2 5 6 ; 13
20131109078: 1 1 6 ; 8
