20131125001: 1 4 5 ; 10
20131125002: 2 4 6 ; 12
20131125003: 1 3 5 ; 9
20131125004: 3 5 6 ; 14
20131125005: 2 2 4 ; 8
20131125006: 1 1 6 ; 8
20131125007: 2 2 4 ; 8
20131125008: 3 4 6 ; 13
20131125009: 3 3 5 ; 11
20131125010: 4 6 6 ; 16
20131125011: 1 2 4 ; 7
20131125012: 1 3 4 ; 8
20131125013: 1 2 6 ; 9
20131125014: 2 2 5 ; 9
20131125015: 2 4 6 ; 12
20131125016: 1 3 5 ; 9
20131125017: 1 2 4 ; 7
20131125018: 4 4 5 ; 13
20131125019: 2 5 5 ; 12
20131125020: 1 5 6 ; 12
20131125021: 3 3 5 ; 11
20131125022: 1 3 5 ; 9
20131125023: 3 5 5 ; 13
20131125024: 2 3 6 ; 11
20131125025: 1 5 6 ; 12
20131125026: 1 3 5 ; 9
20131125027: 3 4 5 ; 12
20131125028: 2 6 6 ; 14
20131125029: 2 4 6 ; 12
20131125030: 2 4 5 ; 11
20131125031: 1 6 6 ; 13
20131125032: 2 6 6 ; 14
20131125033: 3 6 6 ; 15
20131125034: 1 2 6 ; 9
20131125035: 5 5 5 ; 15
20131125036: 1 1 5 ; 7
20131125037: 3 4 5 ; 12
20131125038: 4 4 4 ; 12
20131125039: 4 5 6 ; 15
20131125040: 4 5 6 ; 15
20131125041: 1 2 3 ; 6
20131125042: 3 4 6 ; 13
20131125043: 2 3 4 ; 9
20131125044: 2 3 5 ; 10
20131125045: 2 4 6 ; 12
20131125046: 4 4 6 ; 14
20131125047: 3 5 6 ; 14
20131125048: 2 3 5 ; 10
20131125049: 2 3 5 ; 10
20131125050: 2 4 4 ; 10
20131125051: 2 5 6 ; 13
20131125052: 2 5 6 ; 13
20131125053: 1 2 4 ; 7
20131125054: 2 3 3 ; 8
20131125055: 1 4 6 ; 11
20131125056: 3 4 5 ; 12
20131125057: 3 5 6 ; 14
20131125058: 2 2 4 ; 8
20131125059: 1 1 5 ; 7
20131125060: 2 2 6 ; 10
20131125061: 3 4 6 ; 13
20131125062: 2 5 5 ; 12
20131125063: 1 2 4 ; 7
20131125064: 1 3 6 ; 10
20131125065: 1 4 6 ; 11
20131125066: 2 2 5 ; 9
20131125067: 1 3 6 ; 10
20131125068: 1 3 4 ; 8
20131125069: 3 5 5 ; 13
20131125070: 2 2 3 ; 7
20131125071: 4 4 5 ; 13
20131125072: 3 4 5 ; 12
20131125073: 3 6 6 ; 15
20131125074: 1 4 4 ; 9
20131125075: 2 4 6 ; 12
20131125076: 2 4 6 ; 12
20131125077: 5 5 6 ; 16
20131125078: 1 5 6 ; 12
