20131023001: 2 5 5 ; 12
20131023002: 5 5 6 ; 16
20131023003: 3 5 6 ; 14
20131023004: 4 4 6 ; 14
20131023005: 1 2 3 ; 6
20131023006: 4 5 6 ; 15
20131023007: 1 3 4 ; 8
20131023008: 2 6 6 ; 14
20131023009: 1 2 4 ; 7
20131023010: 2 3 5 ; 10
20131023011: 2 2 6 ; 10
20131023012: 1 1 5 ; 7
20131023013: 1 1 1 ; 3
20131023014: 1 1 4 ; 6
20131023015: 1 1 6 ; 8
20131023016: 1 1 3 ; 5
20131023017: 3 4 5 ; 12
20131023018: 1 2 5 ; 8
20131023019: 1 2 6 ; 9
20131023020: 3 4 4 ; 11
20131023021: 2 4 5 ; 11
20131023022: 1 2 4 ; 7
20131023023: 6 6 6 ; 18
20131023024: 2 4 5 ; 11
20131023025: 1 3 4 ; 8
20131023026: 1 1 5 ; 7
20131023027: 4 6 6 ; 16
20131023028: 3 3 4 ; 10
20131023029: 3 4 6 ; 13
20131023030: 4 4 5 ; 13
20131023031: 5 6 6 ; 17
20131023032: 1 2 3 ; 6
20131023033: 2 4 5 ; 11
20131023034: 5 5 6 ; 16
20131023035: 1 5 6 ; 12
20131023036: 1 2 3 ; 6
20131023037: 1 5 5 ; 11
20131023038: 2 3 4 ; 9
20131023039: 3 4 4 ; 11
20131023040: 2 5 5 ; 12
20131023041: 3 4 5 ; 12
20131023042: 4 4 5 ; 13
20131023043: 1 2 6 ; 9
20131023044: 3 5 5 ; 13
20131023045: 3 3 6 ; 12
20131023046: 1 4 6 ; 11
20131023047: 3 3 6 ; 12
20131023048: 4 5 5 ; 14
20131023049: 2 6 6 ; 14
20131023050: 5 5 6 ; 16
20131023051: 1 2 6 ; 9
20131023052: 3 3 6 ; 12
20131023053: 4 4 5 ; 13
20131023054: 2 4 5 ; 11
20131023055: 2 4 4 ; 10
20131023056: 2 3 4 ; 9
20131023057: 1 3 5 ; 9
20131023058: 2 6 6 ; 14
20131023059: 4 4 5 ; 13
20131023060: 1 3 4 ; 8
20131023061: 1 3 5 ; 9
20131023062: 2 4 4 ; 10
20131023063: 2 4 6 ; 12
20131023064: 2 2 6 ; 10
20131023065: 2 3 4 ; 9
20131023066: 1 4 6 ; 11
20131023067: 2 5 6 ; 13
20131023068: 3 6 6 ; 15
20131023069: 2 4 5 ; 11
20131023070: 1 3 4 ; 8
20131023071: 5 6 6 ; 17
20131023072: 1 1 4 ; 6
20131023073: 2 4 6 ; 12
20131023074: 3 4 6 ; 13
20131023075: 2 4 5 ; 11
20131023076: 3 4 5 ; 12
20131023077: 2 4 5 ; 11
20131023078: 2 5 6 ; 13
