20130605001: 2 3 6 ; 11
20130605002: 3 4 5 ; 12
20130605003: 4 4 4 ; 12
20130605004: 1 3 6 ; 10
20130605005: 2 5 6 ; 13
20130605006: 1 1 5 ; 7
20130605007: 3 3 4 ; 10
20130605008: 1 2 3 ; 6
20130605009: 2 3 3 ; 8
20130605010: 1 2 2 ; 5
20130605011: 1 3 6 ; 10
20130605012: 1 2 4 ; 7
20130605013: 3 3 5 ; 11
20130605014: 1 2 6 ; 9
20130605015: 1 3 6 ; 10
20130605016: 3 4 5 ; 12
20130605017: 1 2 3 ; 6
20130605018: 1 5 5 ; 11
20130605019: 3 5 6 ; 14
20130605020: 2 3 6 ; 11
20130605021: 1 3 5 ; 9
20130605022: 1 1 2 ; 4
20130605023: 3 5 6 ; 14
20130605024: 1 3 3 ; 7
20130605025: 1 3 3 ; 7
20130605026: 4 6 6 ; 16
20130605027: 3 3 6 ; 12
20130605028: 2 6 6 ; 14
20130605029: 2 3 3 ; 8
20130605030: 1 3 6 ; 10
20130605031: 1 1 2 ; 4
20130605032: 1 1 2 ; 4
20130605033: 3 5 5 ; 13
20130605034: 4 5 5 ; 14
20130605035: 3 5 6 ; 14
20130605036: 1 2 4 ; 7
20130605037: 4 4 6 ; 14
20130605038: 4 6 6 ; 16
20130605039: 3 4 4 ; 11
20130605040: 2 3 5 ; 10
20130605041: 1 3 5 ; 9
20130605042: 3 4 6 ; 13
20130605043: 3 4 5 ; 12
20130605044: 2 4 5 ; 11
20130605045: 3 3 6 ; 12
20130605046: 4 5 5 ; 14
20130605047: 2 4 5 ; 11
20130605048: 3 4 5 ; 12
20130605049: 1 2 3 ; 6
20130605050: 2 4 5 ; 11
20130605051: 4 6 6 ; 16
20130605052: 1 3 6 ; 10
20130605053: 3 3 4 ; 10
20130605054: 4 5 6 ; 15
20130605055: 3 3 6 ; 12
20130605056: 1 5 5 ; 11
20130605057: 1 1 5 ; 7
20130605058: 3 4 5 ; 12
20130605059: 3 5 6 ; 14
20130605060: 1 1 1 ; 3
20130605061: 3 4 6 ; 13
20130605062: 6 6 6 ; 18
20130605063: 4 4 5 ; 13
20130605064: 2 3 3 ; 8
20130605065: 3 4 6 ; 13
20130605066: 2 2 4 ; 8
20130605067: 3 4 5 ; 12
20130605068: 1 2 6 ; 9
20130605069: 1 2 2 ; 5
20130605070: 4 5 5 ; 14
20130605071: 2 3 4 ; 9
20130605072: 1 2 5 ; 8
