20130803001: 3 4 5 ; 12
20130803002: 1 1 2 ; 4
20130803003: 3 4 6 ; 13
20130803004: 2 6 6 ; 14
20130803005: 1 4 6 ; 11
20130803006: 2 4 4 ; 10
20130803007: 1 2 3 ; 6
20130803008: 2 5 5 ; 12
20130803009: 1 3 4 ; 8
20130803010: 5 6 6 ; 17
20130803011: 4 5 6 ; 15
20130803012: 3 5 6 ; 14
20130803013: 2 4 6 ; 12
20130803014: 1 1 5 ; 7
20130803015: 1 5 6 ; 12
20130803016: 1 1 4 ; 6
20130803017: 2 3 4 ; 9
20130803018: 1 2 5 ; 8
20130803019: 4 5 6 ; 15
20130803020: 1 3 4 ; 8
20130803021: 2 3 6 ; 11
20130803022: 3 4 5 ; 12
20130803023: 2 2 3 ; 7
20130803024: 2 3 5 ; 10
20130803025: 1 3 4 ; 8
20130803026: 2 2 4 ; 8
20130803027: 2 4 6 ; 12
20130803028: 4 4 6 ; 14
20130803029: 1 2 6 ; 9
20130803030: 1 2 6 ; 9
20130803031: 3 3 4 ; 10
20130803032: 3 5 6 ; 14
20130803033: 1 3 4 ; 8
20130803034: 2 3 6 ; 11
20130803035: 1 3 3 ; 7
20130803036: 2 5 6 ; 13
20130803037: 3 4 5 ; 12
20130803038: 1 2 4 ; 7
20130803039: 3 4 6 ; 13
20130803040: 2 5 6 ; 13
20130803041: 3 3 3 ; 9
20130803042: 2 3 3 ; 8
20130803043: 2 2 2 ; 6
20130803044: 1 3 3 ; 7
20130803045: 4 6 6 ; 16
20130803046: 4 5 6 ; 15
20130803047: 1 3 5 ; 9
20130803048: 1 4 5 ; 10
20130803049: 3 3 4 ; 10
20130803050: 2 3 3 ; 8
20130803051: 1 2 6 ; 9
20130803052: 3 4 4 ; 11
20130803053: 2 5 5 ; 12
20130803054: 3 3 6 ; 12
20130803055: 1 5 6 ; 12
20130803056: 2 4 5 ; 11
20130803057: 1 4 6 ; 11
20130803058: 3 5 6 ; 14
20130803059: 1 2 3 ; 6
20130803060: 3 4 5 ; 12
20130803061: 1 3 5 ; 9
20130803062: 2 4 5 ; 11
20130803063: 1 1 2 ; 4
20130803064: 1 1 6 ; 8
20130803065: 5 6 6 ; 17
20130803066: 1 3 3 ; 7
20130803067: 1 6 6 ; 13
20130803068: 1 4 4 ; 9
20130803069: 1 1 3 ; 5
20130803070: 3 4 6 ; 13
20130803071: 1 2 5 ; 8
20130803072: 1 4 6 ; 11
20130803073: 4 5 6 ; 15
20130803074: 1 2 4 ; 7
20130803075: 2 4 6 ; 12
20130803076: 2 6 6 ; 14
20130803077: 5 5 5 ; 15
20130803078: 2 4 5 ; 11
