20130626001: 2 3 5 ; 10
20130626002: 1 2 3 ; 6
20130626003: 2 4 6 ; 12
20130626004: 3 4 6 ; 13
20130626005: 1 1 1 ; 3
20130626006: 3 3 4 ; 10
20130626007: 3 4 6 ; 13
20130626008: 5 5 5 ; 15
20130626009: 1 1 2 ; 4
20130626010: 1 6 6 ; 13
20130626011: 2 5 6 ; 13
20130626012: 4 4 4 ; 12
20130626013: 1 4 6 ; 11
20130626014: 1 2 6 ; 9
20130626015: 1 1 3 ; 5
20130626016: 2 3 5 ; 10
20130626017: 1 3 5 ; 9
20130626018: 1 1 6 ; 8
20130626019: 2 4 6 ; 12
20130626020: 2 3 3 ; 8
20130626021: 1 3 6 ; 10
20130626022: 4 5 6 ; 15
20130626023: 4 6 6 ; 16
20130626024: 1 3 5 ; 9
20130626025: 3 3 4 ; 10
20130626026: 1 1 2 ; 4
20130626027: 1 3 5 ; 9
20130626028: 1 3 6 ; 10
20130626029: 6 6 6 ; 18
20130626030: 1 5 6 ; 12
20130626031: 1 2 6 ; 9
20130626032: 2 2 2 ; 6
20130626033: 3 4 6 ; 13
20130626034: 1 4 6 ; 11
20130626035: 3 4 5 ; 12
20130626036: 1 6 6 ; 13
20130626037: 3 3 4 ; 10
20130626038: 2 4 6 ; 12
20130626039: 1 3 4 ; 8
20130626040: 3 5 5 ; 13
20130626041: 1 1 5 ; 7
20130626042: 1 4 6 ; 11
20130626043: 1 3 6 ; 10
20130626044: 1 4 5 ; 10
20130626045: 1 2 5 ; 8
20130626046: 1 2 3 ; 6
20130626047: 1 2 5 ; 8
20130626048: 2 5 6 ; 13
20130626049: 2 5 5 ; 12
20130626050: 2 3 3 ; 8
20130626051: 3 4 4 ; 11
20130626052: 3 3 4 ; 10
20130626053: 1 5 6 ; 12
20130626054: 1 2 3 ; 6
20130626055: 3 4 5 ; 12
20130626056: 2 4 4 ; 10
20130626057: 1 3 3 ; 7
20130626058: 2 2 2 ; 6
20130626059: 1 2 4 ; 7
20130626060: 2 5 6 ; 13
20130626061: 3 3 6 ; 12
20130626062: 2 3 6 ; 11
20130626063: 1 3 3 ; 7
20130626064: 1 1 6 ; 8
20130626065: 1 4 5 ; 10
20130626066: 3 3 4 ; 10
20130626067: 3 3 5 ; 11
20130626068: 1 3 5 ; 9
20130626069: 1 1 1 ; 3
20130626070: 3 5 6 ; 14
20130626071: 3 6 6 ; 15
20130626072: 1 2 3 ; 6
