20130617001: 3 4 4 ; 11
20130617002: 1 2 4 ; 7
20130617003: 2 5 6 ; 13
20130617004: 2 3 4 ; 9
20130617005: 1 4 5 ; 10
20130617006: 2 5 6 ; 13
20130617007: 1 4 4 ; 9
20130617008: 1 1 4 ; 6
20130617009: 3 5 6 ; 14
20130617010: 2 2 4 ; 8
20130617011: 1 2 3 ; 6
20130617012: 4 4 5 ; 13
20130617013: 2 3 3 ; 8
20130617014: 1 2 3 ; 6
20130617015: 1 2 3 ; 6
20130617016: 1 3 3 ; 7
20130617017: 2 4 6 ; 12
20130617018: 2 4 6 ; 12
20130617019: 2 5 6 ; 13
20130617020: 3 5 6 ; 14
20130617021: 1 1 1 ; 3
20130617022: 2 4 4 ; 10
20130617023: 2 3 5 ; 10
20130617024: 3 5 5 ; 13
20130617025: 3 4 5 ; 12
20130617026: 1 2 2 ; 5
20130617027: 1 3 5 ; 9
20130617028: 1 3 3 ; 7
20130617029: 1 4 4 ; 9
20130617030: 2 3 4 ; 9
20130617031: 2 2 4 ; 8
20130617032: 1 2 3 ; 6
20130617033: 2 4 4 ; 10
20130617034: 4 5 6 ; 15
20130617035: 2 3 3 ; 8
20130617036: 1 2 2 ; 5
20130617037: 2 3 5 ; 10
20130617038: 2 3 5 ; 10
20130617039: 5 6 6 ; 17
20130617040: 1 1 4 ; 6
20130617041: 2 2 4 ; 8
20130617042: 2 3 4 ; 9
20130617043: 1 2 5 ; 8
20130617044: 4 4 6 ; 14
20130617045: 2 4 5 ; 11
20130617046: 2 4 5 ; 11
20130617047: 1 1 6 ; 8
20130617048: 1 1 3 ; 5
20130617049: 5 5 6 ; 16
20130617050: 2 4 6 ; 12
20130617051: 3 4 5 ; 12
20130617052: 1 5 6 ; 12
20130617053: 2 5 6 ; 13
20130617054: 4 5 5 ; 14
20130617055: 1 2 4 ; 7
20130617056: 4 5 6 ; 15
20130617057: 2 3 4 ; 9
20130617058: 1 4 5 ; 10
20130617059: 3 4 4 ; 11
20130617060: 1 1 2 ; 4
20130617061: 3 4 4 ; 11
20130617062: 2 2 3 ; 7
20130617063: 3 5 6 ; 14
20130617064: 1 2 2 ; 5
20130617065: 3 6 6 ; 15
20130617066: 2 6 6 ; 14
20130617067: 2 3 4 ; 9
20130617068: 1 1 6 ; 8
20130617069: 3 3 5 ; 11
20130617070: 1 4 5 ; 10
20130617071: 3 4 6 ; 13
20130617072: 1 2 3 ; 6
