20130714001: 2 3 5 ; 10
20130714002: 3 3 5 ; 11
20130714003: 1 5 5 ; 11
20130714004: 2 6 6 ; 14
20130714005: 1 4 4 ; 9
20130714006: 3 5 6 ; 14
20130714007: 1 5 5 ; 11
20130714008: 3 6 6 ; 15
20130714009: 1 2 6 ; 9
20130714010: 4 5 5 ; 14
20130714011: 2 2 4 ; 8
20130714012: 2 3 4 ; 9
20130714013: 2 2 3 ; 7
20130714014: 2 4 5 ; 11
20130714015: 1 3 5 ; 9
20130714016: 1 5 6 ; 12
20130714017: 1 2 3 ; 6
20130714018: 1 3 4 ; 8
20130714019: 2 3 6 ; 11
20130714020: 3 4 4 ; 11
20130714021: 1 1 2 ; 4
20130714022: 1 3 6 ; 10
20130714023: 1 3 5 ; 9
20130714024: 4 5 5 ; 14
20130714025: 1 2 3 ; 6
20130714026: 3 6 6 ; 15
20130714027: 1 3 5 ; 9
20130714028: 1 6 6 ; 13
20130714029: 3 3 5 ; 11
20130714030: 1 6 6 ; 13
20130714031: 3 5 6 ; 14
20130714032: 3 4 6 ; 13
20130714033: 2 4 5 ; 11
20130714034: 1 3 5 ; 9
20130714035: 3 4 5 ; 12
20130714036: 5 6 6 ; 17
20130714037: 1 2 4 ; 7
20130714038: 1 3 6 ; 10
20130714039: 2 3 4 ; 9
20130714040: 3 3 5 ; 11
20130714041: 3 4 5 ; 12
20130714042: 2 3 6 ; 11
20130714043: 1 4 5 ; 10
20130714044: 2 5 5 ; 12
20130714045: 1 4 5 ; 10
20130714046: 1 5 6 ; 12
20130714047: 3 5 5 ; 13
20130714048: 1 2 4 ; 7
20130714049: 3 3 4 ; 10
20130714050: 3 4 6 ; 13
20130714051: 2 4 6 ; 12
20130714052: 1 2 2 ; 5
20130714053: 1 4 6 ; 11
20130714054: 2 4 5 ; 11
20130714055: 2 3 3 ; 8
20130714056: 2 4 6 ; 12
20130714057: 1 4 6 ; 11
20130714058: 1 3 4 ; 8
20130714059: 3 3 6 ; 12
20130714060: 2 3 4 ; 9
20130714061: 2 2 5 ; 9
20130714062: 4 6 6 ; 16
20130714063: 4 6 6 ; 16
20130714064: 1 3 6 ; 10
20130714065: 1 4 4 ; 9
20130714066: 2 2 4 ; 8
20130714067: 5 6 6 ; 17
20130714068: 3 4 5 ; 12
20130714069: 2 4 6 ; 12
20130714070: 1 1 2 ; 4
20130714071: 4 4 5 ; 13
20130714072: 1 5 6 ; 12
20130714073: 2 3 4 ; 9
20130714074: 3 5 6 ; 14
20130714075: 4 4 6 ; 14
20130714076: 1 2 4 ; 7
20130714077: 1 3 5 ; 9
20130714078: 1 3 4 ; 8
