20130603001: 1 6 6 ; 13
20130603002: 1 2 3 ; 6
20130603003: 1 1 5 ; 7
20130603004: 2 5 6 ; 13
20130603005: 1 5 5 ; 11
20130603006: 1 3 4 ; 8
20130603007: 2 5 5 ; 12
20130603008: 1 2 6 ; 9
20130603009: 1 2 3 ; 6
20130603010: 2 4 4 ; 10
20130603011: 5 5 6 ; 16
20130603012: 2 4 5 ; 11
20130603013: 1 3 6 ; 10
20130603014: 3 4 6 ; 13
20130603015: 4 5 5 ; 14
20130603016: 2 2 4 ; 8
20130603017: 2 4 6 ; 12
20130603018: 1 2 6 ; 9
20130603019: 2 3 5 ; 10
20130603020: 2 2 6 ; 10
20130603021: 2 2 4 ; 8
20130603022: 2 4 5 ; 11
20130603023: 1 2 4 ; 7
20130603024: 1 6 6 ; 13
20130603025: 1 2 3 ; 6
20130603026: 1 2 5 ; 8
20130603027: 1 2 3 ; 6
20130603028: 4 5 5 ; 14
20130603029: 2 4 5 ; 11
20130603030: 2 3 5 ; 10
20130603031: 1 3 3 ; 7
20130603032: 3 4 5 ; 12
20130603033: 3 4 6 ; 13
20130603034: 1 2 4 ; 7
20130603035: 1 1 6 ; 8
20130603036: 2 3 5 ; 10
20130603037: 2 3 6 ; 11
20130603038: 2 5 5 ; 12
20130603039: 4 4 6 ; 14
20130603040: 3 4 5 ; 12
20130603041: 4 4 6 ; 14
20130603042: 2 4 6 ; 12
20130603043: 2 3 4 ; 9
20130603044: 1 2 5 ; 8
20130603045: 2 2 4 ; 8
20130603046: 1 3 6 ; 10
20130603047: 1 1 3 ; 5
20130603048: 2 6 6 ; 14
20130603049: 2 3 4 ; 9
20130603050: 3 4 4 ; 11
20130603051: 1 6 6 ; 13
20130603052: 3 4 5 ; 12
20130603053: 4 5 6 ; 15
20130603054: 2 3 6 ; 11
20130603055: 1 3 3 ; 7
20130603056: 2 2 6 ; 10
20130603057: 1 6 6 ; 13
20130603058: 1 2 3 ; 6
20130603059: 3 3 6 ; 12
20130603060: 2 3 4 ; 9
20130603061: 4 5 5 ; 14
20130603062: 3 3 6 ; 12
20130603063: 1 3 4 ; 8
20130603064: 1 5 6 ; 12
20130603065: 4 6 6 ; 16
20130603066: 2 4 4 ; 10
20130603067: 5 6 6 ; 17
20130603068: 2 3 4 ; 9
20130603069: 1 3 6 ; 10
20130603070: 3 4 6 ; 13
20130603071: 1 5 5 ; 11
20130603072: 4 6 6 ; 16
