20131128001: 3 4 5 ; 12
20131128002: 2 2 5 ; 9
20131128003: 1 3 3 ; 7
20131128004: 1 2 4 ; 7
20131128005: 3 4 5 ; 12
20131128006: 2 3 3 ; 8
20131128007: 1 4 4 ; 9
20131128008: 2 5 6 ; 13
20131128009: 3 3 4 ; 10
20131128010: 2 3 5 ; 10
20131128011: 1 2 3 ; 6
20131128012: 2 2 2 ; 6
20131128013: 4 5 5 ; 14
20131128014: 1 2 3 ; 6
20131128015: 4 5 6 ; 15
20131128016: 3 5 5 ; 13
20131128017: 1 2 3 ; 6
20131128018: 2 3 6 ; 11
20131128019: 3 5 5 ; 13
20131128020: 3 3 6 ; 12
20131128021: 2 3 4 ; 9
20131128022: 4 4 6 ; 14
20131128023: 2 3 3 ; 8
20131128024: 2 2 3 ; 7
20131128025: 1 2 2 ; 5
20131128026: 3 3 5 ; 11
20131128027: 1 1 3 ; 5
20131128028: 1 4 4 ; 9
20131128029: 2 5 6 ; 13
20131128030: 1 2 6 ; 9
20131128031: 1 1 4 ; 6
20131128032: 2 4 6 ; 12
20131128033: 2 4 5 ; 11
20131128034: 1 3 5 ; 9
20131128035: 1 4 6 ; 11
20131128036: 1 3 4 ; 8
20131128037: 4 4 6 ; 14
20131128038: 1 3 4 ; 8
20131128039: 4 5 5 ; 14
20131128040: 2 2 6 ; 10
20131128041: 1 2 4 ; 7
20131128042: 4 5 6 ; 15
20131128043: 1 1 2 ; 4
20131128044: 1 2 6 ; 9
20131128045: 1 2 4 ; 7
20131128046: 1 3 5 ; 9
20131128047: 3 4 5 ; 12
20131128048: 2 2 2 ; 6
20131128049: 3 3 3 ; 9
20131128050: 1 1 5 ; 7
20131128051: 2 3 6 ; 11
20131128052: 3 5 5 ; 13
20131128053: 2 3 3 ; 8
20131128054: 2 2 3 ; 7
20131128055: 1 1 4 ; 6
20131128056: 3 6 6 ; 15
20131128057: 3 4 6 ; 13
20131128058: 4 4 5 ; 13
20131128059: 1 2 3 ; 6
20131128060: 2 3 5 ; 10
20131128061: 4 4 5 ; 13
20131128062: 1 2 2 ; 5
20131128063: 1 2 6 ; 9
20131128064: 1 4 6 ; 11
20131128065: 1 2 6 ; 9
20131128066: 2 4 6 ; 12
20131128067: 1 1 4 ; 6
20131128068: 2 3 6 ; 11
20131128069: 1 5 6 ; 12
20131128070: 3 3 6 ; 12
20131128071: 1 2 4 ; 7
20131128072: 2 4 6 ; 12
20131128073: 1 5 6 ; 12
20131128074: 3 3 5 ; 11
20131128075: 2 4 6 ; 12
20131128076: 3 4 4 ; 11
20131128077: 1 2 3 ; 6
20131128078: 2 2 2 ; 6
