20130630001: 2 2 2 ; 6
20130630002: 1 3 5 ; 9
20130630003: 4 4 4 ; 12
20130630004: 1 3 4 ; 8
20130630005: 4 4 6 ; 14
20130630006: 5 5 6 ; 16
20130630007: 2 2 6 ; 10
20130630008: 4 4 6 ; 14
20130630009: 1 3 4 ; 8
20130630010: 1 2 4 ; 7
20130630011: 3 6 6 ; 15
20130630012: 2 5 6 ; 13
20130630013: 2 5 5 ; 12
20130630014: 1 4 5 ; 10
20130630015: 4 4 5 ; 13
20130630016: 4 5 5 ; 14
20130630017: 1 1 2 ; 4
20130630018: 1 3 5 ; 9
20130630019: 1 2 5 ; 8
20130630020: 1 1 1 ; 3
20130630021: 1 5 6 ; 12
20130630022: 1 2 4 ; 7
20130630023: 2 3 5 ; 10
20130630024: 1 3 4 ; 8
20130630025: 2 3 6 ; 11
20130630026: 3 3 6 ; 12
20130630027: 3 6 6 ; 15
20130630028: 2 4 5 ; 11
20130630029: 2 4 4 ; 10
20130630030: 4 4 5 ; 13
20130630031: 4 6 6 ; 16
20130630032: 2 6 6 ; 14
20130630033: 1 4 6 ; 11
20130630034: 1 2 3 ; 6
20130630035: 3 4 6 ; 13
20130630036: 1 3 5 ; 9
20130630037: 1 3 3 ; 7
20130630038: 1 2 4 ; 7
20130630039: 3 4 5 ; 12
20130630040: 2 5 6 ; 13
20130630041: 3 3 4 ; 10
20130630042: 1 2 5 ; 8
20130630043: 2 5 6 ; 13
20130630044: 2 4 4 ; 10
20130630045: 1 1 6 ; 8
20130630046: 2 4 5 ; 11
20130630047: 1 2 4 ; 7
20130630048: 2 3 4 ; 9
20130630049: 2 3 5 ; 10
20130630050: 1 1 2 ; 4
20130630051: 1 4 6 ; 11
20130630052: 2 4 5 ; 11
20130630053: 1 1 6 ; 8
20130630054: 4 5 5 ; 14
20130630055: 6 6 6 ; 18
20130630056: 1 3 4 ; 8
20130630057: 4 5 5 ; 14
20130630058: 1 3 3 ; 7
20130630059: 1 2 6 ; 9
20130630060: 1 4 4 ; 9
20130630061: 3 6 6 ; 15
20130630062: 3 4 6 ; 13
20130630063: 2 3 5 ; 10
20130630064: 5 5 6 ; 16
20130630065: 1 5 5 ; 11
20130630066: 1 1 2 ; 4
20130630067: 2 3 4 ; 9
20130630068: 1 2 5 ; 8
20130630069: 2 2 5 ; 9
20130630070: 2 3 3 ; 8
20130630071: 4 5 6 ; 15
20130630072: 3 6 6 ; 15
