20130913001: 1 4 4 ; 9
20130913002: 1 4 6 ; 11
20130913003: 2 3 6 ; 11
20130913004: 1 5 6 ; 12
20130913005: 2 4 5 ; 11
20130913006: 1 4 4 ; 9
20130913007: 1 2 6 ; 9
20130913008: 1 4 6 ; 11
20130913009: 1 2 5 ; 8
20130913010: 2 2 4 ; 8
20130913011: 1 3 4 ; 8
20130913012: 3 6 6 ; 15
20130913013: 1 5 6 ; 12
20130913014: 2 4 4 ; 10
20130913015: 1 1 2 ; 4
20130913016: 4 5 6 ; 15
20130913017: 3 4 5 ; 12
20130913018: 1 3 5 ; 9
20130913019: 3 3 6 ; 12
20130913020: 1 2 6 ; 9
20130913021: 1 2 5 ; 8
20130913022: 1 2 5 ; 8
20130913023: 1 2 3 ; 6
20130913024: 4 5 6 ; 15
20130913025: 1 1 6 ; 8
20130913026: 2 3 5 ; 10
20130913027: 1 4 6 ; 11
20130913028: 1 1 5 ; 7
20130913029: 3 3 5 ; 11
20130913030: 4 6 6 ; 16
20130913031: 5 5 6 ; 16
20130913032: 3 4 6 ; 13
20130913033: 3 4 5 ; 12
20130913034: 3 5 6 ; 14
20130913035: 1 2 5 ; 8
20130913036: 1 5 6 ; 12
20130913037: 2 4 5 ; 11
20130913038: 2 4 6 ; 12
20130913039: 2 5 6 ; 13
20130913040: 3 4 6 ; 13
20130913041: 3 4 5 ; 12
20130913042: 3 3 4 ; 10
20130913043: 5 5 6 ; 16
20130913044: 2 2 5 ; 9
20130913045: 1 3 5 ; 9
20130913046: 3 5 6 ; 14
20130913047: 2 3 5 ; 10
20130913048: 2 4 6 ; 12
20130913049: 1 1 6 ; 8
20130913050: 2 3 3 ; 8
20130913051: 2 2 5 ; 9
20130913052: 2 2 5 ; 9
20130913053: 1 5 6 ; 12
20130913054: 2 5 5 ; 12
20130913055: 1 3 3 ; 7
20130913056: 1 1 3 ; 5
20130913057: 5 5 6 ; 16
20130913058: 1 6 6 ; 13
20130913059: 2 3 3 ; 8
20130913060: 1 3 3 ; 7
20130913061: 1 5 6 ; 12
20130913062: 2 2 6 ; 10
20130913063: 5 5 5 ; 15
20130913064: 1 2 2 ; 5
20130913065: 1 5 6 ; 12
20130913066: 2 3 4 ; 9
20130913067: 4 5 6 ; 15
20130913068: 4 5 5 ; 14
20130913069: 2 5 6 ; 13
20130913070: 1 3 5 ; 9
20130913071: 5 5 6 ; 16
20130913072: 2 3 4 ; 9
20130913073: 2 6 6 ; 14
20130913074: 3 4 6 ; 13
20130913075: 1 4 5 ; 10
20130913076: 4 5 5 ; 14
20130913077: 2 3 6 ; 11
20130913078: 4 5 6 ; 15
