20130829001: 2 4 5 ; 11
20130829002: 4 4 5 ; 13
20130829003: 2 5 6 ; 13
20130829004: 1 4 6 ; 11
20130829005: 1 4 6 ; 11
20130829006: 1 1 4 ; 6
20130829007: 1 3 4 ; 8
20130829008: 2 3 6 ; 11
20130829009: 2 6 6 ; 14
20130829010: 1 4 5 ; 10
20130829011: 1 4 6 ; 11
20130829012: 3 3 3 ; 9
20130829013: 1 3 6 ; 10
20130829014: 2 3 5 ; 10
20130829015: 3 3 4 ; 10
20130829016: 1 2 2 ; 5
20130829017: 1 2 4 ; 7
20130829018: 1 2 2 ; 5
20130829019: 2 5 6 ; 13
20130829020: 1 2 6 ; 9
20130829021: 1 2 5 ; 8
20130829022: 2 4 4 ; 10
20130829023: 5 5 5 ; 15
20130829024: 1 3 6 ; 10
20130829025: 3 5 6 ; 14
20130829026: 2 6 6 ; 14
20130829027: 2 2 5 ; 9
20130829028: 2 5 5 ; 12
20130829029: 2 2 5 ; 9
20130829030: 2 2 3 ; 7
20130829031: 1 4 5 ; 10
20130829032: 4 6 6 ; 16
20130829033: 2 4 4 ; 10
20130829034: 3 6 6 ; 15
20130829035: 3 4 6 ; 13
20130829036: 2 3 5 ; 10
20130829037: 2 4 6 ; 12
20130829038: 3 4 6 ; 13
20130829039: 1 2 5 ; 8
20130829040: 1 2 6 ; 9
20130829041: 2 3 5 ; 10
20130829042: 1 3 5 ; 9
20130829043: 2 3 4 ; 9
20130829044: 1 4 5 ; 10
20130829045: 3 3 6 ; 12
20130829046: 3 4 6 ; 13
20130829047: 1 3 3 ; 7
20130829048: 2 2 6 ; 10
20130829049: 3 6 6 ; 15
20130829050: 1 1 5 ; 7
20130829051: 4 5 6 ; 15
20130829052: 4 5 5 ; 14
20130829053: 2 4 6 ; 12
20130829054: 3 4 5 ; 12
20130829055: 2 2 6 ; 10
20130829056: 1 2 3 ; 6
20130829057: 3 4 6 ; 13
20130829058: 1 5 5 ; 11
20130829059: 2 2 2 ; 6
20130829060: 1 4 6 ; 11
20130829061: 5 5 5 ; 15
20130829062: 3 3 4 ; 10
20130829063: 1 6 6 ; 13
20130829064: 1 2 6 ; 9
20130829065: 1 2 3 ; 6
20130829066: 2 2 5 ; 9
20130829067: 1 5 5 ; 11
20130829068: 1 6 6 ; 13
20130829069: 3 3 3 ; 9
20130829070: 4 5 6 ; 15
20130829071: 4 4 4 ; 12
20130829072: 3 4 6 ; 13
20130829073: 2 3 5 ; 10
20130829074: 1 2 6 ; 9
20130829075: 2 3 4 ; 9
20130829076: 1 3 6 ; 10
20130829077: 5 6 6 ; 17
20130829078: 1 5 6 ; 12
