20130615001: 2 4 6 ; 12
20130615002: 4 5 6 ; 15
20130615003: 2 5 6 ; 13
20130615004: 3 5 6 ; 14
20130615005: 2 3 5 ; 10
20130615006: 1 3 4 ; 8
20130615007: 3 6 6 ; 15
20130615008: 1 1 3 ; 5
20130615009: 2 2 3 ; 7
20130615010: 3 5 6 ; 14
20130615011: 1 5 6 ; 12
20130615012: 2 2 5 ; 9
20130615013: 2 3 6 ; 11
20130615014: 2 4 6 ; 12
20130615015: 3 4 4 ; 11
20130615016: 2 2 6 ; 10
20130615017: 1 3 4 ; 8
20130615018: 4 6 6 ; 16
20130615019: 1 3 6 ; 10
20130615020: 3 4 5 ; 12
20130615021: 1 3 3 ; 7
20130615022: 3 5 5 ; 13
20130615023: 1 5 6 ; 12
20130615024: 2 2 3 ; 7
20130615025: 2 2 6 ; 10
20130615026: 1 1 2 ; 4
20130615027: 3 4 5 ; 12
20130615028: 1 3 5 ; 9
20130615029: 1 2 6 ; 9
20130615030: 1 4 5 ; 10
20130615031: 1 1 6 ; 8
20130615032: 2 3 5 ; 10
20130615033: 1 4 4 ; 9
20130615034: 2 3 6 ; 11
20130615035: 2 5 6 ; 13
20130615036: 2 4 6 ; 12
20130615037: 1 3 5 ; 9
20130615038: 3 4 5 ; 12
20130615039: 2 4 5 ; 11
20130615040: 1 2 6 ; 9
20130615041: 3 3 3 ; 9
20130615042: 2 3 5 ; 10
20130615043: 1 5 6 ; 12
20130615044: 3 4 6 ; 13
20130615045: 2 2 5 ; 9
20130615046: 2 4 4 ; 10
20130615047: 3 4 6 ; 13
20130615048: 3 5 5 ; 13
20130615049: 1 2 5 ; 8
20130615050: 1 2 6 ; 9
20130615051: 1 2 2 ; 5
20130615052: 3 3 5 ; 11
20130615053: 1 3 6 ; 10
20130615054: 2 2 4 ; 8
20130615055: 1 3 4 ; 8
20130615056: 4 4 6 ; 14
20130615057: 1 5 6 ; 12
20130615058: 1 3 6 ; 10
20130615059: 1 5 6 ; 12
20130615060: 5 6 6 ; 17
20130615061: 2 3 3 ; 8
20130615062: 3 4 4 ; 11
20130615063: 1 2 5 ; 8
20130615064: 2 2 3 ; 7
20130615065: 1 4 4 ; 9
20130615066: 1 1 5 ; 7
20130615067: 2 5 6 ; 13
20130615068: 1 4 5 ; 10
20130615069: 1 6 6 ; 13
20130615070: 2 2 6 ; 10
20130615071: 1 3 3 ; 7
20130615072: 1 4 5 ; 10
