20131203001: 4 5 6 ; 15
20131203002: 2 5 6 ; 13
20131203003: 2 5 6 ; 13
20131203004: 1 2 6 ; 9
20131203005: 1 3 4 ; 8
20131203006: 2 5 6 ; 13
20131203007: 1 3 3 ; 7
20131203008: 1 2 4 ; 7
20131203009: 2 2 6 ; 10
20131203010: 1 5 6 ; 12
20131203011: 2 5 5 ; 12
20131203012: 2 4 5 ; 11
20131203013: 2 3 4 ; 9
20131203014: 1 4 4 ; 9
20131203015: 4 4 6 ; 14
20131203016: 4 5 6 ; 15
20131203017: 1 3 4 ; 8
20131203018: 2 3 5 ; 10
20131203019: 4 4 4 ; 12
20131203020: 2 2 6 ; 10
20131203021: 1 2 5 ; 8
20131203022: 3 4 6 ; 13
20131203023: 1 3 5 ; 9
20131203024: 1 3 5 ; 9
20131203025: 2 5 5 ; 12
20131203026: 4 4 5 ; 13
20131203027: 2 2 3 ; 7
20131203028: 3 5 5 ; 13
20131203029: 2 4 6 ; 12
20131203030: 5 6 6 ; 17
20131203031: 2 3 4 ; 9
20131203032: 4 4 5 ; 13
20131203033: 2 3 4 ; 9
20131203034: 1 4 6 ; 11
20131203035: 3 5 5 ; 13
20131203036: 4 4 6 ; 14
20131203037: 2 2 4 ; 8
20131203038: 3 5 5 ; 13
20131203039: 2 5 5 ; 12
20131203040: 1 4 5 ; 10
20131203041: 1 4 6 ; 11
20131203042: 2 4 6 ; 12
20131203043: 3 4 6 ; 13
20131203044: 5 5 5 ; 15
20131203045: 1 2 5 ; 8
20131203046: 1 1 5 ; 7
20131203047: 2 3 6 ; 11
20131203048: 2 3 5 ; 10
20131203049: 1 2 6 ; 9
20131203050: 2 5 6 ; 13
20131203051: 2 6 6 ; 14
20131203052: 1 2 3 ; 6
20131203053: 2 5 6 ; 13
20131203054: 4 5 6 ; 15
20131203055: 4 4 4 ; 12
20131203056: 1 5 6 ; 12
20131203057: 1 4 6 ; 11
20131203058: 4 5 6 ; 15
20131203059: 3 5 6 ; 14
20131203060: 2 3 4 ; 9
20131203061: 1 2 3 ; 6
20131203062: 4 6 6 ; 16
20131203063: 3 5 6 ; 14
20131203064: 2 3 5 ; 10
20131203065: 3 3 5 ; 11
20131203066: 4 6 6 ; 16
20131203067: 1 2 3 ; 6
20131203068: 4 6 6 ; 16
20131203069: 3 5 6 ; 14
20131203070: 1 3 5 ; 9
20131203071: 2 3 5 ; 10
20131203072: 3 5 5 ; 13
20131203073: 1 2 4 ; 7
20131203074: 2 4 4 ; 10
20131203075: 1 2 4 ; 7
20131203076: 1 1 4 ; 6
20131203077: 1 3 4 ; 8
20131203078: 1 1 5 ; 7
