20130715001: 1 3 5 ; 9
20130715002: 1 4 5 ; 10
20130715003: 3 4 6 ; 13
20130715004: 1 2 6 ; 9
20130715005: 3 5 6 ; 14
20130715006: 2 5 5 ; 12
20130715007: 2 4 6 ; 12
20130715008: 1 3 4 ; 8
20130715009: 2 4 6 ; 12
20130715010: 2 3 4 ; 9
20130715011: 1 1 5 ; 7
20130715012: 2 3 5 ; 10
20130715013: 1 1 3 ; 5
20130715014: 4 4 6 ; 14
20130715015: 2 3 3 ; 8
20130715016: 2 2 4 ; 8
20130715017: 2 3 5 ; 10
20130715018: 2 4 6 ; 12
20130715019: 1 4 5 ; 10
20130715020: 4 4 4 ; 12
20130715021: 5 5 6 ; 16
20130715022: 1 1 6 ; 8
20130715023: 1 2 4 ; 7
20130715024: 2 3 4 ; 9
20130715025: 2 4 5 ; 11
20130715026: 2 3 5 ; 10
20130715027: 3 3 5 ; 11
20130715028: 3 4 6 ; 13
20130715029: 2 2 3 ; 7
20130715030: 1 1 4 ; 6
20130715031: 1 1 5 ; 7
20130715032: 3 5 6 ; 14
20130715033: 1 3 5 ; 9
20130715034: 2 3 6 ; 11
20130715035: 4 4 6 ; 14
20130715036: 3 3 6 ; 12
20130715037: 1 3 4 ; 8
20130715038: 3 3 3 ; 9
20130715039: 1 5 6 ; 12
20130715040: 2 3 5 ; 10
20130715041: 4 5 6 ; 15
20130715042: 3 3 4 ; 10
20130715043: 1 3 4 ; 8
20130715044: 1 4 6 ; 11
20130715045: 1 4 5 ; 10
20130715046: 1 5 5 ; 11
20130715047: 3 3 4 ; 10
20130715048: 2 6 6 ; 14
20130715049: 1 2 3 ; 6
20130715050: 3 5 6 ; 14
20130715051: 2 2 3 ; 7
20130715052: 1 2 4 ; 7
20130715053: 3 4 4 ; 11
20130715054: 1 3 4 ; 8
20130715055: 2 4 5 ; 11
20130715056: 1 1 5 ; 7
20130715057: 3 3 4 ; 10
20130715058: 1 2 5 ; 8
20130715059: 1 2 4 ; 7
20130715060: 1 4 6 ; 11
20130715061: 4 4 4 ; 12
20130715062: 1 5 6 ; 12
20130715063: 4 5 6 ; 15
20130715064: 1 3 6 ; 10
20130715065: 4 5 6 ; 15
20130715066: 3 4 6 ; 13
20130715067: 2 3 6 ; 11
20130715068: 2 5 5 ; 12
20130715069: 2 4 4 ; 10
20130715070: 1 2 3 ; 6
20130715071: 1 2 4 ; 7
20130715072: 1 2 3 ; 6
20130715073: 1 3 3 ; 7
20130715074: 3 4 5 ; 12
20130715075: 1 3 6 ; 10
20130715076: 1 4 5 ; 10
20130715077: 2 4 6 ; 12
20130715078: 5 6 6 ; 17
