20131111001: 1 4 5 ; 10
20131111002: 1 2 5 ; 8
20131111003: 3 4 5 ; 12
20131111004: 2 3 6 ; 11
20131111005: 3 4 5 ; 12
20131111006: 2 3 6 ; 11
20131111007: 2 3 4 ; 9
20131111008: 3 4 5 ; 12
20131111009: 3 4 4 ; 11
20131111010: 1 2 5 ; 8
20131111011: 1 2 3 ; 6
20131111012: 4 4 6 ; 14
20131111013: 4 5 6 ; 15
20131111014: 3 5 6 ; 14
20131111015: 1 3 4 ; 8
20131111016: 5 6 6 ; 17
20131111017: 1 4 5 ; 10
20131111018: 3 6 6 ; 15
20131111019: 2 3 4 ; 9
20131111020: 1 1 5 ; 7
20131111021: 5 6 6 ; 17
20131111022: 2 3 5 ; 10
20131111023: 2 2 5 ; 9
20131111024: 2 6 6 ; 14
20131111025: 2 2 3 ; 7
20131111026: 1 2 5 ; 8
20131111027: 1 1 1 ; 3
20131111028: 3 3 5 ; 11
20131111029: 1 3 6 ; 10
20131111030: 4 5 6 ; 15
20131111031: 4 4 4 ; 12
20131111032: 1 1 2 ; 4
20131111033: 2 3 5 ; 10
20131111034: 3 4 4 ; 11
20131111035: 4 5 5 ; 14
20131111036: 1 4 5 ; 10
20131111037: 4 4 6 ; 14
20131111038: 2 3 5 ; 10
20131111039: 1 1 3 ; 5
20131111040: 3 3 6 ; 12
20131111041: 2 5 6 ; 13
20131111042: 2 2 3 ; 7
20131111043: 1 4 6 ; 11
20131111044: 3 3 6 ; 12
20131111045: 1 3 6 ; 10
20131111046: 2 3 6 ; 11
20131111047: 1 2 5 ; 8
20131111048: 2 4 4 ; 10
20131111049: 2 3 5 ; 10
20131111050: 1 1 4 ; 6
20131111051: 2 4 6 ; 12
20131111052: 1 2 4 ; 7
20131111053: 2 4 6 ; 12
20131111054: 1 2 5 ; 8
20131111055: 2 2 5 ; 9
20131111056: 1 1 4 ; 6
20131111057: 3 3 6 ; 12
20131111058: 1 3 4 ; 8
20131111059: 1 3 4 ; 8
20131111060: 5 5 5 ; 15
20131111061: 1 3 4 ; 8
20131111062: 4 4 6 ; 14
20131111063: 1 6 6 ; 13
20131111064: 4 4 6 ; 14
20131111065: 1 5 6 ; 12
20131111066: 2 5 5 ; 12
20131111067: 1 5 6 ; 12
20131111068: 2 5 6 ; 13
20131111069: 2 2 4 ; 8
20131111070: 3 4 6 ; 13
20131111071: 3 4 5 ; 12
20131111072: 4 5 6 ; 15
20131111073: 1 5 5 ; 11
20131111074: 4 4 5 ; 13
20131111075: 2 5 6 ; 13
20131111076: 1 5 5 ; 11
20131111077: 2 3 5 ; 10
20131111078: 3 4 6 ; 13
