20130620001: 3 5 6 ; 14
20130620002: 5 5 6 ; 16
20130620003: 1 3 6 ; 10
20130620004: 1 1 4 ; 6
20130620005: 3 4 4 ; 11
20130620006: 2 3 5 ; 10
20130620007: 2 5 6 ; 13
20130620008: 3 4 6 ; 13
20130620009: 1 4 5 ; 10
20130620010: 2 3 4 ; 9
20130620011: 4 4 4 ; 12
20130620012: 1 3 5 ; 9
20130620013: 2 2 5 ; 9
20130620014: 1 5 6 ; 12
20130620015: 2 5 5 ; 12
20130620016: 2 2 4 ; 8
20130620017: 1 4 4 ; 9
20130620018: 4 5 6 ; 15
20130620019: 1 1 5 ; 7
20130620020: 1 3 6 ; 10
20130620021: 1 2 5 ; 8
20130620022: 1 4 5 ; 10
20130620023: 1 3 5 ; 9
20130620024: 3 4 6 ; 13
20130620025: 2 5 5 ; 12
20130620026: 1 2 5 ; 8
20130620027: 1 2 4 ; 7
20130620028: 2 5 5 ; 12
20130620029: 2 4 6 ; 12
20130620030: 1 5 5 ; 11
20130620031: 2 2 3 ; 7
20130620032: 2 6 6 ; 14
20130620033: 1 2 3 ; 6
20130620034: 3 4 5 ; 12
20130620035: 1 2 3 ; 6
20130620036: 3 5 6 ; 14
20130620037: 3 3 5 ; 11
20130620038: 1 2 5 ; 8
20130620039: 1 2 4 ; 7
20130620040: 3 6 6 ; 15
20130620041: 2 6 6 ; 14
20130620042: 2 2 4 ; 8
20130620043: 1 3 6 ; 10
20130620044: 2 3 4 ; 9
20130620045: 1 4 5 ; 10
20130620046: 1 1 4 ; 6
20130620047: 1 4 4 ; 9
20130620048: 1 1 5 ; 7
20130620049: 3 4 5 ; 12
20130620050: 3 3 6 ; 12
20130620051: 2 2 5 ; 9
20130620052: 1 3 3 ; 7
20130620053: 1 1 4 ; 6
20130620054: 3 3 4 ; 10
20130620055: 2 5 5 ; 12
20130620056: 1 3 6 ; 10
20130620057: 1 1 5 ; 7
20130620058: 2 5 5 ; 12
20130620059: 3 4 5 ; 12
20130620060: 1 1 2 ; 4
20130620061: 3 4 4 ; 11
20130620062: 1 2 5 ; 8
20130620063: 3 4 6 ; 13
20130620064: 2 4 5 ; 11
20130620065: 2 5 6 ; 13
20130620066: 2 3 4 ; 9
20130620067: 1 2 6 ; 9
20130620068: 2 4 5 ; 11
20130620069: 2 5 6 ; 13
20130620070: 2 3 5 ; 10
20130620071: 3 4 4 ; 11
20130620072: 2 3 3 ; 8
