20130901001: 3 4 6 ; 13
20130901002: 4 5 5 ; 14
20130901003: 3 3 4 ; 10
20130901004: 3 5 5 ; 13
20130901005: 1 4 4 ; 9
20130901006: 2 6 6 ; 14
20130901007: 2 4 4 ; 10
20130901008: 1 4 4 ; 9
20130901009: 1 3 6 ; 10
20130901010: 1 2 5 ; 8
20130901011: 2 5 5 ; 12
20130901012: 2 2 4 ; 8
20130901013: 4 4 6 ; 14
20130901014: 2 3 4 ; 9
20130901015: 2 2 2 ; 6
20130901016: 1 2 3 ; 6
20130901017: 2 3 3 ; 8
20130901018: 1 1 5 ; 7
20130901019: 2 4 4 ; 10
20130901020: 3 4 5 ; 12
20130901021: 1 5 6 ; 12
20130901022: 2 3 4 ; 9
20130901023: 4 5 5 ; 14
20130901024: 3 3 4 ; 10
20130901025: 4 5 5 ; 14
20130901026: 3 5 6 ; 14
20130901027: 1 3 6 ; 10
20130901028: 1 4 5 ; 10
20130901029: 1 2 6 ; 9
20130901030: 1 1 3 ; 5
20130901031: 2 3 5 ; 10
20130901032: 3 3 6 ; 12
20130901033: 2 5 6 ; 13
20130901034: 2 4 6 ; 12
20130901035: 1 2 3 ; 6
20130901036: 2 5 6 ; 13
20130901037: 4 4 5 ; 13
20130901038: 3 4 5 ; 12
20130901039: 1 5 6 ; 12
20130901040: 2 3 5 ; 10
20130901041: 2 4 4 ; 10
20130901042: 2 3 5 ; 10
20130901043: 1 6 6 ; 13
20130901044: 2 4 5 ; 11
20130901045: 2 5 5 ; 12
20130901046: 1 3 5 ; 9
20130901047: 4 4 6 ; 14
20130901048: 1 2 5 ; 8
20130901049: 1 2 2 ; 5
20130901050: 4 6 6 ; 16
20130901051: 2 2 5 ; 9
20130901052: 2 3 5 ; 10
20130901053: 1 3 5 ; 9
20130901054: 1 5 5 ; 11
20130901055: 2 3 3 ; 8
20130901056: 1 2 5 ; 8
20130901057: 3 5 6 ; 14
20130901058: 1 1 2 ; 4
20130901059: 3 4 5 ; 12
20130901060: 2 3 4 ; 9
20130901061: 5 5 6 ; 16
20130901062: 3 4 4 ; 11
20130901063: 1 6 6 ; 13
20130901064: 3 4 6 ; 13
20130901065: 2 5 6 ; 13
20130901066: 2 5 6 ; 13
20130901067: 2 5 6 ; 13
20130901068: 1 3 6 ; 10
20130901069: 1 3 4 ; 8
20130901070: 1 1 6 ; 8
20130901071: 2 3 3 ; 8
20130901072: 2 3 4 ; 9
20130901073: 3 4 6 ; 13
20130901074: 1 2 3 ; 6
20130901075: 2 5 6 ; 13
20130901076: 1 5 5 ; 11
20130901077: 1 2 6 ; 9
20130901078: 3 4 6 ; 13
