20130802001: 2 2 6 ; 10
20130802002: 6 6 6 ; 18
20130802003: 1 4 4 ; 9
20130802004: 5 6 6 ; 17
20130802005: 5 5 6 ; 16
20130802006: 3 4 6 ; 13
20130802007: 1 4 6 ; 11
20130802008: 5 6 6 ; 17
20130802009: 1 3 6 ; 10
20130802010: 1 3 5 ; 9
20130802011: 3 4 5 ; 12
20130802012: 2 4 6 ; 12
20130802013: 4 6 6 ; 16
20130802014: 3 5 6 ; 14
20130802015: 3 4 5 ; 12
20130802016: 2 3 4 ; 9
20130802017: 1 1 3 ; 5
20130802018: 1 1 3 ; 5
20130802019: 2 4 5 ; 11
20130802020: 3 4 5 ; 12
20130802021: 2 2 4 ; 8
20130802022: 1 4 6 ; 11
20130802023: 3 5 5 ; 13
20130802024: 3 3 5 ; 11
20130802025: 3 5 6 ; 14
20130802026: 1 1 3 ; 5
20130802027: 3 4 4 ; 11
20130802028: 2 4 5 ; 11
20130802029: 1 3 5 ; 9
20130802030: 1 1 3 ; 5
20130802031: 1 1 4 ; 6
20130802032: 1 1 3 ; 5
20130802033: 1 4 6 ; 11
20130802034: 3 4 4 ; 11
20130802035: 5 5 6 ; 16
20130802036: 3 3 6 ; 12
20130802037: 3 4 4 ; 11
20130802038: 1 3 5 ; 9
20130802039: 1 4 4 ; 9
20130802040: 2 5 5 ; 12
20130802041: 2 2 5 ; 9
20130802042: 3 3 6 ; 12
20130802043: 1 2 6 ; 9
20130802044: 4 4 4 ; 12
20130802045: 1 3 3 ; 7
20130802046: 1 4 5 ; 10
20130802047: 2 3 4 ; 9
20130802048: 1 3 3 ; 7
20130802049: 5 6 6 ; 17
20130802050: 1 5 6 ; 12
20130802051: 4 6 6 ; 16
20130802052: 2 3 5 ; 10
20130802053: 2 5 5 ; 12
20130802054: 2 2 6 ; 10
20130802055: 1 1 2 ; 4
20130802056: 2 4 5 ; 11
20130802057: 2 3 4 ; 9
20130802058: 1 2 3 ; 6
20130802059: 4 6 6 ; 16
20130802060: 2 3 6 ; 11
20130802061: 4 4 5 ; 13
20130802062: 4 5 6 ; 15
20130802063: 2 6 6 ; 14
20130802064: 4 6 6 ; 16
20130802065: 4 4 4 ; 12
20130802066: 1 1 4 ; 6
20130802067: 2 3 6 ; 11
20130802068: 1 1 3 ; 5
20130802069: 6 6 6 ; 18
20130802070: 2 5 6 ; 13
20130802071: 2 2 4 ; 8
20130802072: 3 5 5 ; 13
20130802073: 1 2 4 ; 7
20130802074: 1 3 5 ; 9
20130802075: 6 6 6 ; 18
20130802076: 1 3 3 ; 7
20130802077: 1 1 5 ; 7
20130802078: 2 2 3 ; 7
