20131003001: 1 2 3 ; 6
20131003002: 1 3 5 ; 9
20131003003: 1 2 4 ; 7
20131003004: 3 3 4 ; 10
20131003005: 1 1 4 ; 6
20131003006: 2 2 6 ; 10
20131003007: 2 3 6 ; 11
20131003008: 4 5 6 ; 15
20131003009: 2 6 6 ; 14
20131003010: 1 2 4 ; 7
20131003011: 2 4 6 ; 12
20131003012: 3 4 6 ; 13
20131003013: 1 2 5 ; 8
20131003014: 1 2 6 ; 9
20131003015: 1 2 6 ; 9
20131003016: 1 2 6 ; 9
20131003017: 2 5 5 ; 12
20131003018: 4 4 6 ; 14
20131003019: 4 6 6 ; 16
20131003020: 5 5 5 ; 15
20131003021: 3 3 6 ; 12
20131003022: 1 3 4 ; 8
20131003023: 2 3 4 ; 9
20131003024: 3 4 4 ; 11
20131003025: 1 3 6 ; 10
20131003026: 2 2 3 ; 7
20131003027: 3 5 5 ; 13
20131003028: 2 3 6 ; 11
20131003029: 1 5 6 ; 12
20131003030: 2 5 5 ; 12
20131003031: 4 5 5 ; 14
20131003032: 2 4 6 ; 12
20131003033: 1 5 6 ; 12
20131003034: 2 4 5 ; 11
20131003035: 5 6 6 ; 17
20131003036: 1 1 3 ; 5
20131003037: 1 3 3 ; 7
20131003038: 2 2 3 ; 7
20131003039: 2 3 6 ; 11
20131003040: 1 3 6 ; 10
20131003041: 1 2 5 ; 8
20131003042: 2 5 6 ; 13
20131003043: 4 6 6 ; 16
20131003044: 2 3 5 ; 10
20131003045: 2 5 6 ; 13
20131003046: 1 3 5 ; 9
20131003047: 2 4 4 ; 10
20131003048: 4 4 5 ; 13
20131003049: 3 5 6 ; 14
20131003050: 3 3 4 ; 10
20131003051: 3 5 6 ; 14
20131003052: 1 5 6 ; 12
20131003053: 1 6 6 ; 13
20131003054: 2 4 5 ; 11
20131003055: 2 6 6 ; 14
20131003056: 1 5 5 ; 11
20131003057: 4 5 5 ; 14
20131003058: 1 4 5 ; 10
20131003059: 1 2 5 ; 8
20131003060: 3 4 6 ; 13
20131003061: 1 2 3 ; 6
20131003062: 2 2 6 ; 10
20131003063: 6 6 6 ; 18
20131003064: 1 3 4 ; 8
20131003065: 4 5 5 ; 14
20131003066: 2 3 3 ; 8
20131003067: 2 4 6 ; 12
20131003068: 1 3 4 ; 8
20131003069: 3 5 6 ; 14
20131003070: 2 2 6 ; 10
20131003071: 3 4 4 ; 11
20131003072: 1 5 6 ; 12
20131003073: 3 5 6 ; 14
20131003074: 4 4 5 ; 13
20131003075: 3 3 5 ; 11
20131003076: 3 4 5 ; 12
20131003077: 1 3 4 ; 8
20131003078: 1 3 5 ; 9
