20130930001: 1 1 5 ; 7
20130930002: 3 5 6 ; 14
20130930003: 1 1 2 ; 4
20130930004: 1 3 4 ; 8
20130930005: 1 3 5 ; 9
20130930006: 1 1 2 ; 4
20130930007: 2 3 3 ; 8
20130930008: 1 3 6 ; 10
20130930009: 1 2 5 ; 8
20130930010: 2 3 4 ; 9
20130930011: 1 1 3 ; 5
20130930012: 1 5 6 ; 12
20130930013: 2 4 4 ; 10
20130930014: 3 5 5 ; 13
20130930015: 4 5 6 ; 15
20130930016: 2 3 4 ; 9
20130930017: 1 2 6 ; 9
20130930018: 1 5 6 ; 12
20130930019: 1 3 6 ; 10
20130930020: 1 3 3 ; 7
20130930021: 1 4 5 ; 10
20130930022: 1 3 5 ; 9
20130930023: 1 2 6 ; 9
20130930024: 5 5 6 ; 16
20130930025: 3 6 6 ; 15
20130930026: 1 6 6 ; 13
20130930027: 3 4 6 ; 13
20130930028: 2 3 4 ; 9
20130930029: 1 1 6 ; 8
20130930030: 2 3 4 ; 9
20130930031: 2 4 6 ; 12
20130930032: 3 4 6 ; 13
20130930033: 1 2 4 ; 7
20130930034: 1 3 5 ; 9
20130930035: 1 2 5 ; 8
20130930036: 1 2 5 ; 8
20130930037: 4 4 5 ; 13
20130930038: 2 4 6 ; 12
20130930039: 2 3 4 ; 9
20130930040: 1 1 6 ; 8
20130930041: 4 6 6 ; 16
20130930042: 2 3 3 ; 8
20130930043: 2 3 4 ; 9
20130930044: 2 3 4 ; 9
20130930045: 1 4 5 ; 10
20130930046: 1 3 6 ; 10
20130930047: 2 4 6 ; 12
20130930048: 5 5 6 ; 16
20130930049: 3 3 5 ; 11
20130930050: 1 3 4 ; 8
20130930051: 4 4 6 ; 14
20130930052: 1 2 5 ; 8
20130930053: 1 2 6 ; 9
20130930054: 1 2 5 ; 8
20130930055: 5 6 6 ; 17
20130930056: 3 3 5 ; 11
20130930057: 1 3 6 ; 10
20130930058: 4 5 6 ; 15
20130930059: 2 3 4 ; 9
20130930060: 2 4 5 ; 11
20130930061: 2 3 5 ; 10
20130930062: 2 5 6 ; 13
20130930063: 2 3 4 ; 9
20130930064: 1 2 6 ; 9
20130930065: 1 2 4 ; 7
20130930066: 1 1 5 ; 7
20130930067: 1 2 4 ; 7
20130930068: 2 3 3 ; 8
20130930069: 2 3 3 ; 8
20130930070: 2 6 6 ; 14
20130930071: 1 5 5 ; 11
20130930072: 1 6 6 ; 13
20130930073: 1 2 5 ; 8
20130930074: 2 2 3 ; 7
20130930075: 2 2 4 ; 8
20130930076: 2 3 5 ; 10
20130930077: 1 2 4 ; 7
20130930078: 2 3 4 ; 9
