20131108001: 1 3 5 ; 9
20131108002: 3 4 5 ; 12
20131108003: 1 2 6 ; 9
20131108004: 2 5 6 ; 13
20131108005: 2 5 6 ; 13
20131108006: 1 2 3 ; 6
20131108007: 3 4 5 ; 12
20131108008: 1 1 5 ; 7
20131108009: 1 4 6 ; 11
20131108010: 1 1 5 ; 7
20131108011: 2 2 4 ; 8
20131108012: 4 4 5 ; 13
20131108013: 1 2 4 ; 7
20131108014: 4 5 6 ; 15
20131108015: 5 5 5 ; 15
20131108016: 1 2 3 ; 6
20131108017: 2 3 3 ; 8
20131108018: 4 5 6 ; 15
20131108019: 2 3 5 ; 10
20131108020: 1 1 2 ; 4
20131108021: 6 6 6 ; 18
20131108022: 2 3 6 ; 11
20131108023: 3 3 6 ; 12
20131108024: 3 6 6 ; 15
20131108025: 1 3 3 ; 7
20131108026: 1 4 5 ; 10
20131108027: 3 4 5 ; 12
20131108028: 1 4 4 ; 9
20131108029: 1 1 3 ; 5
20131108030: 3 4 5 ; 12
20131108031: 3 6 6 ; 15
20131108032: 3 6 6 ; 15
20131108033: 2 5 6 ; 13
20131108034: 2 4 5 ; 11
20131108035: 2 2 3 ; 7
20131108036: 1 1 4 ; 6
20131108037: 2 3 3 ; 8
20131108038: 2 5 6 ; 13
20131108039: 5 5 5 ; 15
20131108040: 2 2 2 ; 6
20131108041: 4 5 6 ; 15
20131108042: 4 5 6 ; 15
20131108043: 4 5 6 ; 15
20131108044: 1 3 3 ; 7
20131108045: 2 3 3 ; 8
20131108046: 3 4 6 ; 13
20131108047: 1 1 3 ; 5
20131108048: 1 1 4 ; 6
20131108049: 2 4 4 ; 10
20131108050: 1 3 3 ; 7
20131108051: 2 2 3 ; 7
20131108052: 1 2 4 ; 7
20131108053: 2 3 4 ; 9
20131108054: 3 5 5 ; 13
20131108055: 4 6 6 ; 16
20131108056: 4 4 6 ; 14
20131108057: 3 4 5 ; 12
20131108058: 4 6 6 ; 16
20131108059: 1 1 3 ; 5
20131108060: 1 2 5 ; 8
20131108061: 1 1 6 ; 8
20131108062: 1 4 5 ; 10
20131108063: 2 2 3 ; 7
20131108064: 4 4 6 ; 14
20131108065: 1 2 6 ; 9
20131108066: 2 3 4 ; 9
20131108067: 1 5 5 ; 11
20131108068: 3 4 4 ; 11
20131108069: 1 2 4 ; 7
20131108070: 4 5 6 ; 15
20131108071: 1 6 6 ; 13
20131108072: 3 5 5 ; 13
20131108073: 3 5 5 ; 13
20131108074: 1 3 4 ; 8
20131108075: 3 3 4 ; 10
20131108076: 2 3 6 ; 11
20131108077: 1 3 3 ; 7
20131108078: 1 5 6 ; 12
