20131105001: 1 2 6 ; 9
20131105002: 2 4 6 ; 12
20131105003: 1 4 6 ; 11
20131105004: 2 5 5 ; 12
20131105005: 1 1 6 ; 8
20131105006: 2 5 6 ; 13
20131105007: 3 3 5 ; 11
20131105008: 3 6 6 ; 15
20131105009: 1 2 6 ; 9
20131105010: 2 6 6 ; 14
20131105011: 3 4 6 ; 13
20131105012: 1 5 5 ; 11
20131105013: 1 2 5 ; 8
20131105014: 3 5 6 ; 14
20131105015: 2 4 5 ; 11
20131105016: 3 3 5 ; 11
20131105017: 4 5 5 ; 14
20131105018: 2 2 5 ; 9
20131105019: 1 2 2 ; 5
20131105020: 4 4 6 ; 14
20131105021: 2 5 5 ; 12
20131105022: 3 4 5 ; 12
20131105023: 2 3 3 ; 8
20131105024: 4 5 6 ; 15
20131105025: 4 4 6 ; 14
20131105026: 1 4 6 ; 11
20131105027: 1 5 6 ; 12
20131105028: 1 1 4 ; 6
20131105029: 1 2 5 ; 8
20131105030: 1 3 4 ; 8
20131105031: 2 5 5 ; 12
20131105032: 1 3 5 ; 9
20131105033: 1 4 4 ; 9
20131105034: 2 2 4 ; 8
20131105035: 3 4 5 ; 12
20131105036: 2 3 6 ; 11
20131105037: 1 2 3 ; 6
20131105038: 2 4 5 ; 11
20131105039: 1 4 5 ; 10
20131105040: 1 3 4 ; 8
20131105041: 2 3 4 ; 9
20131105042: 1 3 5 ; 9
20131105043: 1 2 2 ; 5
20131105044: 1 3 6 ; 10
20131105045: 2 3 5 ; 10
20131105046: 1 1 5 ; 7
20131105047: 3 6 6 ; 15
20131105048: 2 5 5 ; 12
20131105049: 4 5 6 ; 15
20131105050: 4 5 6 ; 15
20131105051: 2 4 5 ; 11
20131105052: 5 5 6 ; 16
20131105053: 4 4 5 ; 13
20131105054: 1 3 6 ; 10
20131105055: 1 3 5 ; 9
20131105056: 4 5 5 ; 14
20131105057: 1 2 2 ; 5
20131105058: 3 4 4 ; 11
20131105059: 1 4 4 ; 9
20131105060: 1 2 3 ; 6
20131105061: 2 4 5 ; 11
20131105062: 2 5 6 ; 13
20131105063: 3 5 5 ; 13
20131105064: 2 2 5 ; 9
20131105065: 3 4 5 ; 12
20131105066: 1 3 3 ; 7
20131105067: 1 1 4 ; 6
20131105068: 1 4 4 ; 9
20131105069: 2 5 6 ; 13
20131105070: 3 3 4 ; 10
20131105071: 2 3 6 ; 11
20131105072: 1 1 5 ; 7
20131105073: 1 5 6 ; 12
20131105074: 2 3 6 ; 11
20131105075: 1 1 6 ; 8
20131105076: 1 4 5 ; 10
20131105077: 3 5 5 ; 13
20131105078: 2 5 6 ; 13
