20130608001: 1 3 6 ; 10
20130608002: 3 4 6 ; 13
20130608003: 1 5 6 ; 12
20130608004: 2 2 6 ; 10
20130608005: 2 4 5 ; 11
20130608006: 2 5 5 ; 12
20130608007: 1 3 4 ; 8
20130608008: 2 3 4 ; 9
20130608009: 1 1 2 ; 4
20130608010: 1 1 2 ; 4
20130608011: 1 4 4 ; 9
20130608012: 4 5 6 ; 15
20130608013: 1 3 4 ; 8
20130608014: 1 1 4 ; 6
20130608015: 1 1 6 ; 8
20130608016: 1 2 4 ; 7
20130608017: 2 6 6 ; 14
20130608018: 3 5 6 ; 14
20130608019: 3 4 5 ; 12
20130608020: 1 5 6 ; 12
20130608021: 2 3 5 ; 10
20130608022: 5 5 6 ; 16
20130608023: 1 3 6 ; 10
20130608024: 2 3 5 ; 10
20130608025: 1 4 6 ; 11
20130608026: 1 2 4 ; 7
20130608027: 1 2 5 ; 8
20130608028: 3 5 6 ; 14
20130608029: 1 5 5 ; 11
20130608030: 2 3 3 ; 8
20130608031: 5 5 6 ; 16
20130608032: 1 3 6 ; 10
20130608033: 2 4 6 ; 12
20130608034: 1 1 5 ; 7
20130608035: 1 1 3 ; 5
20130608036: 4 4 5 ; 13
20130608037: 3 4 4 ; 11
20130608038: 1 3 4 ; 8
20130608039: 2 4 4 ; 10
20130608040: 4 5 6 ; 15
20130608041: 4 4 5 ; 13
20130608042: 2 4 6 ; 12
20130608043: 6 6 6 ; 18
20130608044: 1 5 6 ; 12
20130608045: 1 2 3 ; 6
20130608046: 5 5 6 ; 16
20130608047: 1 2 2 ; 5
20130608048: 1 1 3 ; 5
20130608049: 4 4 4 ; 12
20130608050: 1 2 4 ; 7
20130608051: 2 3 6 ; 11
20130608052: 1 1 1 ; 3
20130608053: 4 5 5 ; 14
20130608054: 1 4 6 ; 11
20130608055: 3 3 6 ; 12
20130608056: 1 6 6 ; 13
20130608057: 1 3 6 ; 10
20130608058: 3 3 6 ; 12
20130608059: 2 5 6 ; 13
20130608060: 2 6 6 ; 14
20130608061: 2 3 6 ; 11
20130608062: 1 3 5 ; 9
20130608063: 3 4 5 ; 12
20130608064: 1 2 3 ; 6
20130608065: 1 2 2 ; 5
20130608066: 3 3 3 ; 9
20130608067: 3 6 6 ; 15
20130608068: 2 3 3 ; 8
20130608069: 1 3 6 ; 10
20130608070: 4 5 6 ; 15
20130608071: 1 4 6 ; 11
20130608072: 2 3 6 ; 11
