20131012001: 1 1 3 ; 5
20131012002: 1 2 4 ; 7
20131012003: 2 3 6 ; 11
20131012004: 4 4 5 ; 13
20131012005: 4 4 6 ; 14
20131012006: 2 3 4 ; 9
20131012007: 3 4 5 ; 12
20131012008: 1 2 3 ; 6
20131012009: 1 1 3 ; 5
20131012010: 2 3 5 ; 10
20131012011: 2 3 4 ; 9
20131012012: 1 5 6 ; 12
20131012013: 1 2 4 ; 7
20131012014: 1 2 4 ; 7
20131012015: 1 1 2 ; 4
20131012016: 1 2 4 ; 7
20131012017: 2 4 6 ; 12
20131012018: 5 5 6 ; 16
20131012019: 2 4 5 ; 11
20131012020: 1 2 5 ; 8
20131012021: 1 2 4 ; 7
20131012022: 4 5 6 ; 15
20131012023: 5 6 6 ; 17
20131012024: 1 3 4 ; 8
20131012025: 1 5 6 ; 12
20131012026: 1 1 3 ; 5
20131012027: 1 3 5 ; 9
20131012028: 4 5 6 ; 15
20131012029: 4 5 6 ; 15
20131012030: 2 4 4 ; 10
20131012031: 5 5 6 ; 16
20131012032: 4 4 5 ; 13
20131012033: 2 3 6 ; 11
20131012034: 2 2 4 ; 8
20131012035: 2 3 4 ; 9
20131012036: 3 4 6 ; 13
20131012037: 2 5 6 ; 13
20131012038: 1 2 6 ; 9
20131012039: 1 2 3 ; 6
20131012040: 1 5 5 ; 11
20131012041: 5 5 6 ; 16
20131012042: 2 3 6 ; 11
20131012043: 1 2 3 ; 6
20131012044: 1 1 6 ; 8
20131012045: 3 6 6 ; 15
20131012046: 2 4 6 ; 12
20131012047: 2 6 6 ; 14
20131012048: 1 3 4 ; 8
20131012049: 1 2 2 ; 5
20131012050: 2 3 4 ; 9
20131012051: 2 5 5 ; 12
20131012052: 1 2 4 ; 7
20131012053: 3 5 5 ; 13
20131012054: 2 4 5 ; 11
20131012055: 3 5 6 ; 14
20131012056: 2 3 5 ; 10
20131012057: 4 5 5 ; 14
20131012058: 2 2 4 ; 8
20131012059: 4 5 5 ; 14
20131012060: 2 5 6 ; 13
20131012061: 3 4 6 ; 13
20131012062: 3 4 6 ; 13
20131012063: 1 5 6 ; 12
20131012064: 2 5 6 ; 13
20131012065: 2 5 6 ; 13
20131012066: 2 5 6 ; 13
20131012067: 1 5 5 ; 11
20131012068: 2 3 5 ; 10
20131012069: 2 5 6 ; 13
20131012070: 3 4 5 ; 12
20131012071: 1 2 4 ; 7
20131012072: 1 1 6 ; 8
20131012073: 2 6 6 ; 14
20131012074: 2 6 6 ; 14
20131012075: 2 3 3 ; 8
20131012076: 4 5 6 ; 15
20131012077: 3 5 5 ; 13
20131012078: 1 3 5 ; 9
