20130920001: 2 3 4 ; 9
20130920002: 3 5 6 ; 14
20130920003: 2 4 5 ; 11
20130920004: 3 3 6 ; 12
20130920005: 1 2 5 ; 8
20130920006: 2 5 6 ; 13
20130920007: 2 4 6 ; 12
20130920008: 2 3 3 ; 8
20130920009: 1 4 5 ; 10
20130920010: 1 3 3 ; 7
20130920011: 1 1 2 ; 4
20130920012: 1 3 4 ; 8
20130920013: 1 3 4 ; 8
20130920014: 1 3 6 ; 10
20130920015: 3 4 4 ; 11
20130920016: 1 1 3 ; 5
20130920017: 2 4 4 ; 10
20130920018: 1 1 2 ; 4
20130920019: 2 4 5 ; 11
20130920020: 2 3 4 ; 9
20130920021: 3 6 6 ; 15
20130920022: 2 4 5 ; 11
20130920023: 2 4 6 ; 12
20130920024: 4 4 5 ; 13
20130920025: 2 4 5 ; 11
20130920026: 1 3 3 ; 7
20130920027: 1 1 5 ; 7
20130920028: 1 3 5 ; 9
20130920029: 1 3 6 ; 10
20130920030: 1 4 4 ; 9
20130920031: 5 5 5 ; 15
20130920032: 3 6 6 ; 15
20130920033: 2 3 6 ; 11
20130920034: 2 6 6 ; 14
20130920035: 2 5 6 ; 13
20130920036: 2 4 5 ; 11
20130920037: 3 3 5 ; 11
20130920038: 1 4 6 ; 11
20130920039: 1 3 3 ; 7
20130920040: 1 2 4 ; 7
20130920041: 1 2 3 ; 6
20130920042: 1 3 3 ; 7
20130920043: 2 2 3 ; 7
20130920044: 2 3 5 ; 10
20130920045: 1 1 4 ; 6
20130920046: 4 5 6 ; 15
20130920047: 1 1 5 ; 7
20130920048: 1 6 6 ; 13
20130920049: 4 4 5 ; 13
20130920050: 4 4 5 ; 13
20130920051: 2 4 6 ; 12
20130920052: 2 4 4 ; 10
20130920053: 2 5 6 ; 13
20130920054: 2 4 5 ; 11
20130920055: 1 2 4 ; 7
20130920056: 3 3 6 ; 12
20130920057: 2 4 6 ; 12
20130920058: 2 4 6 ; 12
20130920059: 4 4 5 ; 13
20130920060: 1 2 6 ; 9
20130920061: 2 3 4 ; 9
20130920062: 1 2 4 ; 7
20130920063: 5 6 6 ; 17
20130920064: 2 3 4 ; 9
20130920065: 3 3 4 ; 10
20130920066: 3 6 6 ; 15
20130920067: 2 4 5 ; 11
20130920068: 1 4 5 ; 10
20130920069: 1 1 6 ; 8
20130920070: 1 2 6 ; 9
20130920071: 2 4 6 ; 12
20130920072: 1 3 4 ; 8
20130920073: 5 6 6 ; 17
20130920074: 1 2 3 ; 6
20130920075: 2 3 5 ; 10
20130920076: 1 4 6 ; 11
20130920077: 1 4 6 ; 11
20130920078: 2 5 6 ; 13
