20131019001: 4 6 6 ; 16
20131019002: 1 3 4 ; 8
20131019003: 3 4 4 ; 11
20131019004: 1 2 3 ; 6
20131019005: 1 3 4 ; 8
20131019006: 1 6 6 ; 13
20131019007: 2 5 6 ; 13
20131019008: 1 5 6 ; 12
20131019009: 2 4 5 ; 11
20131019010: 2 5 5 ; 12
20131019011: 2 2 6 ; 10
20131019012: 2 3 4 ; 9
20131019013: 1 6 6 ; 13
20131019014: 1 2 2 ; 5
20131019015: 1 2 6 ; 9
20131019016: 4 4 6 ; 14
20131019017: 2 3 4 ; 9
20131019018: 2 4 6 ; 12
20131019019: 2 3 6 ; 11
20131019020: 2 5 6 ; 13
20131019021: 1 1 5 ; 7
20131019022: 3 6 6 ; 15
20131019023: 1 1 2 ; 4
20131019024: 1 1 4 ; 6
20131019025: 1 4 5 ; 10
20131019026: 4 6 6 ; 16
20131019027: 3 4 5 ; 12
20131019028: 3 5 5 ; 13
20131019029: 1 5 5 ; 11
20131019030: 1 4 6 ; 11
20131019031: 1 1 4 ; 6
20131019032: 1 4 6 ; 11
20131019033: 4 4 6 ; 14
20131019034: 1 4 6 ; 11
20131019035: 4 4 5 ; 13
20131019036: 2 5 5 ; 12
20131019037: 4 5 6 ; 15
20131019038: 3 3 4 ; 10
20131019039: 2 3 6 ; 11
20131019040: 3 5 6 ; 14
20131019041: 2 6 6 ; 14
20131019042: 1 5 6 ; 12
20131019043: 2 3 4 ; 9
20131019044: 2 3 5 ; 10
20131019045: 3 4 5 ; 12
20131019046: 1 4 6 ; 11
20131019047: 4 4 5 ; 13
20131019048: 1 2 2 ; 5
20131019049: 2 4 4 ; 10
20131019050: 1 4 5 ; 10
20131019051: 1 5 5 ; 11
20131019052: 1 2 6 ; 9
20131019053: 1 4 5 ; 10
20131019054: 1 2 5 ; 8
20131019055: 2 4 5 ; 11
20131019056: 3 4 6 ; 13
20131019057: 4 5 6 ; 15
20131019058: 1 2 3 ; 6
20131019059: 3 5 6 ; 14
20131019060: 3 3 4 ; 10
20131019061: 2 4 4 ; 10
20131019062: 3 5 6 ; 14
20131019063: 2 4 6 ; 12
20131019064: 1 4 4 ; 9
20131019065: 1 3 5 ; 9
20131019066: 2 2 6 ; 10
20131019067: 1 2 5 ; 8
20131019068: 3 3 6 ; 12
20131019069: 1 1 1 ; 3
20131019070: 5 5 6 ; 16
20131019071: 1 3 6 ; 10
20131019072: 4 5 6 ; 15
20131019073: 2 3 6 ; 11
20131019074: 1 4 4 ; 9
20131019075: 4 5 6 ; 15
20131019076: 3 3 5 ; 11
20131019077: 1 2 3 ; 6
20131019078: 4 5 5 ; 14
