20131230001: 3 4 6 ; 13
20131230002: 1 5 6 ; 12
20131230003: 2 3 3 ; 8
20131230004: 4 4 5 ; 13
20131230005: 3 3 4 ; 10
20131230006: 3 3 4 ; 10
20131230007: 1 2 6 ; 9
20131230008: 1 2 3 ; 6
20131230009: 2 5 6 ; 13
20131230010: 2 3 5 ; 10
20131230011: 1 2 5 ; 8
20131230012: 1 2 6 ; 9
20131230013: 2 5 6 ; 13
20131230014: 1 4 5 ; 10
20131230015: 2 2 3 ; 7
20131230016: 1 2 6 ; 9
20131230017: 1 3 5 ; 9
20131230018: 1 3 6 ; 10
20131230019: 3 3 4 ; 10
20131230020: 1 4 4 ; 9
20131230021: 3 4 4 ; 11
20131230022: 4 6 6 ; 16
20131230023: 5 5 5 ; 15
20131230024: 5 6 6 ; 17
20131230025: 2 3 4 ; 9
20131230026: 4 5 6 ; 15
20131230027: 5 6 6 ; 17
20131230028: 2 4 6 ; 12
20131230029: 1 2 4 ; 7
20131230030: 1 5 6 ; 12
20131230031: 1 5 5 ; 11
20131230032: 3 5 5 ; 13
20131230033: 1 4 4 ; 9
20131230034: 2 4 6 ; 12
20131230035: 2 3 3 ; 8
20131230036: 2 4 5 ; 11
20131230037: 3 6 6 ; 15
20131230038: 5 6 6 ; 17
20131230039: 2 4 5 ; 11
20131230040: 1 1 4 ; 6
20131230041: 2 3 4 ; 9
20131230042: 1 1 2 ; 4
20131230043: 1 1 3 ; 5
20131230044: 3 4 4 ; 11
20131230045: 1 4 6 ; 11
20131230046: 2 4 4 ; 10
20131230047: 2 5 5 ; 12
20131230048: 1 3 5 ; 9
20131230049: 1 2 4 ; 7
20131230050: 1 2 6 ; 9
20131230051: 2 2 4 ; 8
20131230052: 1 2 6 ; 9
20131230053: 4 5 6 ; 15
20131230054: 4 5 6 ; 15
20131230055: 1 2 5 ; 8
20131230056: 3 5 6 ; 14
20131230057: 3 4 4 ; 11
20131230058: 1 5 6 ; 12
20131230059: 1 3 4 ; 8
20131230060: 1 2 3 ; 6
20131230061: 3 5 5 ; 13
20131230062: 1 2 3 ; 6
20131230063: 2 3 6 ; 11
20131230064: 1 1 4 ; 6
20131230065: 4 4 6 ; 14
20131230066: 1 3 6 ; 10
20131230067: 1 2 4 ; 7
20131230068: 4 5 5 ; 14
20131230069: 1 5 5 ; 11
20131230070: 1 1 3 ; 5
20131230071: 4 5 5 ; 14
20131230072: 4 5 6 ; 15
20131230073: 2 3 4 ; 9
20131230074: 1 6 6 ; 13
20131230075: 3 6 6 ; 15
20131230076: 3 3 6 ; 12
20131230077: 1 5 6 ; 12
20131230078: 3 4 6 ; 13
