20130701001: 3 3 4 ; 10
20130701002: 3 4 5 ; 12
20130701003: 1 2 3 ; 6
20130701004: 3 3 6 ; 12
20130701005: 2 3 4 ; 9
20130701006: 1 5 6 ; 12
20130701007: 4 5 5 ; 14
20130701008: 3 4 6 ; 13
20130701009: 1 5 6 ; 12
20130701010: 1 3 5 ; 9
20130701011: 3 4 5 ; 12
20130701012: 1 2 5 ; 8
20130701013: 1 2 5 ; 8
20130701014: 2 4 5 ; 11
20130701015: 2 3 6 ; 11
20130701016: 1 3 5 ; 9
20130701017: 4 5 5 ; 14
20130701018: 2 3 4 ; 9
20130701019: 5 5 6 ; 16
20130701020: 2 6 6 ; 14
20130701021: 3 6 6 ; 15
20130701022: 1 2 6 ; 9
20130701023: 3 5 6 ; 14
20130701024: 1 3 3 ; 7
20130701025: 2 3 5 ; 10
20130701026: 6 6 6 ; 18
20130701027: 2 3 4 ; 9
20130701028: 3 5 5 ; 13
20130701029: 3 6 6 ; 15
20130701030: 2 2 3 ; 7
20130701031: 3 5 5 ; 13
20130701032: 1 5 6 ; 12
20130701033: 1 3 5 ; 9
20130701034: 2 2 3 ; 7
20130701035: 1 4 5 ; 10
20130701036: 3 4 6 ; 13
20130701037: 1 3 6 ; 10
20130701038: 2 5 6 ; 13
20130701039: 2 4 5 ; 11
20130701040: 1 3 3 ; 7
20130701041: 2 5 5 ; 12
20130701042: 1 2 6 ; 9
20130701043: 3 5 6 ; 14
20130701044: 4 6 6 ; 16
20130701045: 2 3 6 ; 11
20130701046: 3 4 5 ; 12
20130701047: 1 2 6 ; 9
20130701048: 2 5 6 ; 13
20130701049: 1 4 5 ; 10
20130701050: 4 5 6 ; 15
20130701051: 1 3 6 ; 10
20130701052: 2 2 3 ; 7
20130701053: 1 3 5 ; 9
20130701054: 1 2 4 ; 7
20130701055: 1 2 6 ; 9
20130701056: 4 5 5 ; 14
20130701057: 1 4 5 ; 10
20130701058: 1 6 6 ; 13
20130701059: 3 4 6 ; 13
20130701060: 2 3 4 ; 9
20130701061: 2 2 4 ; 8
20130701062: 3 4 5 ; 12
20130701063: 2 2 3 ; 7
20130701064: 1 3 6 ; 10
20130701065: 4 4 6 ; 14
20130701066: 3 4 5 ; 12
20130701067: 3 5 6 ; 14
20130701068: 2 3 3 ; 8
20130701069: 2 5 6 ; 13
20130701070: 2 2 5 ; 9
20130701071: 1 1 3 ; 5
20130701072: 1 1 2 ; 4
20130701073: 3 4 4 ; 11
20130701074: 3 4 6 ; 13
20130701075: 1 5 6 ; 12
20130701076: 3 4 4 ; 11
20130701077: 1 4 5 ; 10
20130701078: 2 3 4 ; 9
