20131126001: 3 3 4 ; 10
20131126002: 3 4 4 ; 11
20131126003: 2 3 5 ; 10
20131126004: 5 6 6 ; 17
20131126005: 3 6 6 ; 15
20131126006: 3 5 6 ; 14
20131126007: 1 3 3 ; 7
20131126008: 2 6 6 ; 14
20131126009: 1 2 3 ; 6
20131126010: 1 2 3 ; 6
20131126011: 1 2 6 ; 9
20131126012: 1 3 6 ; 10
20131126013: 2 3 4 ; 9
20131126014: 1 4 6 ; 11
20131126015: 1 2 5 ; 8
20131126016: 2 6 6 ; 14
20131126017: 1 2 6 ; 9
20131126018: 2 2 3 ; 7
20131126019: 2 5 6 ; 13
20131126020: 1 5 6 ; 12
20131126021: 1 2 6 ; 9
20131126022: 3 3 5 ; 11
20131126023: 1 1 2 ; 4
20131126024: 1 2 2 ; 5
20131126025: 1 4 6 ; 11
20131126026: 2 2 3 ; 7
20131126027: 2 3 5 ; 10
20131126028: 1 3 5 ; 9
20131126029: 1 4 4 ; 9
20131126030: 2 3 6 ; 11
20131126031: 1 3 3 ; 7
20131126032: 2 3 5 ; 10
20131126033: 1 6 6 ; 13
20131126034: 4 5 6 ; 15
20131126035: 3 6 6 ; 15
20131126036: 1 2 2 ; 5
20131126037: 2 3 6 ; 11
20131126038: 3 4 6 ; 13
20131126039: 1 2 6 ; 9
20131126040: 3 4 6 ; 13
20131126041: 1 1 1 ; 3
20131126042: 1 3 4 ; 8
20131126043: 2 6 6 ; 14
20131126044: 1 3 5 ; 9
20131126045: 4 4 5 ; 13
20131126046: 2 2 2 ; 6
20131126047: 2 3 4 ; 9
20131126048: 4 4 4 ; 12
20131126049: 2 3 6 ; 11
20131126050: 1 3 4 ; 8
20131126051: 1 3 5 ; 9
20131126052: 1 2 3 ; 6
20131126053: 1 1 1 ; 3
20131126054: 2 2 5 ; 9
20131126055: 2 4 6 ; 12
20131126056: 1 2 6 ; 9
20131126057: 2 2 3 ; 7
20131126058: 3 3 5 ; 11
20131126059: 3 5 5 ; 13
20131126060: 2 3 3 ; 8
20131126061: 1 2 3 ; 6
20131126062: 3 3 5 ; 11
20131126063: 1 2 3 ; 6
20131126064: 1 1 6 ; 8
20131126065: 1 2 4 ; 7
20131126066: 3 4 6 ; 13
20131126067: 1 2 3 ; 6
20131126068: 3 5 6 ; 14
20131126069: 2 4 5 ; 11
20131126070: 3 4 5 ; 12
20131126071: 1 3 4 ; 8
20131126072: 2 5 6 ; 13
20131126073: 1 2 3 ; 6
20131126074: 1 1 4 ; 6
20131126075: 1 2 4 ; 7
20131126076: 2 4 5 ; 11
20131126077: 2 5 5 ; 12
20131126078: 1 5 6 ; 12
