20130807001: 1 3 3 ; 7
20130807002: 4 5 6 ; 15
20130807003: 3 4 6 ; 13
20130807004: 2 2 5 ; 9
20130807005: 1 2 4 ; 7
20130807006: 2 3 6 ; 11
20130807007: 2 5 6 ; 13
20130807008: 1 3 6 ; 10
20130807009: 1 1 6 ; 8
20130807010: 4 5 5 ; 14
20130807011: 2 3 5 ; 10
20130807012: 1 5 5 ; 11
20130807013: 3 4 4 ; 11
20130807014: 1 1 6 ; 8
20130807015: 2 3 6 ; 11
20130807016: 6 6 6 ; 18
20130807017: 2 2 5 ; 9
20130807018: 1 3 6 ; 10
20130807019: 4 5 6 ; 15
20130807020: 1 4 6 ; 11
20130807021: 2 2 6 ; 10
20130807022: 3 4 6 ; 13
20130807023: 4 4 5 ; 13
20130807024: 1 3 5 ; 9
20130807025: 1 4 6 ; 11
20130807026: 3 3 4 ; 10
20130807027: 3 4 4 ; 11
20130807028: 6 6 6 ; 18
20130807029: 2 3 6 ; 11
20130807030: 2 3 3 ; 8
20130807031: 2 4 4 ; 10
20130807032: 2 3 6 ; 11
20130807033: 1 4 5 ; 10
20130807034: 2 3 4 ; 9
20130807035: 2 4 5 ; 11
20130807036: 1 4 4 ; 9
20130807037: 1 2 6 ; 9
20130807038: 3 6 6 ; 15
20130807039: 2 2 2 ; 6
20130807040: 3 3 6 ; 12
20130807041: 2 4 5 ; 11
20130807042: 3 3 5 ; 11
20130807043: 1 1 4 ; 6
20130807044: 2 2 4 ; 8
20130807045: 2 3 5 ; 10
20130807046: 1 3 5 ; 9
20130807047: 2 4 6 ; 12
20130807048: 4 5 5 ; 14
20130807049: 1 3 3 ; 7
20130807050: 1 2 4 ; 7
20130807051: 1 2 6 ; 9
20130807052: 1 2 3 ; 6
20130807053: 2 3 6 ; 11
20130807054: 1 4 5 ; 10
20130807055: 2 3 3 ; 8
20130807056: 1 3 4 ; 8
20130807057: 2 5 6 ; 13
20130807058: 1 3 4 ; 8
20130807059: 2 2 6 ; 10
20130807060: 4 4 4 ; 12
20130807061: 2 4 5 ; 11
20130807062: 2 5 6 ; 13
20130807063: 2 4 5 ; 11
20130807064: 3 4 4 ; 11
20130807065: 1 4 4 ; 9
20130807066: 2 2 2 ; 6
20130807067: 4 4 5 ; 13
20130807068: 2 3 5 ; 10
20130807069: 1 3 6 ; 10
20130807070: 2 3 6 ; 11
20130807071: 2 3 6 ; 11
20130807072: 1 2 6 ; 9
20130807073: 3 4 5 ; 12
20130807074: 1 2 6 ; 9
20130807075: 3 5 5 ; 13
20130807076: 2 6 6 ; 14
20130807077: 1 5 5 ; 11
20130807078: 1 4 5 ; 10
