20130722001: 1 5 6 ; 12
20130722002: 5 5 5 ; 15
20130722003: 4 6 6 ; 16
20130722004: 2 2 6 ; 10
20130722005: 1 1 4 ; 6
20130722006: 3 3 5 ; 11
20130722007: 1 4 5 ; 10
20130722008: 1 3 4 ; 8
20130722009: 3 5 5 ; 13
20130722010: 1 4 5 ; 10
20130722011: 1 3 4 ; 8
20130722012: 1 5 6 ; 12
20130722013: 2 4 5 ; 11
20130722014: 4 5 6 ; 15
20130722015: 1 1 5 ; 7
20130722016: 3 3 5 ; 11
20130722017: 2 5 5 ; 12
20130722018: 2 4 6 ; 12
20130722019: 2 6 6 ; 14
20130722020: 1 2 3 ; 6
20130722021: 2 3 5 ; 10
20130722022: 1 4 6 ; 11
20130722023: 1 2 2 ; 5
20130722024: 1 5 5 ; 11
20130722025: 1 3 5 ; 9
20130722026: 1 2 6 ; 9
20130722027: 3 4 5 ; 12
20130722028: 1 3 6 ; 10
20130722029: 2 5 6 ; 13
20130722030: 2 2 3 ; 7
20130722031: 3 5 6 ; 14
20130722032: 1 2 6 ; 9
20130722033: 1 2 4 ; 7
20130722034: 3 4 5 ; 12
20130722035: 2 2 3 ; 7
20130722036: 1 5 6 ; 12
20130722037: 1 5 6 ; 12
20130722038: 1 3 4 ; 8
20130722039: 2 5 5 ; 12
20130722040: 3 3 4 ; 10
20130722041: 3 5 5 ; 13
20130722042: 1 4 4 ; 9
20130722043: 1 1 2 ; 4
20130722044: 1 2 3 ; 6
20130722045: 3 5 6 ; 14
20130722046: 1 2 2 ; 5
20130722047: 1 1 6 ; 8
20130722048: 5 5 6 ; 16
20130722049: 1 1 2 ; 4
20130722050: 1 3 6 ; 10
20130722051: 2 4 6 ; 12
20130722052: 1 2 5 ; 8
20130722053: 1 3 4 ; 8
20130722054: 2 2 5 ; 9
20130722055: 1 2 5 ; 8
20130722056: 4 5 6 ; 15
20130722057: 3 4 5 ; 12
20130722058: 2 2 4 ; 8
20130722059: 3 4 5 ; 12
20130722060: 4 4 4 ; 12
20130722061: 3 5 6 ; 14
20130722062: 1 4 5 ; 10
20130722063: 2 4 6 ; 12
20130722064: 2 3 6 ; 11
20130722065: 1 3 3 ; 7
20130722066: 3 4 5 ; 12
20130722067: 1 2 3 ; 6
20130722068: 1 2 3 ; 6
20130722069: 4 6 6 ; 16
20130722070: 2 3 4 ; 9
20130722071: 1 3 6 ; 10
20130722072: 1 2 6 ; 9
20130722073: 2 3 3 ; 8
20130722074: 2 4 5 ; 11
20130722075: 1 1 6 ; 8
20130722076: 2 2 4 ; 8
20130722077: 1 2 5 ; 8
20130722078: 1 1 5 ; 7
