20131103001: 2 3 5 ; 10
20131103002: 2 3 4 ; 9
20131103003: 1 3 5 ; 9
20131103004: 2 5 6 ; 13
20131103005: 4 4 4 ; 12
20131103006: 2 3 3 ; 8
20131103007: 1 3 5 ; 9
20131103008: 1 4 5 ; 10
20131103009: 6 6 6 ; 18
20131103010: 1 1 3 ; 5
20131103011: 2 4 6 ; 12
20131103012: 4 6 6 ; 16
20131103013: 4 4 5 ; 13
20131103014: 1 4 6 ; 11
20131103015: 2 3 6 ; 11
20131103016: 1 6 6 ; 13
20131103017: 2 3 3 ; 8
20131103018: 1 1 5 ; 7
20131103019: 3 5 5 ; 13
20131103020: 2 2 6 ; 10
20131103021: 3 4 6 ; 13
20131103022: 1 3 3 ; 7
20131103023: 5 6 6 ; 17
20131103024: 1 3 3 ; 7
20131103025: 1 2 3 ; 6
20131103026: 1 3 4 ; 8
20131103027: 2 3 6 ; 11
20131103028: 1 3 3 ; 7
20131103029: 2 4 6 ; 12
20131103030: 3 5 5 ; 13
20131103031: 1 6 6 ; 13
20131103032: 3 4 5 ; 12
20131103033: 3 5 6 ; 14
20131103034: 1 5 6 ; 12
20131103035: 2 2 3 ; 7
20131103036: 1 3 4 ; 8
20131103037: 3 4 5 ; 12
20131103038: 2 3 4 ; 9
20131103039: 1 4 6 ; 11
20131103040: 1 2 2 ; 5
20131103041: 2 2 5 ; 9
20131103042: 5 5 5 ; 15
20131103043: 3 5 5 ; 13
20131103044: 1 3 5 ; 9
20131103045: 2 3 6 ; 11
20131103046: 1 2 6 ; 9
20131103047: 1 1 6 ; 8
20131103048: 1 5 6 ; 12
20131103049: 2 2 6 ; 10
20131103050: 3 6 6 ; 15
20131103051: 2 4 6 ; 12
20131103052: 1 2 6 ; 9
20131103053: 1 2 2 ; 5
20131103054: 5 5 6 ; 16
20131103055: 2 3 4 ; 9
20131103056: 5 5 6 ; 16
20131103057: 1 2 5 ; 8
20131103058: 1 1 4 ; 6
20131103059: 3 5 6 ; 14
20131103060: 2 6 6 ; 14
20131103061: 3 6 6 ; 15
20131103062: 1 1 6 ; 8
20131103063: 3 5 5 ; 13
20131103064: 1 1 2 ; 4
20131103065: 1 4 5 ; 10
20131103066: 3 4 5 ; 12
20131103067: 1 2 6 ; 9
20131103068: 1 2 5 ; 8
20131103069: 1 1 3 ; 5
20131103070: 1 5 5 ; 11
20131103071: 1 3 3 ; 7
20131103072: 1 5 6 ; 12
20131103073: 2 4 6 ; 12
20131103074: 2 2 4 ; 8
20131103075: 1 1 3 ; 5
20131103076: 1 2 3 ; 6
20131103077: 3 6 6 ; 15
20131103078: 1 3 3 ; 7
