20131208001: 1 3 4 ; 8
20131208002: 3 4 4 ; 11
20131208003: 4 5 6 ; 15
20131208004: 1 1 1 ; 3
20131208005: 3 5 6 ; 14
20131208006: 4 4 4 ; 12
20131208007: 1 2 4 ; 7
20131208008: 1 4 6 ; 11
20131208009: 4 5 6 ; 15
20131208010: 3 4 5 ; 12
20131208011: 1 2 5 ; 8
20131208012: 2 3 3 ; 8
20131208013: 1 4 5 ; 10
20131208014: 1 4 5 ; 10
20131208015: 2 4 5 ; 11
20131208016: 1 4 6 ; 11
20131208017: 1 2 6 ; 9
20131208018: 2 2 3 ; 7
20131208019: 3 3 4 ; 10
20131208020: 3 3 4 ; 10
20131208021: 2 2 6 ; 10
20131208022: 1 5 6 ; 12
20131208023: 4 5 6 ; 15
20131208024: 1 2 4 ; 7
20131208025: 1 2 2 ; 5
20131208026: 2 4 5 ; 11
20131208027: 1 6 6 ; 13
20131208028: 1 5 6 ; 12
20131208029: 2 3 4 ; 9
20131208030: 3 4 6 ; 13
20131208031: 1 3 5 ; 9
20131208032: 1 3 4 ; 8
20131208033: 1 4 6 ; 11
20131208034: 1 2 2 ; 5
20131208035: 4 5 5 ; 14
20131208036: 2 2 3 ; 7
20131208037: 1 3 4 ; 8
20131208038: 2 3 4 ; 9
20131208039: 5 5 6 ; 16
20131208040: 5 5 6 ; 16
20131208041: 1 4 5 ; 10
20131208042: 5 5 6 ; 16
20131208043: 1 3 5 ; 9
20131208044: 3 3 6 ; 12
20131208045: 2 5 6 ; 13
20131208046: 1 4 4 ; 9
20131208047: 1 1 1 ; 3
20131208048: 2 2 6 ; 10
20131208049: 1 3 4 ; 8
20131208050: 3 3 4 ; 10
20131208051: 4 4 6 ; 14
20131208052: 2 3 4 ; 9
20131208053: 4 5 6 ; 15
20131208054: 1 1 5 ; 7
20131208055: 1 2 4 ; 7
20131208056: 3 4 5 ; 12
20131208057: 3 3 4 ; 10
20131208058: 1 2 4 ; 7
20131208059: 1 3 6 ; 10
20131208060: 2 3 6 ; 11
20131208061: 2 3 4 ; 9
20131208062: 1 5 6 ; 12
20131208063: 2 5 6 ; 13
20131208064: 1 4 4 ; 9
20131208065: 2 5 5 ; 12
20131208066: 2 5 5 ; 12
20131208067: 1 1 2 ; 4
20131208068: 2 2 5 ; 9
20131208069: 1 4 4 ; 9
20131208070: 4 4 5 ; 13
20131208071: 1 4 5 ; 10
20131208072: 4 4 5 ; 13
20131208073: 2 3 5 ; 10
20131208074: 3 6 6 ; 15
20131208075: 4 4 6 ; 14
20131208076: 3 4 6 ; 13
20131208077: 2 5 5 ; 12
20131208078: 1 1 2 ; 4
