20130801001: 4 5 6 ; 15
20130801002: 3 3 5 ; 11
20130801003: 1 2 2 ; 5
20130801004: 2 2 6 ; 10
20130801005: 1 4 5 ; 10
20130801006: 1 2 5 ; 8
20130801007: 2 3 6 ; 11
20130801008: 1 4 6 ; 11
20130801009: 4 4 6 ; 14
20130801010: 1 3 5 ; 9
20130801011: 1 1 5 ; 7
20130801012: 2 4 4 ; 10
20130801013: 1 1 3 ; 5
20130801014: 5 6 6 ; 17
20130801015: 1 2 2 ; 5
20130801016: 1 1 4 ; 6
20130801017: 4 5 6 ; 15
20130801018: 1 1 4 ; 6
20130801019: 2 3 5 ; 10
20130801020: 1 3 5 ; 9
20130801021: 4 5 6 ; 15
20130801022: 2 2 5 ; 9
20130801023: 2 5 5 ; 12
20130801024: 1 2 5 ; 8
20130801025: 1 4 4 ; 9
20130801026: 1 1 3 ; 5
20130801027: 2 5 6 ; 13
20130801028: 3 6 6 ; 15
20130801029: 2 3 5 ; 10
20130801030: 1 1 6 ; 8
20130801031: 3 5 6 ; 14
20130801032: 2 3 6 ; 11
20130801033: 1 2 6 ; 9
20130801034: 3 3 6 ; 12
20130801035: 5 6 6 ; 17
20130801036: 3 4 6 ; 13
20130801037: 1 2 4 ; 7
20130801038: 2 3 4 ; 9
20130801039: 3 6 6 ; 15
20130801040: 1 2 6 ; 9
20130801041: 1 2 6 ; 9
20130801042: 1 2 2 ; 5
20130801043: 1 1 5 ; 7
20130801044: 3 5 6 ; 14
20130801045: 2 5 5 ; 12
20130801046: 2 3 3 ; 8
20130801047: 5 6 6 ; 17
20130801048: 4 5 5 ; 14
20130801049: 5 5 5 ; 15
20130801050: 4 5 6 ; 15
20130801051: 1 1 6 ; 8
20130801052: 2 3 5 ; 10
20130801053: 1 4 6 ; 11
20130801054: 3 4 5 ; 12
20130801055: 1 4 5 ; 10
20130801056: 1 3 6 ; 10
20130801057: 1 4 5 ; 10
20130801058: 1 3 4 ; 8
20130801059: 2 3 6 ; 11
20130801060: 1 4 5 ; 10
20130801061: 3 5 6 ; 14
20130801062: 4 4 5 ; 13
20130801063: 2 6 6 ; 14
20130801064: 4 4 5 ; 13
20130801065: 1 1 6 ; 8
20130801066: 2 3 4 ; 9
20130801067: 1 5 6 ; 12
20130801068: 2 3 5 ; 10
20130801069: 2 5 5 ; 12
20130801070: 1 3 6 ; 10
20130801071: 1 1 2 ; 4
20130801072: 3 3 6 ; 12
20130801073: 3 4 5 ; 12
20130801074: 2 5 6 ; 13
20130801075: 2 3 4 ; 9
20130801076: 1 4 4 ; 9
20130801077: 1 3 6 ; 10
20130801078: 1 2 4 ; 7
