20131215001: 2 6 6 ; 14
20131215002: 2 2 5 ; 9
20131215003: 1 5 5 ; 11
20131215004: 1 2 4 ; 7
20131215005: 2 3 4 ; 9
20131215006: 1 3 3 ; 7
20131215007: 1 4 6 ; 11
20131215008: 3 5 6 ; 14
20131215009: 1 2 3 ; 6
20131215010: 2 4 5 ; 11
20131215011: 1 2 5 ; 8
20131215012: 2 4 5 ; 11
20131215013: 3 4 5 ; 12
20131215014: 1 4 6 ; 11
20131215015: 1 4 5 ; 10
20131215016: 1 3 4 ; 8
20131215017: 1 3 3 ; 7
20131215018: 3 5 5 ; 13
20131215019: 3 3 4 ; 10
20131215020: 1 5 6 ; 12
20131215021: 2 3 6 ; 11
20131215022: 1 1 6 ; 8
20131215023: 6 6 6 ; 18
20131215024: 1 4 5 ; 10
20131215025: 4 4 5 ; 13
20131215026: 3 5 6 ; 14
20131215027: 2 4 6 ; 12
20131215028: 2 3 4 ; 9
20131215029: 1 2 6 ; 9
20131215030: 4 5 5 ; 14
20131215031: 2 4 5 ; 11
20131215032: 1 3 4 ; 8
20131215033: 3 5 6 ; 14
20131215034: 3 5 6 ; 14
20131215035: 3 6 6 ; 15
20131215036: 2 4 5 ; 11
20131215037: 1 1 6 ; 8
20131215038: 2 3 6 ; 11
20131215039: 1 4 5 ; 10
20131215040: 2 3 6 ; 11
20131215041: 3 3 5 ; 11
20131215042: 1 4 6 ; 11
20131215043: 1 2 4 ; 7
20131215044: 2 3 4 ; 9
20131215045: 1 5 5 ; 11
20131215046: 2 4 6 ; 12
20131215047: 1 1 2 ; 4
20131215048: 2 4 6 ; 12
20131215049: 1 2 5 ; 8
20131215050: 2 3 6 ; 11
20131215051: 1 2 6 ; 9
20131215052: 3 4 5 ; 12
20131215053: 2 2 6 ; 10
20131215054: 2 6 6 ; 14
20131215055: 2 2 4 ; 8
20131215056: 1 4 6 ; 11
20131215057: 2 5 6 ; 13
20131215058: 1 4 5 ; 10
20131215059: 2 3 3 ; 8
20131215060: 1 3 4 ; 8
20131215061: 1 2 5 ; 8
20131215062: 2 2 5 ; 9
20131215063: 3 4 6 ; 13
20131215064: 3 5 6 ; 14
20131215065: 3 4 5 ; 12
20131215066: 3 5 6 ; 14
20131215067: 2 4 5 ; 11
20131215068: 1 3 6 ; 10
20131215069: 4 4 4 ; 12
20131215070: 2 3 5 ; 10
20131215071: 1 2 3 ; 6
20131215072: 3 3 4 ; 10
20131215073: 4 5 5 ; 14
20131215074: 4 4 5 ; 13
20131215075: 2 3 3 ; 8
20131215076: 3 4 6 ; 13
20131215077: 3 5 5 ; 13
20131215078: 2 2 4 ; 8
