20130804001: 3 4 5 ; 12
20130804002: 1 3 6 ; 10
20130804003: 2 2 5 ; 9
20130804004: 1 1 3 ; 5
20130804005: 1 4 6 ; 11
20130804006: 1 1 3 ; 5
20130804007: 5 6 6 ; 17
20130804008: 1 3 5 ; 9
20130804009: 3 4 6 ; 13
20130804010: 2 4 6 ; 12
20130804011: 1 2 4 ; 7
20130804012: 2 4 6 ; 12
20130804013: 4 4 5 ; 13
20130804014: 1 4 4 ; 9
20130804015: 5 6 6 ; 17
20130804016: 3 5 6 ; 14
20130804017: 1 2 5 ; 8
20130804018: 4 5 6 ; 15
20130804019: 1 3 3 ; 7
20130804020: 1 1 2 ; 4
20130804021: 3 3 6 ; 12
20130804022: 1 2 4 ; 7
20130804023: 5 5 6 ; 16
20130804024: 1 1 5 ; 7
20130804025: 3 4 5 ; 12
20130804026: 1 2 4 ; 7
20130804027: 4 6 6 ; 16
20130804028: 1 4 4 ; 9
20130804029: 2 4 5 ; 11
20130804030: 1 4 5 ; 10
20130804031: 1 3 4 ; 8
20130804032: 1 1 2 ; 4
20130804033: 3 6 6 ; 15
20130804034: 3 3 4 ; 10
20130804035: 4 5 6 ; 15
20130804036: 1 3 3 ; 7
20130804037: 1 6 6 ; 13
20130804038: 1 5 6 ; 12
20130804039: 2 4 6 ; 12
20130804040: 1 2 4 ; 7
20130804041: 3 6 6 ; 15
20130804042: 3 4 5 ; 12
20130804043: 1 4 5 ; 10
20130804044: 2 2 3 ; 7
20130804045: 2 2 4 ; 8
20130804046: 1 1 4 ; 6
20130804047: 1 2 3 ; 6
20130804048: 3 4 5 ; 12
20130804049: 2 2 4 ; 8
20130804050: 1 5 5 ; 11
20130804051: 1 2 6 ; 9
20130804052: 1 2 5 ; 8
20130804053: 2 6 6 ; 14
20130804054: 2 2 6 ; 10
20130804055: 5 5 6 ; 16
20130804056: 2 4 4 ; 10
20130804057: 3 5 5 ; 13
20130804058: 3 5 6 ; 14
20130804059: 2 3 4 ; 9
20130804060: 5 6 6 ; 17
20130804061: 1 2 3 ; 6
20130804062: 3 4 5 ; 12
20130804063: 1 4 4 ; 9
20130804064: 1 2 3 ; 6
20130804065: 2 3 5 ; 10
20130804066: 2 4 5 ; 11
20130804067: 1 5 6 ; 12
20130804068: 2 6 6 ; 14
20130804069: 4 6 6 ; 16
20130804070: 2 2 5 ; 9
20130804071: 1 1 3 ; 5
20130804072: 2 2 6 ; 10
20130804073: 2 2 5 ; 9
20130804074: 1 1 5 ; 7
20130804075: 1 1 2 ; 4
20130804076: 1 3 5 ; 9
20130804077: 2 3 5 ; 10
20130804078: 3 4 5 ; 12
