20130619001: 1 4 5 ; 10
20130619002: 1 2 5 ; 8
20130619003: 2 3 4 ; 9
20130619004: 3 5 6 ; 14
20130619005: 2 3 4 ; 9
20130619006: 2 3 6 ; 11
20130619007: 4 4 5 ; 13
20130619008: 6 6 6 ; 18
20130619009: 2 4 4 ; 10
20130619010: 5 6 6 ; 17
20130619011: 2 3 4 ; 9
20130619012: 2 2 6 ; 10
20130619013: 2 4 5 ; 11
20130619014: 4 4 5 ; 13
20130619015: 4 4 6 ; 14
20130619016: 1 1 4 ; 6
20130619017: 3 3 5 ; 11
20130619018: 3 3 5 ; 11
20130619019: 1 4 6 ; 11
20130619020: 1 2 6 ; 9
20130619021: 2 4 4 ; 10
20130619022: 1 2 4 ; 7
20130619023: 4 6 6 ; 16
20130619024: 4 5 5 ; 14
20130619025: 2 4 4 ; 10
20130619026: 1 3 6 ; 10
20130619027: 1 2 4 ; 7
20130619028: 2 3 4 ; 9
20130619029: 1 4 6 ; 11
20130619030: 1 3 5 ; 9
20130619031: 2 5 6 ; 13
20130619032: 2 3 3 ; 8
20130619033: 1 1 2 ; 4
20130619034: 2 2 3 ; 7
20130619035: 3 4 5 ; 12
20130619036: 1 3 5 ; 9
20130619037: 2 3 5 ; 10
20130619038: 3 4 4 ; 11
20130619039: 4 5 5 ; 14
20130619040: 2 2 3 ; 7
20130619041: 3 4 6 ; 13
20130619042: 1 2 5 ; 8
20130619043: 1 1 2 ; 4
20130619044: 3 4 5 ; 12
20130619045: 1 2 2 ; 5
20130619046: 2 3 5 ; 10
20130619047: 2 3 5 ; 10
20130619048: 3 4 4 ; 11
20130619049: 4 5 5 ; 14
20130619050: 1 4 6 ; 11
20130619051: 1 1 1 ; 3
20130619052: 3 3 5 ; 11
20130619053: 2 5 5 ; 12
20130619054: 3 3 4 ; 10
20130619055: 2 5 6 ; 13
20130619056: 1 2 6 ; 9
20130619057: 4 5 5 ; 14
20130619058: 1 4 6 ; 11
20130619059: 2 4 6 ; 12
20130619060: 2 5 5 ; 12
20130619061: 1 2 2 ; 5
20130619062: 3 4 5 ; 12
20130619063: 1 5 6 ; 12
20130619064: 3 4 6 ; 13
20130619065: 2 6 6 ; 14
20130619066: 2 2 4 ; 8
20130619067: 1 4 6 ; 11
20130619068: 2 3 3 ; 8
20130619069: 1 4 4 ; 9
20130619070: 4 5 5 ; 14
20130619071: 1 1 5 ; 7
20130619072: 1 2 3 ; 6
