20130629001: 1 2 2 ; 5
20130629002: 3 3 4 ; 10
20130629003: 2 3 4 ; 9
20130629004: 4 5 6 ; 15
20130629005: 1 3 5 ; 9
20130629006: 1 4 5 ; 10
20130629007: 1 2 3 ; 6
20130629008: 2 3 5 ; 10
20130629009: 1 4 5 ; 10
20130629010: 1 3 3 ; 7
20130629011: 2 2 4 ; 8
20130629012: 1 3 6 ; 10
20130629013: 1 2 3 ; 6
20130629014: 3 4 4 ; 11
20130629015: 3 4 5 ; 12
20130629016: 3 4 4 ; 11
20130629017: 1 1 2 ; 4
20130629018: 3 4 5 ; 12
20130629019: 3 6 6 ; 15
20130629020: 1 3 6 ; 10
20130629021: 3 3 5 ; 11
20130629022: 5 6 6 ; 17
20130629023: 4 4 6 ; 14
20130629024: 2 3 5 ; 10
20130629025: 1 1 4 ; 6
20130629026: 4 4 5 ; 13
20130629027: 1 1 5 ; 7
20130629028: 4 5 6 ; 15
20130629029: 1 4 5 ; 10
20130629030: 2 3 6 ; 11
20130629031: 1 2 4 ; 7
20130629032: 2 5 6 ; 13
20130629033: 2 3 5 ; 10
20130629034: 1 2 2 ; 5
20130629035: 3 4 5 ; 12
20130629036: 1 1 4 ; 6
20130629037: 3 5 6 ; 14
20130629038: 3 4 5 ; 12
20130629039: 2 5 5 ; 12
20130629040: 1 2 3 ; 6
20130629041: 2 4 6 ; 12
20130629042: 3 6 6 ; 15
20130629043: 1 3 4 ; 8
20130629044: 4 4 5 ; 13
20130629045: 2 3 6 ; 11
20130629046: 3 6 6 ; 15
20130629047: 1 3 3 ; 7
20130629048: 4 4 4 ; 12
20130629049: 1 3 5 ; 9
20130629050: 1 3 6 ; 10
20130629051: 2 2 6 ; 10
20130629052: 4 5 5 ; 14
20130629053: 1 2 6 ; 9
20130629054: 1 5 6 ; 12
20130629055: 2 3 6 ; 11
20130629056: 1 2 3 ; 6
20130629057: 1 1 4 ; 6
20130629058: 2 4 6 ; 12
20130629059: 1 4 6 ; 11
20130629060: 1 1 4 ; 6
20130629061: 3 4 5 ; 12
20130629062: 1 5 6 ; 12
20130629063: 1 3 6 ; 10
20130629064: 2 3 6 ; 11
20130629065: 2 5 5 ; 12
20130629066: 1 2 5 ; 8
20130629067: 1 1 4 ; 6
20130629068: 1 2 6 ; 9
20130629069: 1 3 5 ; 9
20130629070: 1 3 3 ; 7
20130629071: 4 5 5 ; 14
20130629072: 4 6 6 ; 16
