20130908001: 4 4 4 ; 12
20130908002: 2 3 4 ; 9
20130908003: 4 5 5 ; 14
20130908004: 1 5 5 ; 11
20130908005: 1 3 5 ; 9
20130908006: 2 4 4 ; 10
20130908007: 1 4 6 ; 11
20130908008: 2 5 5 ; 12
20130908009: 4 5 6 ; 15
20130908010: 2 3 3 ; 8
20130908011: 1 4 5 ; 10
20130908012: 3 4 5 ; 12
20130908013: 1 2 2 ; 5
20130908014: 4 5 6 ; 15
20130908015: 1 3 6 ; 10
20130908016: 2 4 4 ; 10
20130908017: 2 4 4 ; 10
20130908018: 2 3 4 ; 9
20130908019: 1 3 5 ; 9
20130908020: 3 3 4 ; 10
20130908021: 2 4 5 ; 11
20130908022: 2 4 5 ; 11
20130908023: 5 5 6 ; 16
20130908024: 2 5 6 ; 13
20130908025: 2 3 3 ; 8
20130908026: 1 4 5 ; 10
20130908027: 1 4 5 ; 10
20130908028: 1 4 5 ; 10
20130908029: 3 5 5 ; 13
20130908030: 1 4 5 ; 10
20130908031: 2 4 4 ; 10
20130908032: 2 4 6 ; 12
20130908033: 2 3 6 ; 11
20130908034: 2 5 6 ; 13
20130908035: 1 2 3 ; 6
20130908036: 2 3 5 ; 10
20130908037: 1 1 2 ; 4
20130908038: 3 4 6 ; 13
20130908039: 1 3 4 ; 8
20130908040: 1 2 6 ; 9
20130908041: 5 5 5 ; 15
20130908042: 1 2 5 ; 8
20130908043: 2 6 6 ; 14
20130908044: 1 2 3 ; 6
20130908045: 1 2 3 ; 6
20130908046: 1 2 3 ; 6
20130908047: 2 3 5 ; 10
20130908048: 4 6 6 ; 16
20130908049: 4 5 5 ; 14
20130908050: 2 4 5 ; 11
20130908051: 3 6 6 ; 15
20130908052: 1 1 3 ; 5
20130908053: 1 4 5 ; 10
20130908054: 4 5 5 ; 14
20130908055: 3 4 4 ; 11
20130908056: 2 2 5 ; 9
20130908057: 4 6 6 ; 16
20130908058: 2 3 3 ; 8
20130908059: 1 3 4 ; 8
20130908060: 1 2 3 ; 6
20130908061: 1 4 5 ; 10
20130908062: 2 6 6 ; 14
20130908063: 4 6 6 ; 16
20130908064: 1 5 6 ; 12
20130908065: 5 5 6 ; 16
20130908066: 2 3 4 ; 9
20130908067: 1 2 4 ; 7
20130908068: 4 5 6 ; 15
20130908069: 1 3 3 ; 7
20130908070: 1 1 6 ; 8
20130908071: 1 1 5 ; 7
20130908072: 1 4 5 ; 10
20130908073: 2 3 6 ; 11
20130908074: 4 4 6 ; 14
20130908075: 3 4 6 ; 13
20130908076: 2 5 5 ; 12
20130908077: 3 4 6 ; 13
20130908078: 1 2 3 ; 6
