20131204001: 2 2 6 ; 10
20131204002: 3 5 5 ; 13
20131204003: 1 3 6 ; 10
20131204004: 1 2 3 ; 6
20131204005: 1 3 3 ; 7
20131204006: 4 6 6 ; 16
20131204007: 5 6 6 ; 17
20131204008: 2 3 3 ; 8
20131204009: 2 3 4 ; 9
20131204010: 2 3 4 ; 9
20131204011: 4 5 6 ; 15
20131204012: 1 3 4 ; 8
20131204013: 2 3 3 ; 8
20131204014: 1 1 3 ; 5
20131204015: 3 3 4 ; 10
20131204016: 1 4 6 ; 11
20131204017: 3 5 6 ; 14
20131204018: 1 4 4 ; 9
20131204019: 1 4 4 ; 9
20131204020: 1 2 3 ; 6
20131204021: 2 3 4 ; 9
20131204022: 1 3 5 ; 9
20131204023: 1 3 6 ; 10
20131204024: 1 4 6 ; 11
20131204025: 3 5 6 ; 14
20131204026: 3 4 4 ; 11
20131204027: 2 5 6 ; 13
20131204028: 1 2 4 ; 7
20131204029: 1 1 1 ; 3
20131204030: 2 3 5 ; 10
20131204031: 2 3 4 ; 9
20131204032: 2 5 6 ; 13
20131204033: 1 1 2 ; 4
20131204034: 2 2 2 ; 6
20131204035: 3 4 5 ; 12
20131204036: 4 5 6 ; 15
20131204037: 2 4 6 ; 12
20131204038: 2 5 6 ; 13
20131204039: 1 2 4 ; 7
20131204040: 1 2 5 ; 8
20131204041: 1 4 5 ; 10
20131204042: 1 3 3 ; 7
20131204043: 3 3 3 ; 9
20131204044: 3 5 6 ; 14
20131204045: 2 2 3 ; 7
20131204046: 1 3 4 ; 8
20131204047: 1 6 6 ; 13
20131204048: 3 4 6 ; 13
20131204049: 3 4 5 ; 12
20131204050: 1 1 6 ; 8
20131204051: 1 2 4 ; 7
20131204052: 3 4 6 ; 13
20131204053: 4 5 6 ; 15
20131204054: 2 3 6 ; 11
20131204055: 2 4 4 ; 10
20131204056: 1 3 6 ; 10
20131204057: 1 1 3 ; 5
20131204058: 1 2 6 ; 9
20131204059: 2 3 5 ; 10
20131204060: 1 3 6 ; 10
20131204061: 1 4 5 ; 10
20131204062: 1 2 6 ; 9
20131204063: 5 6 6 ; 17
20131204064: 1 1 5 ; 7
20131204065: 4 5 6 ; 15
20131204066: 1 2 4 ; 7
20131204067: 3 4 5 ; 12
20131204068: 1 2 4 ; 7
20131204069: 2 5 6 ; 13
20131204070: 1 3 4 ; 8
20131204071: 2 2 5 ; 9
20131204072: 4 5 5 ; 14
20131204073: 4 4 5 ; 13
20131204074: 3 3 4 ; 10
20131204075: 3 4 6 ; 13
20131204076: 1 4 4 ; 9
20131204077: 2 4 6 ; 12
20131204078: 3 5 5 ; 13
