20130812001: 1 5 6 ; 12
20130812002: 2 3 5 ; 10
20130812003: 1 2 6 ; 9
20130812004: 1 1 5 ; 7
20130812005: 4 5 5 ; 14
20130812006: 1 1 2 ; 4
20130812007: 2 3 4 ; 9
20130812008: 1 3 6 ; 10
20130812009: 1 2 6 ; 9
20130812010: 1 2 3 ; 6
20130812011: 3 3 4 ; 10
20130812012: 2 5 6 ; 13
20130812013: 1 3 5 ; 9
20130812014: 1 4 5 ; 10
20130812015: 3 4 5 ; 12
20130812016: 1 4 4 ; 9
20130812017: 1 3 4 ; 8
20130812018: 1 2 5 ; 8
20130812019: 4 5 6 ; 15
20130812020: 1 3 4 ; 8
20130812021: 1 3 6 ; 10
20130812022: 1 4 6 ; 11
20130812023: 1 5 6 ; 12
20130812024: 1 2 2 ; 5
20130812025: 2 6 6 ; 14
20130812026: 1 2 3 ; 6
20130812027: 3 3 6 ; 12
20130812028: 1 2 4 ; 7
20130812029: 1 4 4 ; 9
20130812030: 4 5 6 ; 15
20130812031: 5 6 6 ; 17
20130812032: 2 2 2 ; 6
20130812033: 1 3 5 ; 9
20130812034: 3 4 6 ; 13
20130812035: 1 2 3 ; 6
20130812036: 1 1 2 ; 4
20130812037: 3 4 6 ; 13
20130812038: 4 6 6 ; 16
20130812039: 4 4 6 ; 14
20130812040: 4 5 6 ; 15
20130812041: 1 6 6 ; 13
20130812042: 3 5 6 ; 14
20130812043: 2 3 5 ; 10
20130812044: 3 4 5 ; 12
20130812045: 2 4 5 ; 11
20130812046: 2 2 4 ; 8
20130812047: 3 3 4 ; 10
20130812048: 2 2 3 ; 7
20130812049: 1 2 4 ; 7
20130812050: 6 6 6 ; 18
20130812051: 2 4 6 ; 12
20130812052: 4 4 5 ; 13
20130812053: 1 3 6 ; 10
20130812054: 1 6 6 ; 13
20130812055: 1 3 4 ; 8
20130812056: 1 3 6 ; 10
20130812057: 1 2 5 ; 8
20130812058: 1 3 3 ; 7
20130812059: 3 3 6 ; 12
20130812060: 1 5 5 ; 11
20130812061: 2 4 5 ; 11
20130812062: 2 5 5 ; 12
20130812063: 2 3 6 ; 11
20130812064: 4 5 6 ; 15
20130812065: 3 5 5 ; 13
20130812066: 1 3 5 ; 9
20130812067: 2 5 5 ; 12
20130812068: 1 2 6 ; 9
20130812069: 2 3 4 ; 9
20130812070: 1 2 6 ; 9
20130812071: 1 1 6 ; 8
20130812072: 2 3 4 ; 9
20130812073: 1 1 2 ; 4
20130812074: 2 4 6 ; 12
20130812075: 3 3 6 ; 12
20130812076: 1 4 6 ; 11
20130812077: 1 1 5 ; 7
20130812078: 2 2 4 ; 8
