20130706001: 1 3 5 ; 9
20130706002: 2 2 3 ; 7
20130706003: 1 2 4 ; 7
20130706004: 2 3 3 ; 8
20130706005: 1 3 6 ; 10
20130706006: 2 4 4 ; 10
20130706007: 2 3 6 ; 11
20130706008: 1 4 5 ; 10
20130706009: 1 4 6 ; 11
20130706010: 3 3 5 ; 11
20130706011: 1 5 6 ; 12
20130706012: 2 3 3 ; 8
20130706013: 2 4 5 ; 11
20130706014: 2 4 5 ; 11
20130706015: 1 4 6 ; 11
20130706016: 3 4 6 ; 13
20130706017: 3 5 5 ; 13
20130706018: 3 3 4 ; 10
20130706019: 2 5 6 ; 13
20130706020: 5 6 6 ; 17
20130706021: 1 4 4 ; 9
20130706022: 3 5 6 ; 14
20130706023: 1 2 3 ; 6
20130706024: 1 6 6 ; 13
20130706025: 3 3 4 ; 10
20130706026: 1 3 6 ; 10
20130706027: 3 4 6 ; 13
20130706028: 2 2 2 ; 6
20130706029: 2 3 4 ; 9
20130706030: 2 3 5 ; 10
20130706031: 4 5 5 ; 14
20130706032: 1 1 5 ; 7
20130706033: 3 4 4 ; 11
20130706034: 4 5 6 ; 15
20130706035: 2 2 5 ; 9
20130706036: 1 3 4 ; 8
20130706037: 2 5 6 ; 13
20130706038: 1 2 5 ; 8
20130706039: 5 6 6 ; 17
20130706040: 2 3 4 ; 9
20130706041: 1 3 4 ; 8
20130706042: 1 5 5 ; 11
20130706043: 1 4 4 ; 9
20130706044: 1 2 5 ; 8
20130706045: 1 2 6 ; 9
20130706046: 1 1 6 ; 8
20130706047: 1 4 6 ; 11
20130706048: 1 5 5 ; 11
20130706049: 2 2 4 ; 8
20130706050: 2 3 6 ; 11
20130706051: 2 3 6 ; 11
20130706052: 1 1 4 ; 6
20130706053: 1 2 4 ; 7
20130706054: 3 3 5 ; 11
20130706055: 2 5 6 ; 13
20130706056: 1 3 4 ; 8
20130706057: 2 5 6 ; 13
20130706058: 1 2 6 ; 9
20130706059: 1 4 5 ; 10
20130706060: 3 5 5 ; 13
20130706061: 2 4 4 ; 10
20130706062: 1 1 3 ; 5
20130706063: 3 4 5 ; 12
20130706064: 3 4 6 ; 13
20130706065: 1 1 6 ; 8
20130706066: 1 4 6 ; 11
20130706067: 3 4 6 ; 13
20130706068: 1 2 6 ; 9
20130706069: 1 4 4 ; 9
20130706070: 2 3 4 ; 9
20130706071: 4 4 4 ; 12
20130706072: 1 3 5 ; 9
20130706073: 3 3 6 ; 12
20130706074: 4 5 5 ; 14
20130706075: 2 6 6 ; 14
20130706076: 4 4 6 ; 14
20130706077: 4 5 6 ; 15
20130706078: 3 4 5 ; 12
