20130611001: 3 4 5 ; 12
20130611002: 3 5 5 ; 13
20130611003: 2 4 5 ; 11
20130611004: 1 3 3 ; 7
20130611005: 1 3 6 ; 10
20130611006: 1 2 5 ; 8
20130611007: 5 6 6 ; 17
20130611008: 1 4 6 ; 11
20130611009: 1 3 3 ; 7
20130611010: 2 3 6 ; 11
20130611011: 3 3 6 ; 12
20130611012: 1 2 4 ; 7
20130611013: 2 4 4 ; 10
20130611014: 1 3 4 ; 8
20130611015: 5 6 6 ; 17
20130611016: 1 3 4 ; 8
20130611017: 1 2 3 ; 6
20130611018: 1 3 4 ; 8
20130611019: 1 5 6 ; 12
20130611020: 1 3 6 ; 10
20130611021: 2 3 6 ; 11
20130611022: 2 4 5 ; 11
20130611023: 2 2 6 ; 10
20130611024: 1 4 6 ; 11
20130611025: 1 4 6 ; 11
20130611026: 1 2 6 ; 9
20130611027: 1 2 5 ; 8
20130611028: 3 3 4 ; 10
20130611029: 2 4 6 ; 12
20130611030: 3 6 6 ; 15
20130611031: 2 2 6 ; 10
20130611032: 1 2 3 ; 6
20130611033: 3 5 6 ; 14
20130611034: 2 4 5 ; 11
20130611035: 2 4 5 ; 11
20130611036: 1 2 5 ; 8
20130611037: 3 4 6 ; 13
20130611038: 5 5 5 ; 15
20130611039: 1 2 6 ; 9
20130611040: 1 3 4 ; 8
20130611041: 2 2 6 ; 10
20130611042: 3 4 5 ; 12
20130611043: 1 5 6 ; 12
20130611044: 2 6 6 ; 14
20130611045: 3 3 4 ; 10
20130611046: 1 3 5 ; 9
20130611047: 2 5 6 ; 13
20130611048: 1 2 5 ; 8
20130611049: 1 2 3 ; 6
20130611050: 1 2 5 ; 8
20130611051: 2 3 5 ; 10
20130611052: 1 1 5 ; 7
20130611053: 1 2 2 ; 5
20130611054: 1 3 6 ; 10
20130611055: 1 1 1 ; 3
20130611056: 1 6 6 ; 13
20130611057: 1 2 3 ; 6
20130611058: 1 3 5 ; 9
20130611059: 1 3 5 ; 9
20130611060: 2 4 4 ; 10
20130611061: 2 2 4 ; 8
20130611062: 1 2 5 ; 8
20130611063: 3 4 6 ; 13
20130611064: 1 4 4 ; 9
20130611065: 3 5 5 ; 13
20130611066: 2 4 5 ; 11
20130611067: 3 5 6 ; 14
20130611068: 5 5 6 ; 16
20130611069: 1 2 6 ; 9
20130611070: 1 4 6 ; 11
20130611071: 2 4 4 ; 10
20130611072: 2 3 4 ; 9
