20131118001: 2 3 5 ; 10
20131118002: 2 2 3 ; 7
20131118003: 5 5 6 ; 16
20131118004: 1 4 5 ; 10
20131118005: 1 4 5 ; 10
20131118006: 3 3 5 ; 11
20131118007: 2 3 6 ; 11
20131118008: 3 3 5 ; 11
20131118009: 1 3 5 ; 9
20131118010: 2 2 2 ; 6
20131118011: 1 2 2 ; 5
20131118012: 1 3 6 ; 10
20131118013: 1 3 6 ; 10
20131118014: 3 5 5 ; 13
20131118015: 5 5 5 ; 15
20131118016: 2 3 4 ; 9
20131118017: 1 1 3 ; 5
20131118018: 2 3 6 ; 11
20131118019: 1 3 4 ; 8
20131118020: 1 4 5 ; 10
20131118021: 1 1 2 ; 4
20131118022: 1 2 4 ; 7
20131118023: 1 5 6 ; 12
20131118024: 2 4 4 ; 10
20131118025: 2 3 4 ; 9
20131118026: 2 5 5 ; 12
20131118027: 1 2 5 ; 8
20131118028: 3 4 6 ; 13
20131118029: 2 3 4 ; 9
20131118030: 1 4 6 ; 11
20131118031: 1 1 5 ; 7
20131118032: 2 3 5 ; 10
20131118033: 1 2 2 ; 5
20131118034: 4 4 6 ; 14
20131118035: 1 2 4 ; 7
20131118036: 2 2 4 ; 8
20131118037: 1 1 6 ; 8
20131118038: 1 4 6 ; 11
20131118039: 5 5 5 ; 15
20131118040: 3 3 5 ; 11
20131118041: 4 4 6 ; 14
20131118042: 1 3 5 ; 9
20131118043: 1 1 6 ; 8
20131118044: 1 1 5 ; 7
20131118045: 5 5 5 ; 15
20131118046: 6 6 6 ; 18
20131118047: 2 3 6 ; 11
20131118048: 1 1 4 ; 6
20131118049: 2 6 6 ; 14
20131118050: 2 2 6 ; 10
20131118051: 1 3 6 ; 10
20131118052: 2 5 6 ; 13
20131118053: 3 3 6 ; 12
20131118054: 3 5 5 ; 13
20131118055: 1 3 5 ; 9
20131118056: 2 6 6 ; 14
20131118057: 2 5 5 ; 12
20131118058: 1 2 6 ; 9
20131118059: 2 4 6 ; 12
20131118060: 3 4 5 ; 12
20131118061: 4 5 6 ; 15
20131118062: 1 2 5 ; 8
20131118063: 1 2 4 ; 7
20131118064: 1 3 3 ; 7
20131118065: 1 1 1 ; 3
20131118066: 1 3 6 ; 10
20131118067: 1 1 2 ; 4
20131118068: 1 3 4 ; 8
20131118069: 4 4 5 ; 13
20131118070: 2 6 6 ; 14
20131118071: 1 6 6 ; 13
20131118072: 2 5 6 ; 13
20131118073: 1 2 3 ; 6
20131118074: 4 4 5 ; 13
20131118075: 1 3 4 ; 8
20131118076: 2 3 6 ; 11
20131118077: 1 6 6 ; 13
20131118078: 1 4 6 ; 11
