20130806001: 1 1 1 ; 3
20130806002: 3 5 6 ; 14
20130806003: 1 4 4 ; 9
20130806004: 2 3 6 ; 11
20130806005: 1 2 5 ; 8
20130806006: 2 4 6 ; 12
20130806007: 4 5 6 ; 15
20130806008: 3 5 6 ; 14
20130806009: 5 5 5 ; 15
20130806010: 1 2 4 ; 7
20130806011: 2 2 2 ; 6
20130806012: 1 5 6 ; 12
20130806013: 1 2 3 ; 6
20130806014: 2 2 4 ; 8
20130806015: 2 2 3 ; 7
20130806016: 2 3 3 ; 8
20130806017: 3 3 4 ; 10
20130806018: 1 1 2 ; 4
20130806019: 5 6 6 ; 17
20130806020: 3 4 5 ; 12
20130806021: 3 4 4 ; 11
20130806022: 1 2 3 ; 6
20130806023: 2 5 6 ; 13
20130806024: 1 2 3 ; 6
20130806025: 1 3 5 ; 9
20130806026: 1 4 6 ; 11
20130806027: 2 3 5 ; 10
20130806028: 2 4 6 ; 12
20130806029: 2 3 6 ; 11
20130806030: 2 3 4 ; 9
20130806031: 3 4 6 ; 13
20130806032: 3 4 5 ; 12
20130806033: 4 4 4 ; 12
20130806034: 2 3 5 ; 10
20130806035: 4 5 5 ; 14
20130806036: 1 3 5 ; 9
20130806037: 2 3 4 ; 9
20130806038: 2 5 5 ; 12
20130806039: 3 3 5 ; 11
20130806040: 2 4 4 ; 10
20130806041: 4 5 5 ; 14
20130806042: 1 1 5 ; 7
20130806043: 3 4 6 ; 13
20130806044: 6 6 6 ; 18
20130806045: 1 1 5 ; 7
20130806046: 1 1 2 ; 4
20130806047: 1 1 5 ; 7
20130806048: 1 4 4 ; 9
20130806049: 2 2 4 ; 8
20130806050: 1 2 4 ; 7
20130806051: 1 3 4 ; 8
20130806052: 2 3 5 ; 10
20130806053: 1 1 3 ; 5
20130806054: 1 3 6 ; 10
20130806055: 4 5 6 ; 15
20130806056: 1 1 2 ; 4
20130806057: 3 4 5 ; 12
20130806058: 3 4 6 ; 13
20130806059: 1 4 5 ; 10
20130806060: 1 3 4 ; 8
20130806061: 1 3 5 ; 9
20130806062: 2 4 6 ; 12
20130806063: 2 3 6 ; 11
20130806064: 2 3 4 ; 9
20130806065: 2 3 5 ; 10
20130806066: 4 5 6 ; 15
20130806067: 2 5 6 ; 13
20130806068: 1 1 6 ; 8
20130806069: 1 1 1 ; 3
20130806070: 3 5 6 ; 14
20130806071: 2 5 5 ; 12
20130806072: 2 3 3 ; 8
20130806073: 1 1 2 ; 4
20130806074: 3 3 3 ; 9
20130806075: 1 2 2 ; 5
20130806076: 1 1 6 ; 8
20130806077: 2 3 6 ; 11
20130806078: 1 3 5 ; 9
