20130616001: 1 5 6 ; 12
20130616002: 2 3 4 ; 9
20130616003: 1 3 6 ; 10
20130616004: 1 5 5 ; 11
20130616005: 2 4 6 ; 12
20130616006: 1 3 3 ; 7
20130616007: 2 3 6 ; 11
20130616008: 3 3 5 ; 11
20130616009: 3 5 6 ; 14
20130616010: 3 4 6 ; 13
20130616011: 3 3 4 ; 10
20130616012: 1 1 3 ; 5
20130616013: 2 3 6 ; 11
20130616014: 3 3 4 ; 10
20130616015: 1 4 5 ; 10
20130616016: 2 6 6 ; 14
20130616017: 1 4 6 ; 11
20130616018: 2 2 6 ; 10
20130616019: 1 1 2 ; 4
20130616020: 3 4 5 ; 12
20130616021: 1 3 4 ; 8
20130616022: 3 5 6 ; 14
20130616023: 1 2 5 ; 8
20130616024: 1 2 4 ; 7
20130616025: 4 6 6 ; 16
20130616026: 4 4 6 ; 14
20130616027: 6 6 6 ; 18
20130616028: 1 1 6 ; 8
20130616029: 1 3 4 ; 8
20130616030: 4 4 6 ; 14
20130616031: 3 5 5 ; 13
20130616032: 1 2 2 ; 5
20130616033: 1 1 6 ; 8
20130616034: 1 2 6 ; 9
20130616035: 2 2 5 ; 9
20130616036: 3 3 4 ; 10
20130616037: 1 2 3 ; 6
20130616038: 3 5 6 ; 14
20130616039: 1 2 3 ; 6
20130616040: 2 2 5 ; 9
20130616041: 1 4 4 ; 9
20130616042: 2 3 3 ; 8
20130616043: 3 3 6 ; 12
20130616044: 2 4 6 ; 12
20130616045: 2 3 4 ; 9
20130616046: 3 3 4 ; 10
20130616047: 2 6 6 ; 14
20130616048: 3 3 5 ; 11
20130616049: 1 5 6 ; 12
20130616050: 1 2 2 ; 5
20130616051: 3 5 6 ; 14
20130616052: 3 4 6 ; 13
20130616053: 1 3 4 ; 8
20130616054: 2 2 4 ; 8
20130616055: 1 1 6 ; 8
20130616056: 1 2 3 ; 6
20130616057: 4 4 5 ; 13
20130616058: 2 4 6 ; 12
20130616059: 2 6 6 ; 14
20130616060: 1 1 4 ; 6
20130616061: 1 1 5 ; 7
20130616062: 3 4 6 ; 13
20130616063: 2 4 4 ; 10
20130616064: 3 4 6 ; 13
20130616065: 2 3 4 ; 9
20130616066: 1 3 3 ; 7
20130616067: 2 4 6 ; 12
20130616068: 2 3 4 ; 9
20130616069: 1 3 4 ; 8
20130616070: 1 2 6 ; 9
20130616071: 4 4 6 ; 14
20130616072: 2 2 4 ; 8
