20130910001: 1 2 4 ; 7
20130910002: 1 3 4 ; 8
20130910003: 2 4 4 ; 10
20130910004: 1 2 5 ; 8
20130910005: 3 4 6 ; 13
20130910006: 2 3 6 ; 11
20130910007: 2 2 5 ; 9
20130910008: 1 2 4 ; 7
20130910009: 2 3 6 ; 11
20130910010: 2 4 4 ; 10
20130910011: 1 2 3 ; 6
20130910012: 1 2 5 ; 8
20130910013: 1 4 6 ; 11
20130910014: 2 4 6 ; 12
20130910015: 3 5 6 ; 14
20130910016: 1 3 6 ; 10
20130910017: 1 2 5 ; 8
20130910018: 5 5 5 ; 15
20130910019: 1 1 4 ; 6
20130910020: 2 2 4 ; 8
20130910021: 1 4 5 ; 10
20130910022: 2 4 5 ; 11
20130910023: 1 1 1 ; 3
20130910024: 1 4 6 ; 11
20130910025: 1 3 6 ; 10
20130910026: 1 2 3 ; 6
20130910027: 4 5 6 ; 15
20130910028: 2 2 2 ; 6
20130910029: 1 3 3 ; 7
20130910030: 3 5 6 ; 14
20130910031: 4 5 6 ; 15
20130910032: 1 5 6 ; 12
20130910033: 1 2 5 ; 8
20130910034: 3 4 6 ; 13
20130910035: 4 6 6 ; 16
20130910036: 3 4 4 ; 11
20130910037: 2 3 5 ; 10
20130910038: 1 4 4 ; 9
20130910039: 1 1 3 ; 5
20130910040: 3 4 4 ; 11
20130910041: 1 2 3 ; 6
20130910042: 3 5 5 ; 13
20130910043: 1 3 4 ; 8
20130910044: 1 2 6 ; 9
20130910045: 1 1 6 ; 8
20130910046: 3 4 6 ; 13
20130910047: 2 3 4 ; 9
20130910048: 4 5 6 ; 15
20130910049: 2 3 4 ; 9
20130910050: 2 2 3 ; 7
20130910051: 5 6 6 ; 17
20130910052: 1 3 5 ; 9
20130910053: 3 4 4 ; 11
20130910054: 3 4 4 ; 11
20130910055: 1 1 3 ; 5
20130910056: 5 6 6 ; 17
20130910057: 2 4 5 ; 11
20130910058: 2 3 5 ; 10
20130910059: 1 2 4 ; 7
20130910060: 2 3 4 ; 9
20130910061: 1 6 6 ; 13
20130910062: 2 5 6 ; 13
20130910063: 3 3 4 ; 10
20130910064: 2 3 3 ; 8
20130910065: 4 4 6 ; 14
20130910066: 4 4 5 ; 13
20130910067: 1 4 4 ; 9
20130910068: 2 2 5 ; 9
20130910069: 1 3 3 ; 7
20130910070: 1 4 6 ; 11
20130910071: 1 2 2 ; 5
20130910072: 1 1 2 ; 4
20130910073: 2 3 3 ; 8
20130910074: 1 3 4 ; 8
20130910075: 1 1 2 ; 4
20130910076: 1 6 6 ; 13
20130910077: 3 5 6 ; 14
20130910078: 1 5 6 ; 12
