20131217001: 3 4 4 ; 11
20131217002: 6 6 6 ; 18
20131217003: 1 3 6 ; 10
20131217004: 2 2 5 ; 9
20131217005: 1 5 6 ; 12
20131217006: 2 5 6 ; 13
20131217007: 2 6 6 ; 14
20131217008: 2 4 5 ; 11
20131217009: 1 2 2 ; 5
20131217010: 4 4 5 ; 13
20131217011: 1 2 4 ; 7
20131217012: 2 5 6 ; 13
20131217013: 3 5 6 ; 14
20131217014: 1 2 6 ; 9
20131217015: 1 1 2 ; 4
20131217016: 4 5 6 ; 15
20131217017: 3 3 6 ; 12
20131217018: 1 1 4 ; 6
20131217019: 4 6 6 ; 16
20131217020: 1 3 6 ; 10
20131217021: 1 2 5 ; 8
20131217022: 3 4 4 ; 11
20131217023: 2 3 5 ; 10
20131217024: 1 3 6 ; 10
20131217025: 1 1 1 ; 3
20131217026: 2 3 5 ; 10
20131217027: 2 4 4 ; 10
20131217028: 1 1 6 ; 8
20131217029: 2 5 5 ; 12
20131217030: 2 5 5 ; 12
20131217031: 1 2 2 ; 5
20131217032: 1 3 4 ; 8
20131217033: 2 3 3 ; 8
20131217034: 1 4 4 ; 9
20131217035: 2 4 6 ; 12
20131217036: 1 2 3 ; 6
20131217037: 3 5 5 ; 13
20131217038: 4 4 6 ; 14
20131217039: 2 4 4 ; 10
20131217040: 4 4 6 ; 14
20131217041: 1 3 6 ; 10
20131217042: 5 6 6 ; 17
20131217043: 4 4 4 ; 12
20131217044: 1 4 5 ; 10
20131217045: 1 3 5 ; 9
20131217046: 2 6 6 ; 14
20131217047: 3 6 6 ; 15
20131217048: 1 3 6 ; 10
20131217049: 3 5 5 ; 13
20131217050: 5 6 6 ; 17
20131217051: 4 5 5 ; 14
20131217052: 4 5 6 ; 15
20131217053: 2 4 5 ; 11
20131217054: 1 3 4 ; 8
20131217055: 3 4 6 ; 13
20131217056: 1 1 2 ; 4
20131217057: 1 5 6 ; 12
20131217058: 3 4 6 ; 13
20131217059: 1 6 6 ; 13
20131217060: 1 2 6 ; 9
20131217061: 3 5 6 ; 14
20131217062: 2 3 5 ; 10
20131217063: 2 5 6 ; 13
20131217064: 3 4 5 ; 12
20131217065: 3 4 4 ; 11
20131217066: 1 3 5 ; 9
20131217067: 2 3 4 ; 9
20131217068: 1 4 5 ; 10
20131217069: 2 3 5 ; 10
20131217070: 2 2 6 ; 10
20131217071: 2 4 4 ; 10
20131217072: 1 1 6 ; 8
20131217073: 1 1 1 ; 3
20131217074: 1 3 4 ; 8
20131217075: 1 3 5 ; 9
20131217076: 3 4 6 ; 13
20131217077: 1 1 5 ; 7
20131217078: 4 5 6 ; 15
