20131123001: 3 3 4 ; 10
20131123002: 4 5 6 ; 15
20131123003: 2 4 5 ; 11
20131123004: 2 5 6 ; 13
20131123005: 2 3 5 ; 10
20131123006: 3 5 5 ; 13
20131123007: 2 3 4 ; 9
20131123008: 5 6 6 ; 17
20131123009: 2 5 5 ; 12
20131123010: 2 4 6 ; 12
20131123011: 2 3 5 ; 10
20131123012: 4 5 5 ; 14
20131123013: 1 4 4 ; 9
20131123014: 1 2 6 ; 9
20131123015: 1 2 5 ; 8
20131123016: 1 1 2 ; 4
20131123017: 1 3 6 ; 10
20131123018: 1 3 5 ; 9
20131123019: 2 4 5 ; 11
20131123020: 3 3 6 ; 12
20131123021: 3 5 6 ; 14
20131123022: 1 2 2 ; 5
20131123023: 2 5 6 ; 13
20131123024: 1 5 6 ; 12
20131123025: 3 3 3 ; 9
20131123026: 2 6 6 ; 14
20131123027: 2 2 3 ; 7
20131123028: 2 5 5 ; 12
20131123029: 1 2 3 ; 6
20131123030: 2 2 4 ; 8
20131123031: 1 1 2 ; 4
20131123032: 3 5 6 ; 14
20131123033: 3 5 6 ; 14
20131123034: 1 1 5 ; 7
20131123035: 1 4 5 ; 10
20131123036: 1 2 4 ; 7
20131123037: 1 2 6 ; 9
20131123038: 2 3 3 ; 8
20131123039: 1 2 6 ; 9
20131123040: 2 4 6 ; 12
20131123041: 3 5 6 ; 14
20131123042: 3 4 5 ; 12
20131123043: 2 5 6 ; 13
20131123044: 4 5 6 ; 15
20131123045: 1 1 2 ; 4
20131123046: 4 4 4 ; 12
20131123047: 3 6 6 ; 15
20131123048: 3 4 5 ; 12
20131123049: 3 4 6 ; 13
20131123050: 2 6 6 ; 14
20131123051: 1 1 2 ; 4
20131123052: 2 3 4 ; 9
20131123053: 4 4 5 ; 13
20131123054: 2 3 4 ; 9
20131123055: 1 3 4 ; 8
20131123056: 3 3 6 ; 12
20131123057: 4 4 4 ; 12
20131123058: 1 2 6 ; 9
20131123059: 1 3 5 ; 9
20131123060: 1 3 4 ; 8
20131123061: 2 3 5 ; 10
20131123062: 2 5 6 ; 13
20131123063: 4 5 5 ; 14
20131123064: 1 2 4 ; 7
20131123065: 2 3 4 ; 9
20131123066: 1 2 3 ; 6
20131123067: 1 1 2 ; 4
20131123068: 5 6 6 ; 17
20131123069: 5 5 6 ; 16
20131123070: 1 2 5 ; 8
20131123071: 1 2 3 ; 6
20131123072: 1 4 5 ; 10
20131123073: 2 5 5 ; 12
20131123074: 2 5 5 ; 12
20131123075: 2 5 6 ; 13
20131123076: 1 3 5 ; 9
20131123077: 1 4 6 ; 11
20131123078: 3 4 6 ; 13
