20140604001: 1 1 2 ; 4
20140604002: 2 2 6 ; 10
20140604003: 2 3 5 ; 10
20140604004: 1 3 5 ; 9
20140604005: 1 3 5 ; 9
20140604006: 1 2 6 ; 9
20140604007: 1 3 4 ; 8
20140604008: 3 5 6 ; 14
20140604009: 2 4 6 ; 12
20140604010: 1 3 6 ; 10
20140604011: 3 3 6 ; 12
20140604012: 2 3 5 ; 10
20140604013: 1 1 2 ; 4
20140604014: 3 3 5 ; 11
20140604015: 2 4 5 ; 11
20140604016: 1 5 6 ; 12
20140604017: 1 2 3 ; 6
20140604018: 2 3 6 ; 11
20140604019: 4 4 5 ; 13
20140604020: 3 5 6 ; 14
20140604021: 4 4 6 ; 14
20140604022: 3 3 6 ; 12
20140604023: 1 3 5 ; 9
20140604024: 1 2 6 ; 9
20140604025: 2 4 6 ; 12
20140604026: 2 3 4 ; 9
20140604027: 2 2 3 ; 7
20140604028: 2 3 3 ; 8
20140604029: 2 6 6 ; 14
20140604030: 2 3 4 ; 9
20140604031: 3 4 4 ; 11
20140604032: 1 3 4 ; 8
20140604033: 2 4 5 ; 11
20140604034: 3 3 5 ; 11
20140604035: 5 6 6 ; 17
20140604036: 1 2 4 ; 7
20140604037: 1 4 5 ; 10
20140604038: 1 1 1 ; 3
20140604039: 1 2 4 ; 7
20140604040: 2 2 6 ; 10
20140604041: 3 3 4 ; 10
20140604042: 1 2 4 ; 7
20140604043: 3 4 6 ; 13
20140604044: 2 5 6 ; 13
20140604045: 3 4 6 ; 13
20140604046: 2 3 5 ; 10
20140604047: 2 4 5 ; 11
20140604048: 2 5 6 ; 13
20140604049: 2 2 4 ; 8
20140604050: 2 5 6 ; 13
20140604051: 2 3 5 ; 10
20140604052: 1 5 6 ; 12
20140604053: 2 5 6 ; 13
20140604054: 1 1 6 ; 8
20140604055: 1 2 6 ; 9
20140604056: 5 5 6 ; 16
20140604057: 1 1 3 ; 5
20140604058: 6 6 6 ; 18
20140604059: 3 5 5 ; 13
20140604060: 5 5 6 ; 16
20140604061: 3 3 5 ; 11
20140604062: 4 4 5 ; 13
20140604063: 2 6 6 ; 14
20140604064: 1 4 6 ; 11
20140604065: 1 1 6 ; 8
20140604066: 4 4 6 ; 14
20140604067: 2 3 3 ; 8
20140604068: 1 2 3 ; 6
20140604069: 3 3 6 ; 12
20140604070: 4 5 5 ; 14
20140604071: 3 4 5 ; 12
20140604072: 2 4 6 ; 12
20140604073: 1 3 5 ; 9
20140604074: 3 5 6 ; 14
20140604075: 1 6 6 ; 13
20140604076: 3 5 6 ; 14
20140604077: 2 4 5 ; 11
20140604078: 1 2 3 ; 6
