20140624001: 3 5 5 ; 13
20140624002: 3 3 3 ; 9
20140624003: 2 4 6 ; 12
20140624004: 2 4 4 ; 10
20140624005: 1 5 6 ; 12
20140624006: 1 3 5 ; 9
20140624007: 5 5 6 ; 16
20140624008: 1 5 5 ; 11
20140624009: 1 2 3 ; 6
20140624010: 3 4 5 ; 12
20140624011: 4 4 5 ; 13
20140624012: 1 1 6 ; 8
20140624013: 1 4 5 ; 10
20140624014: 1 1 4 ; 6
20140624015: 2 2 6 ; 10
20140624016: 3 4 4 ; 11
20140624017: 1 4 4 ; 9
20140624018: 5 6 6 ; 17
20140624019: 1 3 5 ; 9
20140624020: 1 1 4 ; 6
20140624021: 4 6 6 ; 16
20140624022: 1 5 5 ; 11
20140624023: 2 3 5 ; 10
20140624024: 3 6 6 ; 15
20140624025: 4 4 5 ; 13
20140624026: 3 4 6 ; 13
20140624027: 1 2 6 ; 9
20140624028: 2 4 6 ; 12
20140624029: 1 6 6 ; 13
20140624030: 1 1 4 ; 6
20140624031: 2 5 6 ; 13
20140624032: 3 4 4 ; 11
20140624033: 4 5 5 ; 14
20140624034: 4 6 6 ; 16
20140624035: 3 4 6 ; 13
20140624036: 2 5 5 ; 12
20140624037: 2 3 5 ; 10
20140624038: 3 5 6 ; 14
20140624039: 4 6 6 ; 16
20140624040: 2 2 2 ; 6
20140624041: 1 4 6 ; 11
20140624042: 1 2 4 ; 7
20140624043: 1 1 3 ; 5
20140624044: 4 4 6 ; 14
20140624045: 3 4 5 ; 12
20140624046: 1 4 5 ; 10
20140624047: 3 4 6 ; 13
20140624048: 2 3 6 ; 11
20140624049: 1 3 4 ; 8
20140624050: 1 1 6 ; 8
20140624051: 1 2 4 ; 7
20140624052: 2 5 6 ; 13
20140624053: 1 2 3 ; 6
20140624054: 2 4 5 ; 11
20140624055: 1 5 6 ; 12
20140624056: 2 4 5 ; 11
20140624057: 2 3 6 ; 11
20140624058: 1 3 6 ; 10
20140624059: 1 2 4 ; 7
20140624060: 3 4 6 ; 13
20140624061: 2 2 6 ; 10
20140624062: 2 3 3 ; 8
20140624063: 2 2 6 ; 10
20140624064: 1 2 3 ; 6
20140624065: 1 2 3 ; 6
20140624066: 2 2 6 ; 10
20140624067: 1 4 6 ; 11
20140624068: 1 2 6 ; 9
20140624069: 1 4 5 ; 10
20140624070: 1 3 5 ; 9
20140624071: 3 3 3 ; 9
20140624072: 1 2 3 ; 6
20140624073: 1 1 3 ; 5
20140624074: 2 4 5 ; 11
20140624075: 1 2 4 ; 7
20140624076: 1 2 6 ; 9
20140624077: 2 4 5 ; 11
20140624078: 2 4 5 ; 11
