20140228001: 1 1 5 ; 7
20140228002: 1 2 6 ; 9
20140228003: 1 3 3 ; 7
20140228004: 2 3 5 ; 10
20140228005: 5 6 6 ; 17
20140228006: 2 4 6 ; 12
20140228007: 1 4 6 ; 11
20140228008: 1 3 3 ; 7
20140228009: 2 6 6 ; 14
20140228010: 3 3 5 ; 11
20140228011: 2 3 5 ; 10
20140228012: 2 5 6 ; 13
20140228013: 2 3 5 ; 10
20140228014: 3 4 5 ; 12
20140228015: 3 5 6 ; 14
20140228016: 1 1 6 ; 8
20140228017: 1 3 6 ; 10
20140228018: 1 2 3 ; 6
20140228019: 1 2 6 ; 9
20140228020: 2 3 5 ; 10
20140228021: 1 3 4 ; 8
20140228022: 5 5 6 ; 16
20140228023: 1 2 3 ; 6
20140228024: 2 5 6 ; 13
20140228025: 1 6 6 ; 13
20140228026: 2 5 6 ; 13
20140228027: 2 4 4 ; 10
20140228028: 2 2 4 ; 8
20140228029: 1 1 2 ; 4
20140228030: 4 6 6 ; 16
20140228031: 4 4 6 ; 14
20140228032: 2 4 5 ; 11
20140228033: 5 6 6 ; 17
20140228034: 1 6 6 ; 13
20140228035: 1 3 4 ; 8
20140228036: 2 2 4 ; 8
20140228037: 1 3 4 ; 8
20140228038: 1 1 1 ; 3
20140228039: 2 3 5 ; 10
20140228040: 4 4 6 ; 14
20140228041: 2 2 5 ; 9
20140228042: 4 5 5 ; 14
20140228043: 1 2 6 ; 9
20140228044: 1 1 1 ; 3
20140228045: 1 5 6 ; 12
20140228046: 1 2 5 ; 8
20140228047: 3 4 6 ; 13
20140228048: 1 5 6 ; 12
20140228049: 1 5 6 ; 12
20140228050: 3 5 5 ; 13
20140228051: 1 4 5 ; 10
20140228052: 3 3 4 ; 10
20140228053: 4 4 4 ; 12
20140228054: 1 4 5 ; 10
20140228055: 1 2 3 ; 6
20140228056: 4 5 6 ; 15
20140228057: 3 4 4 ; 11
20140228058: 3 3 4 ; 10
20140228059: 3 3 6 ; 12
20140228060: 1 5 6 ; 12
20140228061: 1 3 5 ; 9
20140228062: 1 2 4 ; 7
20140228063: 3 4 5 ; 12
20140228064: 1 2 6 ; 9
20140228065: 1 5 6 ; 12
20140228066: 2 2 6 ; 10
20140228067: 2 3 5 ; 10
20140228068: 2 3 3 ; 8
20140228069: 1 5 6 ; 12
20140228070: 2 5 6 ; 13
20140228071: 1 4 5 ; 10
20140228072: 4 5 6 ; 15
20140228073: 2 3 5 ; 10
20140228074: 1 2 3 ; 6
20140228075: 1 4 6 ; 11
20140228076: 1 1 6 ; 8
20140228077: 1 2 3 ; 6
20140228078: 2 3 6 ; 11
