20140414001: 2 2 4 ; 8
20140414002: 1 6 6 ; 13
20140414003: 2 3 3 ; 8
20140414004: 5 5 6 ; 16
20140414005: 4 5 6 ; 15
20140414006: 1 2 5 ; 8
20140414007: 1 1 5 ; 7
20140414008: 1 1 2 ; 4
20140414009: 2 3 5 ; 10
20140414010: 1 5 6 ; 12
20140414011: 4 5 6 ; 15
20140414012: 1 1 4 ; 6
20140414013: 2 2 4 ; 8
20140414014: 1 1 4 ; 6
20140414015: 1 1 5 ; 7
20140414016: 1 1 6 ; 8
20140414017: 1 3 5 ; 9
20140414018: 2 2 6 ; 10
20140414019: 4 4 4 ; 12
20140414020: 3 4 6 ; 13
20140414021: 1 2 6 ; 9
20140414022: 1 2 3 ; 6
20140414023: 3 3 3 ; 9
20140414024: 2 2 6 ; 10
20140414025: 1 4 6 ; 11
20140414026: 1 3 6 ; 10
20140414027: 2 3 4 ; 9
20140414028: 2 2 4 ; 8
20140414029: 1 3 6 ; 10
20140414030: 1 2 6 ; 9
20140414031: 1 1 5 ; 7
20140414032: 1 4 6 ; 11
20140414033: 2 4 5 ; 11
20140414034: 3 3 5 ; 11
20140414035: 1 2 6 ; 9
20140414036: 2 5 6 ; 13
20140414037: 3 3 3 ; 9
20140414038: 1 4 6 ; 11
20140414039: 5 6 6 ; 17
20140414040: 3 5 5 ; 13
20140414041: 2 5 6 ; 13
20140414042: 1 5 6 ; 12
20140414043: 1 4 5 ; 10
20140414044: 1 2 4 ; 7
20140414045: 3 3 4 ; 10
20140414046: 1 2 5 ; 8
20140414047: 1 4 6 ; 11
20140414048: 3 5 6 ; 14
20140414049: 2 4 6 ; 12
20140414050: 2 4 6 ; 12
20140414051: 3 5 5 ; 13
20140414052: 2 2 6 ; 10
20140414053: 1 4 6 ; 11
20140414054: 2 3 4 ; 9
20140414055: 1 2 2 ; 5
20140414056: 2 5 5 ; 12
20140414057: 2 5 6 ; 13
20140414058: 2 4 6 ; 12
20140414059: 3 4 6 ; 13
20140414060: 1 2 3 ; 6
20140414061: 1 4 6 ; 11
20140414062: 1 3 4 ; 8
20140414063: 2 4 4 ; 10
20140414064: 2 4 5 ; 11
20140414065: 2 3 6 ; 11
20140414066: 3 5 5 ; 13
20140414067: 1 4 6 ; 11
20140414068: 2 4 6 ; 12
20140414069: 3 3 4 ; 10
20140414070: 1 2 3 ; 6
20140414071: 1 2 3 ; 6
20140414072: 1 1 4 ; 6
20140414073: 1 1 3 ; 5
20140414074: 4 5 5 ; 14
20140414075: 1 1 1 ; 3
20140414076: 5 6 6 ; 17
20140414077: 3 4 6 ; 13
20140414078: 1 2 5 ; 8
