20140824001: 2 4 6 ; 12
20140824002: 2 4 5 ; 11
20140824003: 2 5 6 ; 13
20140824004: 3 3 6 ; 12
20140824005: 3 4 5 ; 12
20140824006: 1 1 2 ; 4
20140824007: 2 4 6 ; 12
20140824008: 2 3 5 ; 10
20140824009: 3 4 5 ; 12
20140824010: 5 6 6 ; 17
20140824011: 3 3 6 ; 12
20140824012: 2 2 5 ; 9
20140824013: 1 4 6 ; 11
20140824014: 1 2 6 ; 9
20140824015: 2 5 6 ; 13
20140824016: 1 4 5 ; 10
20140824017: 1 3 6 ; 10
20140824018: 2 3 6 ; 11
20140824019: 2 4 4 ; 10
20140824020: 6 6 6 ; 18
20140824021: 2 3 6 ; 11
20140824022: 3 4 6 ; 13
20140824023: 3 3 3 ; 9
20140824024: 1 4 5 ; 10
20140824025: 3 6 6 ; 15
20140824026: 3 3 5 ; 11
20140824027: 2 3 5 ; 10
20140824028: 1 1 2 ; 4
20140824029: 1 6 6 ; 13
20140824030: 1 1 5 ; 7
20140824031: 1 2 2 ; 5
20140824032: 5 5 6 ; 16
20140824033: 2 6 6 ; 14
20140824034: 1 3 5 ; 9
20140824035: 2 4 5 ; 11
20140824036: 3 3 5 ; 11
20140824037: 1 3 4 ; 8
20140824038: 1 1 6 ; 8
20140824039: 3 3 4 ; 10
20140824040: 2 3 5 ; 10
20140824041: 2 2 6 ; 10
20140824042: 3 3 5 ; 11
20140824043: 3 3 4 ; 10
20140824044: 2 3 6 ; 11
20140824045: 3 4 5 ; 12
20140824046: 1 3 4 ; 8
20140824047: 2 3 3 ; 8
20140824048: 1 1 2 ; 4
20140824049: 4 5 5 ; 14
20140824050: 1 4 4 ; 9
20140824051: 1 3 5 ; 9
20140824052: 1 2 4 ; 7
20140824053: 1 1 2 ; 4
20140824054: 1 2 3 ; 6
20140824055: 1 4 6 ; 11
20140824056: 3 4 5 ; 12
20140824057: 1 2 6 ; 9
20140824058: 4 4 6 ; 14
20140824059: 2 4 4 ; 10
20140824060: 2 4 5 ; 11
20140824061: 3 4 5 ; 12
20140824062: 1 2 3 ; 6
20140824063: 1 1 3 ; 5
20140824064: 1 2 4 ; 7
20140824065: 1 6 6 ; 13
20140824066: 1 2 6 ; 9
20140824067: 1 3 4 ; 8
20140824068: 1 5 6 ; 12
20140824069: 1 1 6 ; 8
20140824070: 3 4 6 ; 13
20140824071: 2 3 5 ; 10
20140824072: 2 6 6 ; 14
20140824073: 1 1 4 ; 6
20140824074: 4 5 6 ; 15
20140824075: 1 2 5 ; 8
20140824076: 4 4 5 ; 13
20140824077: 3 5 6 ; 14
20140824078: 1 3 4 ; 8
