20140323001: 4 5 6 ; 15
20140323002: 3 4 5 ; 12
20140323003: 1 2 3 ; 6
20140323004: 4 5 6 ; 15
20140323005: 1 4 6 ; 11
20140323006: 2 5 6 ; 13
20140323007: 1 5 6 ; 12
20140323008: 2 3 3 ; 8
20140323009: 4 6 6 ; 16
20140323010: 1 4 6 ; 11
20140323011: 1 2 3 ; 6
20140323012: 1 2 5 ; 8
20140323013: 1 2 4 ; 7
20140323014: 4 5 6 ; 15
20140323015: 1 1 6 ; 8
20140323016: 1 5 5 ; 11
20140323017: 1 2 5 ; 8
20140323018: 1 4 5 ; 10
20140323019: 3 3 5 ; 11
20140323020: 2 5 5 ; 12
20140323021: 2 6 6 ; 14
20140323022: 4 5 6 ; 15
20140323023: 2 2 4 ; 8
20140323024: 1 2 3 ; 6
20140323025: 2 4 5 ; 11
20140323026: 1 4 4 ; 9
20140323027: 1 2 4 ; 7
20140323028: 2 3 5 ; 10
20140323029: 1 2 6 ; 9
20140323030: 1 4 6 ; 11
20140323031: 2 4 6 ; 12
20140323032: 4 5 6 ; 15
20140323033: 1 3 4 ; 8
20140323034: 3 3 6 ; 12
20140323035: 1 2 5 ; 8
20140323036: 3 5 5 ; 13
20140323037: 1 2 6 ; 9
20140323038: 1 3 6 ; 10
20140323039: 1 5 6 ; 12
20140323040: 4 4 6 ; 14
20140323041: 1 6 6 ; 13
20140323042: 3 4 6 ; 13
20140323043: 4 4 6 ; 14
20140323044: 3 5 6 ; 14
20140323045: 2 3 6 ; 11
20140323046: 1 2 6 ; 9
20140323047: 1 5 5 ; 11
20140323048: 2 4 6 ; 12
20140323049: 2 5 6 ; 13
20140323050: 1 4 5 ; 10
20140323051: 1 2 5 ; 8
20140323052: 2 4 6 ; 12
20140323053: 2 3 4 ; 9
20140323054: 1 2 6 ; 9
20140323055: 2 3 3 ; 8
20140323056: 2 3 6 ; 11
20140323057: 2 2 3 ; 7
20140323058: 1 2 2 ; 5
20140323059: 3 4 6 ; 13
20140323060: 4 4 4 ; 12
20140323061: 2 4 5 ; 11
20140323062: 5 5 6 ; 16
20140323063: 3 5 6 ; 14
20140323064: 2 3 4 ; 9
20140323065: 1 4 5 ; 10
20140323066: 3 5 6 ; 14
20140323067: 2 5 5 ; 12
20140323068: 3 3 6 ; 12
20140323069: 2 4 6 ; 12
20140323070: 1 3 5 ; 9
20140323071: 1 2 5 ; 8
20140323072: 1 3 6 ; 10
20140323073: 1 4 5 ; 10
20140323074: 1 2 5 ; 8
20140323075: 5 5 6 ; 16
20140323076: 4 4 5 ; 13
20140323077: 1 3 6 ; 10
20140323078: 2 3 4 ; 9
