20140209001: 1 2 3 ; 6
20140209002: 1 2 4 ; 7
20140209003: 1 2 3 ; 6
20140209004: 3 4 6 ; 13
20140209005: 2 3 5 ; 10
20140209006: 1 5 6 ; 12
20140209007: 2 6 6 ; 14
20140209008: 1 3 5 ; 9
20140209009: 3 4 6 ; 13
20140209010: 2 2 4 ; 8
20140209011: 1 2 5 ; 8
20140209012: 1 4 5 ; 10
20140209013: 1 2 6 ; 9
20140209014: 2 2 6 ; 10
20140209015: 1 2 4 ; 7
20140209016: 2 2 4 ; 8
20140209017: 1 3 4 ; 8
20140209018: 2 4 4 ; 10
20140209019: 3 4 6 ; 13
20140209020: 2 3 4 ; 9
20140209021: 5 5 6 ; 16
20140209022: 3 4 6 ; 13
20140209023: 3 4 4 ; 11
20140209024: 3 5 5 ; 13
20140209025: 3 4 6 ; 13
20140209026: 1 1 2 ; 4
20140209027: 3 4 4 ; 11
20140209028: 1 3 5 ; 9
20140209029: 1 4 5 ; 10
20140209030: 2 2 3 ; 7
20140209031: 4 4 4 ; 12
20140209032: 3 3 4 ; 10
20140209033: 1 2 5 ; 8
20140209034: 1 1 5 ; 7
20140209035: 2 4 5 ; 11
20140209036: 1 1 5 ; 7
20140209037: 2 2 3 ; 7
20140209038: 2 2 6 ; 10
20140209039: 1 4 4 ; 9
20140209040: 4 5 6 ; 15
20140209041: 1 1 6 ; 8
20140209042: 3 5 6 ; 14
20140209043: 1 1 2 ; 4
20140209044: 2 3 5 ; 10
20140209045: 2 3 4 ; 9
20140209046: 1 6 6 ; 13
20140209047: 1 3 5 ; 9
20140209048: 1 3 5 ; 9
20140209049: 3 4 6 ; 13
20140209050: 2 5 5 ; 12
20140209051: 2 3 4 ; 9
20140209052: 1 2 3 ; 6
20140209053: 1 3 5 ; 9
20140209054: 1 3 6 ; 10
20140209055: 2 4 5 ; 11
20140209056: 1 1 4 ; 6
20140209057: 1 3 3 ; 7
20140209058: 2 3 3 ; 8
20140209059: 1 2 3 ; 6
20140209060: 1 2 6 ; 9
20140209061: 1 4 5 ; 10
20140209062: 2 3 3 ; 8
20140209063: 1 1 3 ; 5
20140209064: 1 1 4 ; 6
20140209065: 2 3 5 ; 10
20140209066: 2 4 5 ; 11
20140209067: 4 5 6 ; 15
20140209068: 1 4 6 ; 11
20140209069: 1 2 6 ; 9
20140209070: 1 3 4 ; 8
20140209071: 1 2 4 ; 7
20140209072: 1 5 6 ; 12
20140209073: 2 4 5 ; 11
20140209074: 1 4 6 ; 11
20140209075: 3 4 5 ; 12
20140209076: 1 1 3 ; 5
20140209077: 1 1 3 ; 5
20140209078: 1 2 5 ; 8
