20140608001: 3 3 6 ; 12
20140608002: 1 5 5 ; 11
20140608003: 1 5 5 ; 11
20140608004: 1 1 3 ; 5
20140608005: 2 2 3 ; 7
20140608006: 1 2 3 ; 6
20140608007: 2 4 6 ; 12
20140608008: 2 4 4 ; 10
20140608009: 2 3 6 ; 11
20140608010: 6 6 6 ; 18
20140608011: 2 4 6 ; 12
20140608012: 1 1 5 ; 7
20140608013: 1 3 5 ; 9
20140608014: 2 3 6 ; 11
20140608015: 2 4 4 ; 10
20140608016: 2 4 5 ; 11
20140608017: 1 2 2 ; 5
20140608018: 2 4 5 ; 11
20140608019: 1 3 5 ; 9
20140608020: 3 4 6 ; 13
20140608021: 1 1 5 ; 7
20140608022: 2 2 5 ; 9
20140608023: 2 2 5 ; 9
20140608024: 2 5 6 ; 13
20140608025: 2 5 6 ; 13
20140608026: 1 4 5 ; 10
20140608027: 4 6 6 ; 16
20140608028: 3 3 6 ; 12
20140608029: 2 4 6 ; 12
20140608030: 1 5 5 ; 11
20140608031: 2 2 6 ; 10
20140608032: 3 5 5 ; 13
20140608033: 3 3 5 ; 11
20140608034: 5 6 6 ; 17
20140608035: 1 1 4 ; 6
20140608036: 1 2 6 ; 9
20140608037: 3 3 6 ; 12
20140608038: 4 5 6 ; 15
20140608039: 3 3 4 ; 10
20140608040: 1 1 1 ; 3
20140608041: 2 3 4 ; 9
20140608042: 1 4 6 ; 11
20140608043: 2 3 6 ; 11
20140608044: 3 4 5 ; 12
20140608045: 3 4 4 ; 11
20140608046: 1 3 5 ; 9
20140608047: 2 4 6 ; 12
20140608048: 1 1 1 ; 3
20140608049: 3 5 5 ; 13
20140608050: 2 4 6 ; 12
20140608051: 2 4 5 ; 11
20140608052: 3 5 5 ; 13
20140608053: 2 3 4 ; 9
20140608054: 3 3 6 ; 12
20140608055: 3 3 5 ; 11
20140608056: 2 5 6 ; 13
20140608057: 2 3 5 ; 10
20140608058: 4 5 6 ; 15
20140608059: 4 4 6 ; 14
20140608060: 5 6 6 ; 17
20140608061: 2 3 3 ; 8
20140608062: 1 3 5 ; 9
20140608063: 2 5 6 ; 13
20140608064: 1 5 5 ; 11
20140608065: 3 3 6 ; 12
20140608066: 3 3 5 ; 11
20140608067: 1 2 3 ; 6
20140608068: 1 1 4 ; 6
20140608069: 3 5 5 ; 13
20140608070: 3 3 4 ; 10
20140608071: 3 4 6 ; 13
20140608072: 2 2 4 ; 8
20140608073: 3 5 6 ; 14
20140608074: 3 3 4 ; 10
20140608075: 2 2 3 ; 7
20140608076: 1 5 6 ; 12
20140608077: 1 1 5 ; 7
20140608078: 2 2 4 ; 8
