20140315001: 1 1 6 ; 8
20140315002: 1 1 5 ; 7
20140315003: 3 6 6 ; 15
20140315004: 1 1 2 ; 4
20140315005: 2 2 4 ; 8
20140315006: 3 4 5 ; 12
20140315007: 2 3 4 ; 9
20140315008: 2 3 4 ; 9
20140315009: 3 4 5 ; 12
20140315010: 2 2 3 ; 7
20140315011: 2 4 6 ; 12
20140315012: 5 5 6 ; 16
20140315013: 3 3 5 ; 11
20140315014: 3 5 6 ; 14
20140315015: 3 4 5 ; 12
20140315016: 1 1 2 ; 4
20140315017: 3 4 6 ; 13
20140315018: 3 5 6 ; 14
20140315019: 1 2 6 ; 9
20140315020: 1 1 5 ; 7
20140315021: 4 6 6 ; 16
20140315022: 4 4 6 ; 14
20140315023: 3 4 5 ; 12
20140315024: 3 4 6 ; 13
20140315025: 5 5 6 ; 16
20140315026: 1 4 6 ; 11
20140315027: 2 3 3 ; 8
20140315028: 1 3 4 ; 8
20140315029: 4 6 6 ; 16
20140315030: 1 4 4 ; 9
20140315031: 1 2 3 ; 6
20140315032: 1 1 4 ; 6
20140315033: 2 4 4 ; 10
20140315034: 2 4 5 ; 11
20140315035: 1 2 5 ; 8
20140315036: 1 5 6 ; 12
20140315037: 2 4 5 ; 11
20140315038: 2 3 6 ; 11
20140315039: 2 2 4 ; 8
20140315040: 2 3 4 ; 9
20140315041: 3 3 4 ; 10
20140315042: 1 3 4 ; 8
20140315043: 3 3 6 ; 12
20140315044: 1 3 5 ; 9
20140315045: 1 1 6 ; 8
20140315046: 1 2 5 ; 8
20140315047: 5 5 6 ; 16
20140315048: 4 4 6 ; 14
20140315049: 3 6 6 ; 15
20140315050: 2 5 6 ; 13
20140315051: 2 3 3 ; 8
20140315052: 2 3 5 ; 10
20140315053: 1 1 4 ; 6
20140315054: 1 5 5 ; 11
20140315055: 1 2 3 ; 6
20140315056: 3 5 6 ; 14
20140315057: 4 6 6 ; 16
20140315058: 3 5 6 ; 14
20140315059: 2 3 6 ; 11
20140315060: 1 3 4 ; 8
20140315061: 4 5 5 ; 14
20140315062: 2 3 6 ; 11
20140315063: 2 4 5 ; 11
20140315064: 4 5 6 ; 15
20140315065: 2 2 4 ; 8
20140315066: 3 5 6 ; 14
20140315067: 2 3 4 ; 9
20140315068: 3 3 6 ; 12
20140315069: 2 6 6 ; 14
20140315070: 1 4 5 ; 10
20140315071: 3 3 5 ; 11
20140315072: 5 5 6 ; 16
20140315073: 1 3 4 ; 8
20140315074: 2 3 4 ; 9
20140315075: 5 5 6 ; 16
20140315076: 1 4 5 ; 10
20140315077: 1 4 5 ; 10
20140315078: 1 3 4 ; 8
