20140104001: 2 3 6 ; 11
20140104002: 1 1 2 ; 4
20140104003: 1 3 5 ; 9
20140104004: 1 2 6 ; 9
20140104005: 3 4 6 ; 13
20140104006: 2 4 5 ; 11
20140104007: 3 5 5 ; 13
20140104008: 1 2 4 ; 7
20140104009: 1 3 5 ; 9
20140104010: 1 1 5 ; 7
20140104011: 5 6 6 ; 17
20140104012: 3 5 5 ; 13
20140104013: 1 2 6 ; 9
20140104014: 1 2 3 ; 6
20140104015: 1 3 4 ; 8
20140104016: 3 4 6 ; 13
20140104017: 2 2 4 ; 8
20140104018: 3 3 4 ; 10
20140104019: 1 4 6 ; 11
20140104020: 5 5 6 ; 16
20140104021: 2 3 4 ; 9
20140104022: 2 2 6 ; 10
20140104023: 3 4 4 ; 11
20140104024: 1 1 6 ; 8
20140104025: 1 2 3 ; 6
20140104026: 3 6 6 ; 15
20140104027: 2 3 6 ; 11
20140104028: 1 4 5 ; 10
20140104029: 1 3 6 ; 10
20140104030: 2 2 4 ; 8
20140104031: 3 5 6 ; 14
20140104032: 6 6 6 ; 18
20140104033: 1 3 6 ; 10
20140104034: 3 5 5 ; 13
20140104035: 1 3 6 ; 10
20140104036: 2 2 5 ; 9
20140104037: 3 4 6 ; 13
20140104038: 3 6 6 ; 15
20140104039: 1 4 4 ; 9
20140104040: 1 3 4 ; 8
20140104041: 3 3 4 ; 10
20140104042: 2 3 6 ; 11
20140104043: 1 2 2 ; 5
20140104044: 1 4 6 ; 11
20140104045: 3 3 4 ; 10
20140104046: 3 4 4 ; 11
20140104047: 1 3 4 ; 8
20140104048: 2 2 4 ; 8
20140104049: 4 5 5 ; 14
20140104050: 4 4 4 ; 12
20140104051: 1 3 6 ; 10
20140104052: 3 4 6 ; 13
20140104053: 3 3 6 ; 12
20140104054: 1 2 5 ; 8
20140104055: 3 4 5 ; 12
20140104056: 2 3 6 ; 11
20140104057: 2 4 4 ; 10
20140104058: 2 6 6 ; 14
20140104059: 4 6 6 ; 16
20140104060: 1 2 6 ; 9
20140104061: 1 2 4 ; 7
20140104062: 4 6 6 ; 16
20140104063: 5 6 6 ; 17
20140104064: 1 2 5 ; 8
20140104065: 4 5 5 ; 14
20140104066: 1 3 4 ; 8
20140104067: 4 6 6 ; 16
20140104068: 3 3 4 ; 10
20140104069: 4 4 6 ; 14
20140104070: 3 4 4 ; 11
20140104071: 1 2 4 ; 7
20140104072: 2 3 4 ; 9
20140104073: 2 3 6 ; 11
20140104074: 1 4 6 ; 11
20140104075: 6 6 6 ; 18
20140104076: 1 3 6 ; 10
20140104077: 1 3 4 ; 8
20140104078: 3 3 6 ; 12
