20140225001: 3 4 5 ; 12
20140225002: 2 2 3 ; 7
20140225003: 1 2 4 ; 7
20140225004: 1 1 3 ; 5
20140225005: 2 3 4 ; 9
20140225006: 1 3 5 ; 9
20140225007: 1 2 6 ; 9
20140225008: 3 5 5 ; 13
20140225009: 2 3 6 ; 11
20140225010: 1 2 2 ; 5
20140225011: 2 5 6 ; 13
20140225012: 2 2 3 ; 7
20140225013: 4 5 6 ; 15
20140225014: 2 3 5 ; 10
20140225015: 2 2 3 ; 7
20140225016: 2 5 6 ; 13
20140225017: 1 2 5 ; 8
20140225018: 1 2 5 ; 8
20140225019: 3 5 5 ; 13
20140225020: 3 4 6 ; 13
20140225021: 4 6 6 ; 16
20140225022: 2 3 6 ; 11
20140225023: 1 5 6 ; 12
20140225024: 1 2 3 ; 6
20140225025: 3 6 6 ; 15
20140225026: 4 4 6 ; 14
20140225027: 1 3 6 ; 10
20140225028: 1 1 2 ; 4
20140225029: 2 5 5 ; 12
20140225030: 3 4 5 ; 12
20140225031: 2 3 6 ; 11
20140225032: 1 2 5 ; 8
20140225033: 1 2 3 ; 6
20140225034: 5 6 6 ; 17
20140225035: 2 3 4 ; 9
20140225036: 3 3 6 ; 12
20140225037: 4 5 5 ; 14
20140225038: 1 5 5 ; 11
20140225039: 2 5 6 ; 13
20140225040: 2 4 6 ; 12
20140225041: 1 1 3 ; 5
20140225042: 3 3 4 ; 10
20140225043: 5 6 6 ; 17
20140225044: 3 5 6 ; 14
20140225045: 2 2 4 ; 8
20140225046: 1 2 6 ; 9
20140225047: 1 4 5 ; 10
20140225048: 2 2 4 ; 8
20140225049: 3 3 3 ; 9
20140225050: 3 4 6 ; 13
20140225051: 1 3 5 ; 9
20140225052: 3 4 6 ; 13
20140225053: 3 4 6 ; 13
20140225054: 1 5 6 ; 12
20140225055: 1 1 5 ; 7
20140225056: 1 2 3 ; 6
20140225057: 1 1 5 ; 7
20140225058: 1 5 5 ; 11
20140225059: 1 2 3 ; 6
20140225060: 1 5 6 ; 12
20140225061: 5 6 6 ; 17
20140225062: 1 1 5 ; 7
20140225063: 2 3 3 ; 8
20140225064: 3 4 6 ; 13
20140225065: 2 2 5 ; 9
20140225066: 2 3 4 ; 9
20140225067: 3 5 5 ; 13
20140225068: 1 1 4 ; 6
20140225069: 1 2 3 ; 6
20140225070: 1 3 5 ; 9
20140225071: 2 4 5 ; 11
20140225072: 2 4 5 ; 11
20140225073: 1 2 4 ; 7
20140225074: 4 5 6 ; 15
20140225075: 2 4 6 ; 12
20140225076: 1 2 6 ; 9
20140225077: 2 6 6 ; 14
20140225078: 3 4 6 ; 13
