20140222001: 1 2 3 ; 6
20140222002: 1 2 5 ; 8
20140222003: 2 4 5 ; 11
20140222004: 2 5 6 ; 13
20140222005: 1 1 1 ; 3
20140222006: 3 5 5 ; 13
20140222007: 2 3 4 ; 9
20140222008: 2 2 4 ; 8
20140222009: 4 4 5 ; 13
20140222010: 1 2 3 ; 6
20140222011: 2 5 6 ; 13
20140222012: 1 2 4 ; 7
20140222013: 1 2 3 ; 6
20140222014: 5 6 6 ; 17
20140222015: 2 2 4 ; 8
20140222016: 2 4 4 ; 10
20140222017: 4 5 6 ; 15
20140222018: 1 5 6 ; 12
20140222019: 2 4 6 ; 12
20140222020: 2 4 5 ; 11
20140222021: 2 4 6 ; 12
20140222022: 5 5 5 ; 15
20140222023: 1 3 5 ; 9
20140222024: 1 1 2 ; 4
20140222025: 1 2 3 ; 6
20140222026: 1 4 6 ; 11
20140222027: 2 2 6 ; 10
20140222028: 1 2 2 ; 5
20140222029: 3 4 6 ; 13
20140222030: 4 5 6 ; 15
20140222031: 3 4 6 ; 13
20140222032: 2 3 6 ; 11
20140222033: 2 4 5 ; 11
20140222034: 3 4 6 ; 13
20140222035: 3 4 5 ; 12
20140222036: 1 3 4 ; 8
20140222037: 4 4 6 ; 14
20140222038: 3 3 5 ; 11
20140222039: 4 5 6 ; 15
20140222040: 2 3 4 ; 9
20140222041: 3 5 6 ; 14
20140222042: 2 4 4 ; 10
20140222043: 1 1 1 ; 3
20140222044: 1 3 5 ; 9
20140222045: 2 4 6 ; 12
20140222046: 3 4 6 ; 13
20140222047: 1 1 4 ; 6
20140222048: 1 4 5 ; 10
20140222049: 1 2 3 ; 6
20140222050: 1 2 3 ; 6
20140222051: 1 2 6 ; 9
20140222052: 3 6 6 ; 15
20140222053: 1 2 6 ; 9
20140222054: 1 2 6 ; 9
20140222055: 1 5 6 ; 12
20140222056: 4 5 5 ; 14
20140222057: 1 2 6 ; 9
20140222058: 3 4 6 ; 13
20140222059: 1 5 5 ; 11
20140222060: 1 3 5 ; 9
20140222061: 1 2 6 ; 9
20140222062: 3 3 4 ; 10
20140222063: 1 1 3 ; 5
20140222064: 3 4 4 ; 11
20140222065: 3 3 5 ; 11
20140222066: 4 5 6 ; 15
20140222067: 2 2 6 ; 10
20140222068: 1 4 4 ; 9
20140222069: 1 5 5 ; 11
20140222070: 1 1 3 ; 5
20140222071: 1 4 6 ; 11
20140222072: 3 4 6 ; 13
20140222073: 1 3 5 ; 9
20140222074: 1 5 5 ; 11
20140222075: 1 3 4 ; 8
20140222076: 2 2 6 ; 10
20140222077: 1 1 5 ; 7
20140222078: 1 4 4 ; 9
