20140305001: 5 5 6 ; 16
20140305002: 2 3 4 ; 9
20140305003: 2 2 5 ; 9
20140305004: 2 3 4 ; 9
20140305005: 5 5 6 ; 16
20140305006: 1 3 4 ; 8
20140305007: 2 2 4 ; 8
20140305008: 1 3 3 ; 7
20140305009: 2 2 4 ; 8
20140305010: 1 1 6 ; 8
20140305011: 3 6 6 ; 15
20140305012: 1 5 6 ; 12
20140305013: 3 5 6 ; 14
20140305014: 1 2 3 ; 6
20140305015: 5 5 5 ; 15
20140305016: 2 6 6 ; 14
20140305017: 1 5 6 ; 12
20140305018: 1 1 2 ; 4
20140305019: 1 1 5 ; 7
20140305020: 1 1 4 ; 6
20140305021: 1 2 3 ; 6
20140305022: 2 4 4 ; 10
20140305023: 1 2 5 ; 8
20140305024: 1 3 4 ; 8
20140305025: 2 2 2 ; 6
20140305026: 4 6 6 ; 16
20140305027: 2 2 4 ; 8
20140305028: 3 3 6 ; 12
20140305029: 1 3 3 ; 7
20140305030: 1 2 5 ; 8
20140305031: 2 4 4 ; 10
20140305032: 3 3 6 ; 12
20140305033: 4 5 5 ; 14
20140305034: 1 3 6 ; 10
20140305035: 2 4 5 ; 11
20140305036: 2 4 4 ; 10
20140305037: 1 2 2 ; 5
20140305038: 3 5 6 ; 14
20140305039: 4 5 6 ; 15
20140305040: 2 3 5 ; 10
20140305041: 2 3 6 ; 11
20140305042: 1 3 6 ; 10
20140305043: 4 5 6 ; 15
20140305044: 1 2 2 ; 5
20140305045: 1 2 3 ; 6
20140305046: 2 3 6 ; 11
20140305047: 4 4 5 ; 13
20140305048: 1 2 4 ; 7
20140305049: 1 1 3 ; 5
20140305050: 1 4 6 ; 11
20140305051: 1 1 4 ; 6
20140305052: 1 4 5 ; 10
20140305053: 1 5 5 ; 11
20140305054: 1 3 5 ; 9
20140305055: 4 5 5 ; 14
20140305056: 1 6 6 ; 13
20140305057: 1 3 6 ; 10
20140305058: 5 6 6 ; 17
20140305059: 2 4 5 ; 11
20140305060: 1 2 5 ; 8
20140305061: 1 2 4 ; 7
20140305062: 2 2 6 ; 10
20140305063: 2 3 4 ; 9
20140305064: 4 4 6 ; 14
20140305065: 3 5 6 ; 14
20140305066: 1 3 3 ; 7
20140305067: 4 6 6 ; 16
20140305068: 2 5 6 ; 13
20140305069: 5 6 6 ; 17
20140305070: 3 3 5 ; 11
20140305071: 4 4 5 ; 13
20140305072: 1 2 3 ; 6
20140305073: 2 2 6 ; 10
20140305074: 1 5 6 ; 12
20140305075: 2 2 6 ; 10
20140305076: 3 4 5 ; 12
20140305077: 1 6 6 ; 13
20140305078: 4 6 6 ; 16
