20140509001: 1 3 6 ; 10
20140509002: 2 4 6 ; 12
20140509003: 3 4 6 ; 13
20140509004: 4 5 6 ; 15
20140509005: 2 5 6 ; 13
20140509006: 1 3 6 ; 10
20140509007: 1 4 5 ; 10
20140509008: 3 3 3 ; 9
20140509009: 1 2 5 ; 8
20140509010: 3 5 6 ; 14
20140509011: 2 5 6 ; 13
20140509012: 2 4 6 ; 12
20140509013: 3 3 6 ; 12
20140509014: 2 3 5 ; 10
20140509015: 1 3 6 ; 10
20140509016: 2 4 5 ; 11
20140509017: 1 2 2 ; 5
20140509018: 3 4 5 ; 12
20140509019: 1 5 6 ; 12
20140509020: 1 2 5 ; 8
20140509021: 1 3 4 ; 8
20140509022: 3 4 6 ; 13
20140509023: 2 2 5 ; 9
20140509024: 1 2 6 ; 9
20140509025: 1 2 6 ; 9
20140509026: 2 2 2 ; 6
20140509027: 2 3 4 ; 9
20140509028: 3 5 5 ; 13
20140509029: 2 3 4 ; 9
20140509030: 2 3 6 ; 11
20140509031: 2 4 5 ; 11
20140509032: 1 1 5 ; 7
20140509033: 1 1 2 ; 4
20140509034: 1 4 6 ; 11
20140509035: 1 3 4 ; 8
20140509036: 3 3 4 ; 10
20140509037: 1 3 6 ; 10
20140509038: 2 4 6 ; 12
20140509039: 3 4 5 ; 12
20140509040: 1 3 6 ; 10
20140509041: 1 1 5 ; 7
20140509042: 2 2 6 ; 10
20140509043: 1 4 4 ; 9
20140509044: 1 5 5 ; 11
20140509045: 5 6 6 ; 17
20140509046: 4 4 5 ; 13
20140509047: 2 4 6 ; 12
20140509048: 2 3 6 ; 11
20140509049: 1 2 5 ; 8
20140509050: 3 4 6 ; 13
20140509051: 2 2 2 ; 6
20140509052: 4 5 6 ; 15
20140509053: 4 4 5 ; 13
20140509054: 4 5 6 ; 15
20140509055: 3 4 6 ; 13
20140509056: 2 2 6 ; 10
20140509057: 3 3 5 ; 11
20140509058: 1 1 4 ; 6
20140509059: 1 5 6 ; 12
20140509060: 3 4 6 ; 13
20140509061: 1 4 4 ; 9
20140509062: 1 2 5 ; 8
20140509063: 2 3 3 ; 8
20140509064: 1 2 2 ; 5
20140509065: 1 2 6 ; 9
20140509066: 2 3 5 ; 10
20140509067: 2 3 3 ; 8
20140509068: 1 2 4 ; 7
20140509069: 2 2 4 ; 8
20140509070: 1 5 6 ; 12
20140509071: 1 1 6 ; 8
20140509072: 1 2 6 ; 9
20140509073: 3 3 4 ; 10
20140509074: 4 5 5 ; 14
20140509075: 3 4 6 ; 13
20140509076: 2 3 3 ; 8
20140509077: 1 3 3 ; 7
20140509078: 2 3 3 ; 8
