20140501001: 1 2 6 ; 9
20140501002: 2 2 3 ; 7
20140501003: 2 4 4 ; 10
20140501004: 2 2 6 ; 10
20140501005: 3 6 6 ; 15
20140501006: 2 2 4 ; 8
20140501007: 1 2 3 ; 6
20140501008: 3 3 4 ; 10
20140501009: 2 2 3 ; 7
20140501010: 2 3 4 ; 9
20140501011: 3 3 6 ; 12
20140501012: 1 3 4 ; 8
20140501013: 3 3 5 ; 11
20140501014: 4 5 6 ; 15
20140501015: 2 4 5 ; 11
20140501016: 5 6 6 ; 17
20140501017: 1 3 6 ; 10
20140501018: 2 2 3 ; 7
20140501019: 2 4 6 ; 12
20140501020: 4 5 5 ; 14
20140501021: 5 5 6 ; 16
20140501022: 2 5 6 ; 13
20140501023: 2 4 5 ; 11
20140501024: 1 4 6 ; 11
20140501025: 2 2 5 ; 9
20140501026: 4 4 5 ; 13
20140501027: 1 1 2 ; 4
20140501028: 1 1 4 ; 6
20140501029: 6 6 6 ; 18
20140501030: 1 4 5 ; 10
20140501031: 2 2 3 ; 7
20140501032: 1 2 5 ; 8
20140501033: 1 3 5 ; 9
20140501034: 2 4 5 ; 11
20140501035: 5 5 6 ; 16
20140501036: 2 3 6 ; 11
20140501037: 1 1 2 ; 4
20140501038: 2 3 4 ; 9
20140501039: 1 2 2 ; 5
20140501040: 1 1 5 ; 7
20140501041: 1 2 2 ; 5
20140501042: 1 2 5 ; 8
20140501043: 2 2 3 ; 7
20140501044: 1 2 6 ; 9
20140501045: 3 4 5 ; 12
20140501046: 3 4 6 ; 13
20140501047: 2 5 6 ; 13
20140501048: 1 1 5 ; 7
20140501049: 1 3 4 ; 8
20140501050: 2 3 5 ; 10
20140501051: 1 2 5 ; 8
20140501052: 3 4 6 ; 13
20140501053: 1 1 6 ; 8
20140501054: 3 4 5 ; 12
20140501055: 1 2 3 ; 6
20140501056: 1 4 5 ; 10
20140501057: 2 2 6 ; 10
20140501058: 1 2 6 ; 9
20140501059: 2 3 6 ; 11
20140501060: 1 1 2 ; 4
20140501061: 3 4 5 ; 12
20140501062: 1 4 4 ; 9
20140501063: 2 3 4 ; 9
20140501064: 1 1 5 ; 7
20140501065: 1 1 6 ; 8
20140501066: 1 4 4 ; 9
20140501067: 2 3 3 ; 8
20140501068: 1 1 5 ; 7
20140501069: 1 4 5 ; 10
20140501070: 2 5 5 ; 12
20140501071: 1 2 3 ; 6
20140501072: 2 4 6 ; 12
20140501073: 3 3 6 ; 12
20140501074: 1 1 2 ; 4
20140501075: 3 3 5 ; 11
20140501076: 1 2 3 ; 6
20140501077: 3 5 6 ; 14
20140501078: 3 4 4 ; 11
