20140310001: 4 5 6 ; 15
20140310002: 1 2 6 ; 9
20140310003: 1 6 6 ; 13
20140310004: 1 5 5 ; 11
20140310005: 2 5 6 ; 13
20140310006: 2 4 5 ; 11
20140310007: 3 5 6 ; 14
20140310008: 2 4 6 ; 12
20140310009: 2 4 5 ; 11
20140310010: 3 3 6 ; 12
20140310011: 1 2 4 ; 7
20140310012: 3 4 4 ; 11
20140310013: 4 4 6 ; 14
20140310014: 3 5 5 ; 13
20140310015: 2 2 4 ; 8
20140310016: 2 6 6 ; 14
20140310017: 1 1 3 ; 5
20140310018: 3 4 6 ; 13
20140310019: 2 4 5 ; 11
20140310020: 1 2 5 ; 8
20140310021: 2 2 3 ; 7
20140310022: 1 2 6 ; 9
20140310023: 3 4 4 ; 11
20140310024: 2 4 6 ; 12
20140310025: 1 2 5 ; 8
20140310026: 5 6 6 ; 17
20140310027: 5 6 6 ; 17
20140310028: 3 5 6 ; 14
20140310029: 1 2 6 ; 9
20140310030: 4 5 5 ; 14
20140310031: 3 5 6 ; 14
20140310032: 2 3 3 ; 8
20140310033: 1 1 3 ; 5
20140310034: 3 4 5 ; 12
20140310035: 3 5 6 ; 14
20140310036: 1 3 4 ; 8
20140310037: 1 4 5 ; 10
20140310038: 1 1 5 ; 7
20140310039: 1 4 5 ; 10
20140310040: 1 1 1 ; 3
20140310041: 1 6 6 ; 13
20140310042: 1 4 5 ; 10
20140310043: 1 4 6 ; 11
20140310044: 1 4 6 ; 11
20140310045: 1 2 6 ; 9
20140310046: 1 1 4 ; 6
20140310047: 2 6 6 ; 14
20140310048: 2 2 4 ; 8
20140310049: 1 5 5 ; 11
20140310050: 1 6 6 ; 13
20140310051: 1 3 5 ; 9
20140310052: 2 3 3 ; 8
20140310053: 3 5 5 ; 13
20140310054: 1 3 3 ; 7
20140310055: 2 5 6 ; 13
20140310056: 2 5 6 ; 13
20140310057: 2 3 6 ; 11
20140310058: 2 6 6 ; 14
20140310059: 3 4 6 ; 13
20140310060: 1 3 4 ; 8
20140310061: 2 3 6 ; 11
20140310062: 1 4 5 ; 10
20140310063: 1 1 6 ; 8
20140310064: 1 1 2 ; 4
20140310065: 3 4 6 ; 13
20140310066: 3 5 6 ; 14
20140310067: 3 4 5 ; 12
20140310068: 3 3 6 ; 12
20140310069: 1 1 6 ; 8
20140310070: 2 3 4 ; 9
20140310071: 3 3 4 ; 10
20140310072: 5 5 6 ; 16
20140310073: 4 5 6 ; 15
20140310074: 1 5 6 ; 12
20140310075: 2 4 5 ; 11
20140310076: 4 4 6 ; 14
20140310077: 1 3 5 ; 9
20140310078: 1 3 3 ; 7
