20140330001: 1 2 6 ; 9
20140330002: 2 3 6 ; 11
20140330003: 4 5 6 ; 15
20140330004: 4 4 4 ; 12
20140330005: 3 3 4 ; 10
20140330006: 1 2 6 ; 9
20140330007: 2 3 5 ; 10
20140330008: 2 2 3 ; 7
20140330009: 2 3 4 ; 9
20140330010: 4 5 6 ; 15
20140330011: 3 6 6 ; 15
20140330012: 1 3 5 ; 9
20140330013: 4 5 6 ; 15
20140330014: 1 3 5 ; 9
20140330015: 1 4 6 ; 11
20140330016: 5 5 6 ; 16
20140330017: 1 4 5 ; 10
20140330018: 1 3 3 ; 7
20140330019: 1 1 2 ; 4
20140330020: 2 5 6 ; 13
20140330021: 2 3 6 ; 11
20140330022: 2 5 6 ; 13
20140330023: 2 4 4 ; 10
20140330024: 2 3 6 ; 11
20140330025: 1 2 5 ; 8
20140330026: 1 4 6 ; 11
20140330027: 1 4 5 ; 10
20140330028: 2 3 4 ; 9
20140330029: 2 4 6 ; 12
20140330030: 1 1 3 ; 5
20140330031: 3 3 5 ; 11
20140330032: 2 3 5 ; 10
20140330033: 1 4 6 ; 11
20140330034: 2 3 6 ; 11
20140330035: 1 1 4 ; 6
20140330036: 5 5 6 ; 16
20140330037: 2 3 3 ; 8
20140330038: 1 2 6 ; 9
20140330039: 3 3 5 ; 11
20140330040: 2 2 5 ; 9
20140330041: 5 6 6 ; 17
20140330042: 2 4 6 ; 12
20140330043: 2 3 4 ; 9
20140330044: 3 4 5 ; 12
20140330045: 2 6 6 ; 14
20140330046: 1 2 5 ; 8
20140330047: 4 5 5 ; 14
20140330048: 2 4 6 ; 12
20140330049: 1 6 6 ; 13
20140330050: 3 3 6 ; 12
20140330051: 2 3 5 ; 10
20140330052: 1 6 6 ; 13
20140330053: 3 5 5 ; 13
20140330054: 3 4 5 ; 12
20140330055: 2 5 6 ; 13
20140330056: 1 3 4 ; 8
20140330057: 1 2 6 ; 9
20140330058: 2 3 5 ; 10
20140330059: 1 3 4 ; 8
20140330060: 5 5 6 ; 16
20140330061: 2 3 3 ; 8
20140330062: 4 5 5 ; 14
20140330063: 3 5 5 ; 13
20140330064: 1 3 6 ; 10
20140330065: 2 4 5 ; 11
20140330066: 2 4 5 ; 11
20140330067: 2 2 2 ; 6
20140330068: 2 5 6 ; 13
20140330069: 2 4 4 ; 10
20140330070: 1 3 4 ; 8
20140330071: 2 5 6 ; 13
20140330072: 3 4 6 ; 13
20140330073: 1 3 6 ; 10
20140330074: 1 2 6 ; 9
20140330075: 2 2 6 ; 10
20140330076: 1 5 6 ; 12
20140330077: 2 5 6 ; 13
20140330078: 4 5 5 ; 14
