20140805001: 3 4 4 ; 11
20140805002: 1 4 4 ; 9
20140805003: 1 3 4 ; 8
20140805004: 2 4 5 ; 11
20140805005: 1 4 5 ; 10
20140805006: 1 2 4 ; 7
20140805007: 2 5 5 ; 12
20140805008: 3 4 5 ; 12
20140805009: 1 2 3 ; 6
20140805010: 2 3 5 ; 10
20140805011: 1 2 6 ; 9
20140805012: 1 2 2 ; 5
20140805013: 1 3 4 ; 8
20140805014: 3 5 6 ; 14
20140805015: 3 3 5 ; 11
20140805016: 1 3 4 ; 8
20140805017: 4 5 6 ; 15
20140805018: 1 5 6 ; 12
20140805019: 1 3 4 ; 8
20140805020: 1 1 6 ; 8
20140805021: 1 3 4 ; 8
20140805022: 3 5 6 ; 14
20140805023: 1 4 5 ; 10
20140805024: 2 3 4 ; 9
20140805025: 5 6 6 ; 17
20140805026: 1 6 6 ; 13
20140805027: 2 4 6 ; 12
20140805028: 3 4 4 ; 11
20140805029: 3 4 6 ; 13
20140805030: 1 4 6 ; 11
20140805031: 1 5 5 ; 11
20140805032: 1 2 4 ; 7
20140805033: 1 3 5 ; 9
20140805034: 1 2 5 ; 8
20140805035: 1 2 3 ; 6
20140805036: 1 4 5 ; 10
20140805037: 2 5 5 ; 12
20140805038: 3 5 6 ; 14
20140805039: 5 6 6 ; 17
20140805040: 3 5 5 ; 13
20140805041: 1 3 6 ; 10
20140805042: 1 2 3 ; 6
20140805043: 2 3 5 ; 10
20140805044: 1 3 5 ; 9
20140805045: 1 1 6 ; 8
20140805046: 2 5 6 ; 13
20140805047: 3 3 6 ; 12
20140805048: 4 5 6 ; 15
20140805049: 1 1 2 ; 4
20140805050: 2 3 4 ; 9
20140805051: 1 2 2 ; 5
20140805052: 2 4 6 ; 12
20140805053: 3 5 6 ; 14
20140805054: 4 5 6 ; 15
20140805055: 1 3 5 ; 9
20140805056: 1 4 4 ; 9
20140805057: 1 3 5 ; 9
20140805058: 3 5 5 ; 13
20140805059: 1 1 1 ; 3
20140805060: 2 3 6 ; 11
20140805061: 1 2 5 ; 8
20140805062: 2 3 6 ; 11
20140805063: 3 3 5 ; 11
20140805064: 1 6 6 ; 13
20140805065: 4 5 5 ; 14
20140805066: 2 2 5 ; 9
20140805067: 1 4 4 ; 9
20140805068: 1 4 6 ; 11
20140805069: 1 1 3 ; 5
20140805070: 3 4 4 ; 11
20140805071: 2 4 5 ; 11
20140805072: 3 3 5 ; 11
20140805073: 5 5 5 ; 15
20140805074: 3 4 4 ; 11
20140805075: 5 6 6 ; 17
20140805076: 1 1 5 ; 7
20140805077: 1 3 5 ; 9
20140805078: 4 5 6 ; 15
