20140708001: 2 6 6 ; 14
20140708002: 1 1 3 ; 5
20140708003: 1 2 6 ; 9
20140708004: 2 5 6 ; 13
20140708005: 1 4 5 ; 10
20140708006: 1 3 3 ; 7
20140708007: 1 5 6 ; 12
20140708008: 1 4 4 ; 9
20140708009: 1 4 4 ; 9
20140708010: 2 4 4 ; 10
20140708011: 4 4 5 ; 13
20140708012: 2 2 4 ; 8
20140708013: 3 4 4 ; 11
20140708014: 1 2 2 ; 5
20140708015: 4 4 5 ; 13
20140708016: 1 2 4 ; 7
20140708017: 3 5 5 ; 13
20140708018: 4 5 6 ; 15
20140708019: 3 3 6 ; 12
20140708020: 2 4 5 ; 11
20140708021: 1 3 6 ; 10
20140708022: 2 3 4 ; 9
20140708023: 1 4 6 ; 11
20140708024: 2 5 6 ; 13
20140708025: 2 2 4 ; 8
20140708026: 1 6 6 ; 13
20140708027: 2 4 5 ; 11
20140708028: 1 3 3 ; 7
20140708029: 2 3 6 ; 11
20140708030: 1 5 5 ; 11
20140708031: 1 2 6 ; 9
20140708032: 1 3 3 ; 7
20140708033: 2 4 6 ; 12
20140708034: 1 1 2 ; 4
20140708035: 3 4 5 ; 12
20140708036: 2 6 6 ; 14
20140708037: 2 5 6 ; 13
20140708038: 3 4 5 ; 12
20140708039: 2 5 6 ; 13
20140708040: 3 5 6 ; 14
20140708041: 2 4 5 ; 11
20140708042: 3 4 6 ; 13
20140708043: 1 2 4 ; 7
20140708044: 2 3 6 ; 11
20140708045: 2 5 6 ; 13
20140708046: 6 6 6 ; 18
20140708047: 1 1 1 ; 3
20140708048: 1 5 6 ; 12
20140708049: 3 4 6 ; 13
20140708050: 1 1 5 ; 7
20140708051: 2 6 6 ; 14
20140708052: 2 4 5 ; 11
20140708053: 1 2 4 ; 7
20140708054: 1 3 4 ; 8
20140708055: 1 6 6 ; 13
20140708056: 1 3 6 ; 10
20140708057: 1 5 5 ; 11
20140708058: 1 3 6 ; 10
20140708059: 2 3 5 ; 10
20140708060: 3 4 5 ; 12
20140708061: 2 3 4 ; 9
20140708062: 1 3 3 ; 7
20140708063: 2 4 6 ; 12
20140708064: 2 5 6 ; 13
20140708065: 4 5 6 ; 15
20140708066: 4 6 6 ; 16
20140708067: 1 3 6 ; 10
20140708068: 5 5 6 ; 16
20140708069: 2 3 5 ; 10
20140708070: 1 4 6 ; 11
20140708071: 4 5 6 ; 15
20140708072: 1 3 5 ; 9
20140708073: 3 4 6 ; 13
20140708074: 1 3 3 ; 7
20140708075: 1 3 4 ; 8
20140708076: 3 5 5 ; 13
20140708077: 2 2 6 ; 10
20140708078: 4 4 6 ; 14
