20140611001: 3 4 4 ; 11
20140611002: 4 6 6 ; 16
20140611003: 2 5 5 ; 12
20140611004: 2 5 5 ; 12
20140611005: 1 2 2 ; 5
20140611006: 3 4 6 ; 13
20140611007: 2 3 5 ; 10
20140611008: 1 2 4 ; 7
20140611009: 1 3 4 ; 8
20140611010: 3 5 6 ; 14
20140611011: 2 4 6 ; 12
20140611012: 4 5 5 ; 14
20140611013: 1 3 3 ; 7
20140611014: 2 3 3 ; 8
20140611015: 1 3 4 ; 8
20140611016: 2 3 4 ; 9
20140611017: 1 5 6 ; 12
20140611018: 5 5 6 ; 16
20140611019: 3 6 6 ; 15
20140611020: 3 4 5 ; 12
20140611021: 3 3 6 ; 12
20140611022: 4 4 5 ; 13
20140611023: 5 6 6 ; 17
20140611024: 2 5 6 ; 13
20140611025: 1 2 4 ; 7
20140611026: 2 3 3 ; 8
20140611027: 1 2 6 ; 9
20140611028: 4 4 4 ; 12
20140611029: 3 5 6 ; 14
20140611030: 2 4 6 ; 12
20140611031: 4 4 5 ; 13
20140611032: 2 2 3 ; 7
20140611033: 1 3 4 ; 8
20140611034: 1 2 4 ; 7
20140611035: 1 2 6 ; 9
20140611036: 1 3 6 ; 10
20140611037: 1 3 4 ; 8
20140611038: 4 5 5 ; 14
20140611039: 1 1 5 ; 7
20140611040: 4 5 5 ; 14
20140611041: 3 5 6 ; 14
20140611042: 3 4 5 ; 12
20140611043: 1 3 5 ; 9
20140611044: 1 2 2 ; 5
20140611045: 4 5 6 ; 15
20140611046: 1 3 5 ; 9
20140611047: 3 6 6 ; 15
20140611048: 3 4 5 ; 12
20140611049: 2 4 5 ; 11
20140611050: 2 2 3 ; 7
20140611051: 1 4 5 ; 10
20140611052: 2 2 5 ; 9
20140611053: 5 5 6 ; 16
20140611054: 1 1 5 ; 7
20140611055: 1 1 2 ; 4
20140611056: 3 4 6 ; 13
20140611057: 2 3 4 ; 9
20140611058: 4 5 6 ; 15
20140611059: 2 2 6 ; 10
20140611060: 2 3 5 ; 10
20140611061: 2 3 5 ; 10
20140611062: 2 2 2 ; 6
20140611063: 2 3 5 ; 10
20140611064: 1 2 6 ; 9
20140611065: 4 5 5 ; 14
20140611066: 2 3 5 ; 10
20140611067: 1 2 5 ; 8
20140611068: 1 2 5 ; 8
20140611069: 1 2 3 ; 6
20140611070: 3 3 5 ; 11
20140611071: 3 4 5 ; 12
20140611072: 3 5 5 ; 13
20140611073: 4 5 6 ; 15
20140611074: 3 5 6 ; 14
20140611075: 2 4 4 ; 10
20140611076: 2 4 5 ; 11
20140611077: 1 5 6 ; 12
20140611078: 2 3 3 ; 8
