20140224001: 1 1 2 ; 4
20140224002: 2 5 5 ; 12
20140224003: 1 3 4 ; 8
20140224004: 1 1 5 ; 7
20140224005: 1 3 3 ; 7
20140224006: 1 4 5 ; 10
20140224007: 1 1 6 ; 8
20140224008: 1 3 4 ; 8
20140224009: 2 3 6 ; 11
20140224010: 2 6 6 ; 14
20140224011: 2 2 3 ; 7
20140224012: 3 4 6 ; 13
20140224013: 1 1 3 ; 5
20140224014: 4 5 6 ; 15
20140224015: 2 6 6 ; 14
20140224016: 2 3 6 ; 11
20140224017: 1 1 4 ; 6
20140224018: 5 5 6 ; 16
20140224019: 3 5 6 ; 14
20140224020: 4 4 6 ; 14
20140224021: 1 4 5 ; 10
20140224022: 2 5 6 ; 13
20140224023: 2 3 4 ; 9
20140224024: 1 2 6 ; 9
20140224025: 3 4 5 ; 12
20140224026: 2 3 3 ; 8
20140224027: 1 1 6 ; 8
20140224028: 1 2 4 ; 7
20140224029: 1 2 4 ; 7
20140224030: 3 3 6 ; 12
20140224031: 2 2 5 ; 9
20140224032: 4 5 6 ; 15
20140224033: 1 2 4 ; 7
20140224034: 1 5 6 ; 12
20140224035: 2 3 6 ; 11
20140224036: 2 3 4 ; 9
20140224037: 3 3 4 ; 10
20140224038: 2 5 6 ; 13
20140224039: 1 3 6 ; 10
20140224040: 2 2 4 ; 8
20140224041: 2 2 6 ; 10
20140224042: 5 6 6 ; 17
20140224043: 1 5 6 ; 12
20140224044: 2 2 3 ; 7
20140224045: 2 2 4 ; 8
20140224046: 1 1 6 ; 8
20140224047: 3 4 6 ; 13
20140224048: 1 6 6 ; 13
20140224049: 2 3 3 ; 8
20140224050: 1 3 4 ; 8
20140224051: 1 2 6 ; 9
20140224052: 3 5 6 ; 14
20140224053: 1 2 4 ; 7
20140224054: 3 4 5 ; 12
20140224055: 2 6 6 ; 14
20140224056: 2 3 5 ; 10
20140224057: 2 5 6 ; 13
20140224058: 4 5 6 ; 15
20140224059: 1 5 6 ; 12
20140224060: 1 3 5 ; 9
20140224061: 4 6 6 ; 16
20140224062: 2 4 4 ; 10
20140224063: 2 4 6 ; 12
20140224064: 5 5 6 ; 16
20140224065: 2 4 5 ; 11
20140224066: 3 3 5 ; 11
20140224067: 2 3 5 ; 10
20140224068: 1 5 5 ; 11
20140224069: 5 5 6 ; 16
20140224070: 2 2 5 ; 9
20140224071: 3 3 6 ; 12
20140224072: 1 4 6 ; 11
20140224073: 3 5 6 ; 14
20140224074: 1 2 5 ; 8
20140224075: 4 4 6 ; 14
20140224076: 2 3 5 ; 10
20140224077: 3 6 6 ; 15
20140224078: 3 3 6 ; 12
