20140522001: 4 4 5 ; 13
20140522002: 4 5 6 ; 15
20140522003: 2 3 6 ; 11
20140522004: 2 3 6 ; 11
20140522005: 1 5 6 ; 12
20140522006: 2 3 5 ; 10
20140522007: 3 4 5 ; 12
20140522008: 2 3 5 ; 10
20140522009: 3 5 6 ; 14
20140522010: 3 3 6 ; 12
20140522011: 5 6 6 ; 17
20140522012: 2 2 4 ; 8
20140522013: 1 3 4 ; 8
20140522014: 2 2 6 ; 10
20140522015: 2 5 5 ; 12
20140522016: 1 1 3 ; 5
20140522017: 2 5 6 ; 13
20140522018: 3 4 6 ; 13
20140522019: 1 2 5 ; 8
20140522020: 1 1 3 ; 5
20140522021: 1 2 6 ; 9
20140522022: 1 2 5 ; 8
20140522023: 1 3 6 ; 10
20140522024: 1 1 4 ; 6
20140522025: 3 4 6 ; 13
20140522026: 3 4 6 ; 13
20140522027: 2 5 5 ; 12
20140522028: 1 3 4 ; 8
20140522029: 5 6 6 ; 17
20140522030: 1 2 4 ; 7
20140522031: 1 3 6 ; 10
20140522032: 3 5 6 ; 14
20140522033: 2 3 6 ; 11
20140522034: 3 4 5 ; 12
20140522035: 3 3 6 ; 12
20140522036: 1 2 3 ; 6
20140522037: 1 2 2 ; 5
20140522038: 1 2 4 ; 7
20140522039: 2 3 3 ; 8
20140522040: 2 3 6 ; 11
20140522041: 3 4 6 ; 13
20140522042: 3 4 6 ; 13
20140522043: 2 5 6 ; 13
20140522044: 2 2 5 ; 9
20140522045: 1 3 5 ; 9
20140522046: 1 3 6 ; 10
20140522047: 2 3 6 ; 11
20140522048: 1 3 6 ; 10
20140522049: 1 2 4 ; 7
20140522050: 3 4 6 ; 13
20140522051: 3 4 5 ; 12
20140522052: 3 4 6 ; 13
20140522053: 1 6 6 ; 13
20140522054: 1 2 2 ; 5
20140522055: 1 6 6 ; 13
20140522056: 1 5 5 ; 11
20140522057: 4 4 4 ; 12
20140522058: 1 2 6 ; 9
20140522059: 1 3 6 ; 10
20140522060: 1 5 5 ; 11
20140522061: 2 4 5 ; 11
20140522062: 2 2 4 ; 8
20140522063: 1 3 4 ; 8
20140522064: 1 2 6 ; 9
20140522065: 1 4 5 ; 10
20140522066: 1 3 3 ; 7
20140522067: 1 3 6 ; 10
20140522068: 1 1 6 ; 8
20140522069: 1 2 4 ; 7
20140522070: 2 3 4 ; 9
20140522071: 4 4 5 ; 13
20140522072: 2 5 5 ; 12
20140522073: 1 1 5 ; 7
20140522074: 1 4 5 ; 10
20140522075: 2 5 5 ; 12
20140522076: 1 2 3 ; 6
20140522077: 2 3 5 ; 10
20140522078: 2 6 6 ; 14
