20140607001: 1 4 6 ; 11
20140607002: 1 5 6 ; 12
20140607003: 3 4 6 ; 13
20140607004: 2 3 6 ; 11
20140607005: 1 4 4 ; 9
20140607006: 5 5 6 ; 16
20140607007: 1 3 5 ; 9
20140607008: 1 3 4 ; 8
20140607009: 3 3 5 ; 11
20140607010: 1 5 6 ; 12
20140607011: 3 4 5 ; 12
20140607012: 2 4 6 ; 12
20140607013: 2 3 6 ; 11
20140607014: 1 4 5 ; 10
20140607015: 4 5 5 ; 14
20140607016: 5 6 6 ; 17
20140607017: 1 3 5 ; 9
20140607018: 1 5 5 ; 11
20140607019: 1 4 4 ; 9
20140607020: 1 3 3 ; 7
20140607021: 1 6 6 ; 13
20140607022: 5 6 6 ; 17
20140607023: 3 3 5 ; 11
20140607024: 2 4 6 ; 12
20140607025: 2 2 2 ; 6
20140607026: 1 2 6 ; 9
20140607027: 2 2 3 ; 7
20140607028: 1 1 6 ; 8
20140607029: 2 5 5 ; 12
20140607030: 2 5 6 ; 13
20140607031: 2 2 3 ; 7
20140607032: 1 2 4 ; 7
20140607033: 1 2 5 ; 8
20140607034: 1 4 4 ; 9
20140607035: 5 5 6 ; 16
20140607036: 1 5 6 ; 12
20140607037: 2 3 6 ; 11
20140607038: 3 3 3 ; 9
20140607039: 2 5 5 ; 12
20140607040: 1 4 6 ; 11
20140607041: 2 4 6 ; 12
20140607042: 1 3 6 ; 10
20140607043: 1 3 4 ; 8
20140607044: 2 2 5 ; 9
20140607045: 1 2 6 ; 9
20140607046: 2 2 3 ; 7
20140607047: 1 5 5 ; 11
20140607048: 3 3 6 ; 12
20140607049: 1 3 5 ; 9
20140607050: 2 4 6 ; 12
20140607051: 1 1 6 ; 8
20140607052: 1 3 5 ; 9
20140607053: 4 6 6 ; 16
20140607054: 1 2 5 ; 8
20140607055: 2 4 6 ; 12
20140607056: 1 1 6 ; 8
20140607057: 1 5 6 ; 12
20140607058: 1 3 3 ; 7
20140607059: 1 1 3 ; 5
20140607060: 1 1 6 ; 8
20140607061: 1 4 4 ; 9
20140607062: 2 5 6 ; 13
20140607063: 1 3 5 ; 9
20140607064: 2 5 6 ; 13
20140607065: 1 1 5 ; 7
20140607066: 1 1 2 ; 4
20140607067: 5 6 6 ; 17
20140607068: 3 4 4 ; 11
20140607069: 1 1 1 ; 3
20140607070: 1 4 6 ; 11
20140607071: 2 2 6 ; 10
20140607072: 1 1 5 ; 7
20140607073: 2 4 5 ; 11
20140607074: 1 4 6 ; 11
20140607075: 2 4 5 ; 11
20140607076: 1 4 6 ; 11
20140607077: 4 5 6 ; 15
20140607078: 1 4 6 ; 11
