20140612001: 1 2 5 ; 8
20140612002: 1 2 6 ; 9
20140612003: 2 4 6 ; 12
20140612004: 4 5 6 ; 15
20140612005: 2 4 4 ; 10
20140612006: 4 4 5 ; 13
20140612007: 1 1 4 ; 6
20140612008: 1 1 3 ; 5
20140612009: 1 4 6 ; 11
20140612010: 5 6 6 ; 17
20140612011: 1 2 6 ; 9
20140612012: 2 4 5 ; 11
20140612013: 4 6 6 ; 16
20140612014: 1 2 3 ; 6
20140612015: 1 1 4 ; 6
20140612016: 1 5 5 ; 11
20140612017: 3 3 4 ; 10
20140612018: 2 4 6 ; 12
20140612019: 2 3 6 ; 11
20140612020: 4 4 5 ; 13
20140612021: 1 4 6 ; 11
20140612022: 1 3 5 ; 9
20140612023: 1 5 6 ; 12
20140612024: 1 2 6 ; 9
20140612025: 1 4 4 ; 9
20140612026: 1 5 6 ; 12
20140612027: 2 4 5 ; 11
20140612028: 3 5 6 ; 14
20140612029: 1 4 6 ; 11
20140612030: 2 4 6 ; 12
20140612031: 3 5 6 ; 14
20140612032: 1 3 6 ; 10
20140612033: 2 4 5 ; 11
20140612034: 3 4 6 ; 13
20140612035: 1 4 6 ; 11
20140612036: 3 4 5 ; 12
20140612037: 1 2 6 ; 9
20140612038: 1 5 6 ; 12
20140612039: 2 5 6 ; 13
20140612040: 1 4 5 ; 10
20140612041: 5 5 6 ; 16
20140612042: 1 2 5 ; 8
20140612043: 2 4 6 ; 12
20140612044: 2 2 2 ; 6
20140612045: 1 2 5 ; 8
20140612046: 2 3 4 ; 9
20140612047: 2 3 4 ; 9
20140612048: 1 4 5 ; 10
20140612049: 1 1 6 ; 8
20140612050: 1 3 4 ; 8
20140612051: 1 3 5 ; 9
20140612052: 2 2 6 ; 10
20140612053: 1 3 5 ; 9
20140612054: 5 6 6 ; 17
20140612055: 1 2 4 ; 7
20140612056: 1 1 4 ; 6
20140612057: 3 4 6 ; 13
20140612058: 1 2 4 ; 7
20140612059: 1 2 4 ; 7
20140612060: 3 3 6 ; 12
20140612061: 1 2 6 ; 9
20140612062: 1 3 4 ; 8
20140612063: 1 3 4 ; 8
20140612064: 1 3 4 ; 8
20140612065: 1 2 2 ; 5
20140612066: 4 4 4 ; 12
20140612067: 2 2 4 ; 8
20140612068: 2 2 5 ; 9
20140612069: 4 5 6 ; 15
20140612070: 1 3 5 ; 9
20140612071: 1 1 2 ; 4
20140612072: 2 2 6 ; 10
20140612073: 3 5 6 ; 14
20140612074: 1 3 5 ; 9
20140612075: 1 5 6 ; 12
20140612076: 2 2 5 ; 9
20140612077: 2 3 4 ; 9
20140612078: 1 4 6 ; 11
