20140510001: 2 4 5 ; 11
20140510002: 1 5 6 ; 12
20140510003: 2 3 5 ; 10
20140510004: 1 3 6 ; 10
20140510005: 1 5 6 ; 12
20140510006: 1 1 1 ; 3
20140510007: 1 6 6 ; 13
20140510008: 1 2 6 ; 9
20140510009: 1 5 6 ; 12
20140510010: 1 2 3 ; 6
20140510011: 1 3 6 ; 10
20140510012: 1 3 4 ; 8
20140510013: 2 4 6 ; 12
20140510014: 2 2 6 ; 10
20140510015: 2 2 4 ; 8
20140510016: 3 4 6 ; 13
20140510017: 4 5 6 ; 15
20140510018: 1 4 5 ; 10
20140510019: 2 5 6 ; 13
20140510020: 4 5 5 ; 14
20140510021: 1 3 4 ; 8
20140510022: 3 4 4 ; 11
20140510023: 1 4 6 ; 11
20140510024: 1 3 4 ; 8
20140510025: 3 6 6 ; 15
20140510026: 1 3 3 ; 7
20140510027: 2 4 4 ; 10
20140510028: 1 2 2 ; 5
20140510029: 1 4 4 ; 9
20140510030: 3 4 6 ; 13
20140510031: 1 5 5 ; 11
20140510032: 1 6 6 ; 13
20140510033: 2 2 6 ; 10
20140510034: 2 3 5 ; 10
20140510035: 1 2 4 ; 7
20140510036: 1 3 5 ; 9
20140510037: 1 3 6 ; 10
20140510038: 2 3 4 ; 9
20140510039: 2 3 3 ; 8
20140510040: 1 3 4 ; 8
20140510041: 3 5 5 ; 13
20140510042: 1 4 4 ; 9
20140510043: 3 4 4 ; 11
20140510044: 2 4 6 ; 12
20140510045: 1 6 6 ; 13
20140510046: 2 5 6 ; 13
20140510047: 3 5 6 ; 14
20140510048: 2 3 6 ; 11
20140510049: 2 3 4 ; 9
20140510050: 2 4 5 ; 11
20140510051: 1 2 6 ; 9
20140510052: 2 5 6 ; 13
20140510053: 3 3 5 ; 11
20140510054: 3 4 6 ; 13
20140510055: 4 6 6 ; 16
20140510056: 1 5 5 ; 11
20140510057: 2 5 5 ; 12
20140510058: 1 1 5 ; 7
20140510059: 1 1 4 ; 6
20140510060: 1 3 5 ; 9
20140510061: 2 5 6 ; 13
20140510062: 1 4 4 ; 9
20140510063: 1 6 6 ; 13
20140510064: 1 1 3 ; 5
20140510065: 2 5 6 ; 13
20140510066: 1 2 5 ; 8
20140510067: 1 4 6 ; 11
20140510068: 2 2 5 ; 9
20140510069: 2 4 5 ; 11
20140510070: 3 4 6 ; 13
20140510071: 2 6 6 ; 14
20140510072: 3 5 6 ; 14
20140510073: 2 3 5 ; 10
20140510074: 1 3 5 ; 9
20140510075: 2 6 6 ; 14
20140510076: 3 4 6 ; 13
20140510077: 1 1 4 ; 6
20140510078: 2 2 3 ; 7
