20140129001: 2 4 5 ; 11
20140129002: 2 4 5 ; 11
20140129003: 2 3 4 ; 9
20140129004: 3 4 5 ; 12
20140129005: 3 5 6 ; 14
20140129006: 2 5 6 ; 13
20140129007: 1 2 3 ; 6
20140129008: 3 3 5 ; 11
20140129009: 4 5 5 ; 14
20140129010: 2 3 4 ; 9
20140129011: 2 3 4 ; 9
20140129012: 1 1 6 ; 8
20140129013: 1 2 6 ; 9
20140129014: 1 5 6 ; 12
20140129015: 1 2 4 ; 7
20140129016: 1 3 5 ; 9
20140129017: 2 2 3 ; 7
20140129018: 3 5 6 ; 14
20140129019: 2 4 5 ; 11
20140129020: 3 6 6 ; 15
20140129021: 2 3 4 ; 9
20140129022: 1 1 4 ; 6
20140129023: 2 3 5 ; 10
20140129024: 1 3 5 ; 9
20140129025: 1 1 5 ; 7
20140129026: 2 3 4 ; 9
20140129027: 1 1 5 ; 7
20140129028: 3 5 6 ; 14
20140129029: 2 5 5 ; 12
20140129030: 1 2 5 ; 8
20140129031: 2 3 3 ; 8
20140129032: 2 2 4 ; 8
20140129033: 1 4 5 ; 10
20140129034: 1 4 6 ; 11
20140129035: 1 2 5 ; 8
20140129036: 1 2 4 ; 7
20140129037: 1 2 3 ; 6
20140129038: 1 2 5 ; 8
20140129039: 3 4 6 ; 13
20140129040: 2 3 6 ; 11
20140129041: 2 5 5 ; 12
20140129042: 3 3 6 ; 12
20140129043: 1 1 3 ; 5
20140129044: 2 2 2 ; 6
20140129045: 4 6 6 ; 16
20140129046: 1 1 5 ; 7
20140129047: 1 1 3 ; 5
20140129048: 2 3 5 ; 10
20140129049: 1 2 6 ; 9
20140129050: 4 4 6 ; 14
20140129051: 3 3 4 ; 10
20140129052: 1 2 4 ; 7
20140129053: 2 6 6 ; 14
20140129054: 2 3 6 ; 11
20140129055: 1 4 4 ; 9
20140129056: 3 5 6 ; 14
20140129057: 4 5 6 ; 15
20140129058: 1 3 3 ; 7
20140129059: 2 6 6 ; 14
20140129060: 1 5 6 ; 12
20140129061: 4 5 6 ; 15
20140129062: 1 1 3 ; 5
20140129063: 1 4 4 ; 9
20140129064: 1 1 3 ; 5
20140129065: 5 6 6 ; 17
20140129066: 1 3 3 ; 7
20140129067: 2 3 4 ; 9
20140129068: 5 5 5 ; 15
20140129069: 2 5 6 ; 13
20140129070: 3 5 5 ; 13
20140129071: 1 3 5 ; 9
20140129072: 3 4 5 ; 12
20140129073: 2 4 5 ; 11
20140129074: 1 2 4 ; 7
20140129075: 1 3 3 ; 7
20140129076: 3 4 6 ; 13
20140129077: 1 2 4 ; 7
20140129078: 2 2 3 ; 7
