20140331001: 2 4 5 ; 11
20140331002: 2 4 6 ; 12
20140331003: 2 5 5 ; 12
20140331004: 3 3 5 ; 11
20140331005: 1 2 3 ; 6
20140331006: 3 6 6 ; 15
20140331007: 1 1 6 ; 8
20140331008: 1 4 6 ; 11
20140331009: 3 4 5 ; 12
20140331010: 3 4 5 ; 12
20140331011: 1 2 4 ; 7
20140331012: 2 3 6 ; 11
20140331013: 2 4 4 ; 10
20140331014: 2 4 4 ; 10
20140331015: 2 4 6 ; 12
20140331016: 3 6 6 ; 15
20140331017: 1 5 6 ; 12
20140331018: 3 4 4 ; 11
20140331019: 2 3 6 ; 11
20140331020: 3 6 6 ; 15
20140331021: 2 4 5 ; 11
20140331022: 2 4 6 ; 12
20140331023: 2 3 3 ; 8
20140331024: 1 5 5 ; 11
20140331025: 3 3 6 ; 12
20140331026: 1 3 3 ; 7
20140331027: 2 5 5 ; 12
20140331028: 1 4 5 ; 10
20140331029: 2 5 5 ; 12
20140331030: 5 5 6 ; 16
20140331031: 2 2 4 ; 8
20140331032: 3 3 3 ; 9
20140331033: 1 4 6 ; 11
20140331034: 2 4 5 ; 11
20140331035: 3 3 5 ; 11
20140331036: 1 4 6 ; 11
20140331037: 4 5 5 ; 14
20140331038: 1 1 2 ; 4
20140331039: 2 5 6 ; 13
20140331040: 2 2 3 ; 7
20140331041: 3 3 6 ; 12
20140331042: 1 3 5 ; 9
20140331043: 1 5 6 ; 12
20140331044: 2 3 6 ; 11
20140331045: 2 3 4 ; 9
20140331046: 1 3 6 ; 10
20140331047: 1 2 6 ; 9
20140331048: 1 3 3 ; 7
20140331049: 1 5 6 ; 12
20140331050: 4 4 6 ; 14
20140331051: 3 4 5 ; 12
20140331052: 2 3 4 ; 9
20140331053: 4 5 6 ; 15
20140331054: 1 6 6 ; 13
20140331055: 1 1 4 ; 6
20140331056: 1 2 2 ; 5
20140331057: 1 4 6 ; 11
20140331058: 2 4 5 ; 11
20140331059: 4 4 6 ; 14
20140331060: 2 5 6 ; 13
20140331061: 4 4 6 ; 14
20140331062: 2 3 3 ; 8
20140331063: 3 3 6 ; 12
20140331064: 3 4 6 ; 13
20140331065: 1 6 6 ; 13
20140331066: 2 5 6 ; 13
20140331067: 1 5 5 ; 11
20140331068: 1 2 5 ; 8
20140331069: 5 5 5 ; 15
20140331070: 1 4 5 ; 10
20140331071: 1 6 6 ; 13
20140331072: 4 5 6 ; 15
20140331073: 2 3 4 ; 9
20140331074: 2 3 6 ; 11
20140331075: 2 2 2 ; 6
20140331076: 1 2 3 ; 6
20140331077: 4 5 6 ; 15
20140331078: 1 3 4 ; 8
