20140404001: 1 1 2 ; 4
20140404002: 3 3 5 ; 11
20140404003: 2 4 5 ; 11
20140404004: 3 3 3 ; 9
20140404005: 2 3 6 ; 11
20140404006: 3 5 6 ; 14
20140404007: 1 2 6 ; 9
20140404008: 1 2 5 ; 8
20140404009: 2 4 5 ; 11
20140404010: 5 6 6 ; 17
20140404011: 4 5 5 ; 14
20140404012: 1 2 3 ; 6
20140404013: 1 6 6 ; 13
20140404014: 3 4 5 ; 12
20140404015: 1 3 4 ; 8
20140404016: 1 1 6 ; 8
20140404017: 1 3 4 ; 8
20140404018: 1 4 6 ; 11
20140404019: 2 4 5 ; 11
20140404020: 1 1 2 ; 4
20140404021: 1 4 5 ; 10
20140404022: 3 3 5 ; 11
20140404023: 3 4 5 ; 12
20140404024: 1 3 6 ; 10
20140404025: 1 1 1 ; 3
20140404026: 1 4 5 ; 10
20140404027: 3 4 5 ; 12
20140404028: 1 3 3 ; 7
20140404029: 2 4 6 ; 12
20140404030: 2 3 6 ; 11
20140404031: 1 3 3 ; 7
20140404032: 2 5 6 ; 13
20140404033: 1 2 5 ; 8
20140404034: 2 5 6 ; 13
20140404035: 1 2 3 ; 6
20140404036: 2 4 6 ; 12
20140404037: 2 3 6 ; 11
20140404038: 4 4 5 ; 13
20140404039: 4 5 6 ; 15
20140404040: 2 4 6 ; 12
20140404041: 1 2 3 ; 6
20140404042: 3 4 6 ; 13
20140404043: 2 5 5 ; 12
20140404044: 1 3 6 ; 10
20140404045: 4 4 6 ; 14
20140404046: 1 6 6 ; 13
20140404047: 2 2 3 ; 7
20140404048: 2 5 6 ; 13
20140404049: 1 1 6 ; 8
20140404050: 1 2 3 ; 6
20140404051: 2 4 4 ; 10
20140404052: 2 3 6 ; 11
20140404053: 4 6 6 ; 16
20140404054: 1 6 6 ; 13
20140404055: 1 3 6 ; 10
20140404056: 3 3 3 ; 9
20140404057: 2 5 5 ; 12
20140404058: 3 4 6 ; 13
20140404059: 1 3 3 ; 7
20140404060: 1 1 2 ; 4
20140404061: 3 5 6 ; 14
20140404062: 2 3 5 ; 10
20140404063: 5 5 6 ; 16
20140404064: 1 4 6 ; 11
20140404065: 2 5 6 ; 13
20140404066: 1 5 6 ; 12
20140404067: 3 3 4 ; 10
20140404068: 1 3 3 ; 7
20140404069: 1 1 6 ; 8
20140404070: 1 1 3 ; 5
20140404071: 3 4 5 ; 12
20140404072: 1 2 5 ; 8
20140404073: 2 6 6 ; 14
20140404074: 3 5 6 ; 14
20140404075: 1 2 5 ; 8
20140404076: 1 1 3 ; 5
20140404077: 2 3 4 ; 9
20140404078: 2 4 4 ; 10
