20140812001: 3 4 6 ; 13
20140812002: 2 4 5 ; 11
20140812003: 1 4 6 ; 11
20140812004: 1 1 3 ; 5
20140812005: 1 2 4 ; 7
20140812006: 3 4 6 ; 13
20140812007: 1 4 6 ; 11
20140812008: 1 3 6 ; 10
20140812009: 3 3 3 ; 9
20140812010: 1 1 2 ; 4
20140812011: 2 2 6 ; 10
20140812012: 4 4 6 ; 14
20140812013: 1 1 5 ; 7
20140812014: 3 3 6 ; 12
20140812015: 2 2 3 ; 7
20140812016: 5 5 5 ; 15
20140812017: 2 5 6 ; 13
20140812018: 1 2 2 ; 5
20140812019: 1 5 6 ; 12
20140812020: 3 3 5 ; 11
20140812021: 1 5 6 ; 12
20140812022: 3 3 4 ; 10
20140812023: 1 3 5 ; 9
20140812024: 2 2 6 ; 10
20140812025: 4 4 5 ; 13
20140812026: 1 2 4 ; 7
20140812027: 5 5 6 ; 16
20140812028: 1 2 4 ; 7
20140812029: 1 2 3 ; 6
20140812030: 1 5 6 ; 12
20140812031: 1 5 6 ; 12
20140812032: 1 2 4 ; 7
20140812033: 1 1 4 ; 6
20140812034: 1 1 5 ; 7
20140812035: 4 5 6 ; 15
20140812036: 3 4 6 ; 13
20140812037: 1 2 3 ; 6
20140812038: 1 5 6 ; 12
20140812039: 1 4 5 ; 10
20140812040: 1 2 4 ; 7
20140812041: 2 4 4 ; 10
20140812042: 3 3 5 ; 11
20140812043: 6 6 6 ; 18
20140812044: 4 5 5 ; 14
20140812045: 2 4 4 ; 10
20140812046: 2 2 4 ; 8
20140812047: 2 4 5 ; 11
20140812048: 1 2 6 ; 9
20140812049: 1 1 6 ; 8
20140812050: 2 3 4 ; 9
20140812051: 1 5 6 ; 12
20140812052: 2 3 5 ; 10
20140812053: 2 5 5 ; 12
20140812054: 1 2 2 ; 5
20140812055: 3 6 6 ; 15
20140812056: 1 2 2 ; 5
20140812057: 1 3 3 ; 7
20140812058: 2 3 3 ; 8
20140812059: 3 4 6 ; 13
20140812060: 2 3 3 ; 8
20140812061: 5 5 5 ; 15
20140812062: 3 3 4 ; 10
20140812063: 1 3 6 ; 10
20140812064: 5 5 6 ; 16
20140812065: 3 5 5 ; 13
20140812066: 2 3 5 ; 10
20140812067: 3 3 5 ; 11
20140812068: 2 4 5 ; 11
20140812069: 1 1 4 ; 6
20140812070: 2 4 5 ; 11
20140812071: 4 5 5 ; 14
20140812072: 3 6 6 ; 15
20140812073: 1 1 2 ; 4
20140812074: 1 3 5 ; 9
20140812075: 2 4 5 ; 11
20140812076: 4 4 6 ; 14
20140812077: 3 4 6 ; 13
20140812078: 2 4 6 ; 12
