20140303001: 2 5 5 ; 12
20140303002: 1 1 2 ; 4
20140303003: 2 2 3 ; 7
20140303004: 2 5 6 ; 13
20140303005: 1 3 6 ; 10
20140303006: 2 2 6 ; 10
20140303007: 2 2 6 ; 10
20140303008: 4 5 6 ; 15
20140303009: 2 3 3 ; 8
20140303010: 3 3 5 ; 11
20140303011: 3 3 4 ; 10
20140303012: 2 4 5 ; 11
20140303013: 2 4 6 ; 12
20140303014: 1 2 4 ; 7
20140303015: 2 5 6 ; 13
20140303016: 1 2 4 ; 7
20140303017: 1 3 5 ; 9
20140303018: 1 3 4 ; 8
20140303019: 1 4 6 ; 11
20140303020: 1 2 4 ; 7
20140303021: 2 2 3 ; 7
20140303022: 4 5 5 ; 14
20140303023: 1 1 6 ; 8
20140303024: 1 1 3 ; 5
20140303025: 3 3 4 ; 10
20140303026: 2 3 5 ; 10
20140303027: 2 2 5 ; 9
20140303028: 1 2 6 ; 9
20140303029: 1 2 5 ; 8
20140303030: 1 1 2 ; 4
20140303031: 1 4 5 ; 10
20140303032: 1 1 3 ; 5
20140303033: 2 2 5 ; 9
20140303034: 1 5 5 ; 11
20140303035: 6 6 6 ; 18
20140303036: 1 2 6 ; 9
20140303037: 4 4 4 ; 12
20140303038: 2 5 5 ; 12
20140303039: 2 3 4 ; 9
20140303040: 1 4 5 ; 10
20140303041: 2 4 5 ; 11
20140303042: 1 6 6 ; 13
20140303043: 3 4 5 ; 12
20140303044: 1 3 3 ; 7
20140303045: 2 2 4 ; 8
20140303046: 1 3 4 ; 8
20140303047: 4 5 6 ; 15
20140303048: 3 4 4 ; 11
20140303049: 3 4 6 ; 13
20140303050: 2 5 6 ; 13
20140303051: 1 3 6 ; 10
20140303052: 2 4 6 ; 12
20140303053: 2 2 6 ; 10
20140303054: 3 5 6 ; 14
20140303055: 2 4 5 ; 11
20140303056: 1 5 5 ; 11
20140303057: 3 4 5 ; 12
20140303058: 1 2 5 ; 8
20140303059: 2 3 4 ; 9
20140303060: 1 2 3 ; 6
20140303061: 2 5 6 ; 13
20140303062: 1 5 6 ; 12
20140303063: 2 6 6 ; 14
20140303064: 1 5 6 ; 12
20140303065: 2 2 5 ; 9
20140303066: 1 3 6 ; 10
20140303067: 2 4 5 ; 11
20140303068: 1 2 4 ; 7
20140303069: 5 5 5 ; 15
20140303070: 1 3 4 ; 8
20140303071: 1 3 5 ; 9
20140303072: 1 2 5 ; 8
20140303073: 1 4 4 ; 9
20140303074: 4 5 6 ; 15
20140303075: 2 2 4 ; 8
20140303076: 2 2 3 ; 7
20140303077: 1 1 6 ; 8
20140303078: 1 4 4 ; 9
