20140125001: 1 2 4 ; 7
20140125002: 1 1 2 ; 4
20140125003: 1 4 5 ; 10
20140125004: 1 5 5 ; 11
20140125005: 1 2 6 ; 9
20140125006: 2 3 3 ; 8
20140125007: 1 3 6 ; 10
20140125008: 3 4 4 ; 11
20140125009: 1 1 3 ; 5
20140125010: 1 1 5 ; 7
20140125011: 1 3 5 ; 9
20140125012: 1 3 5 ; 9
20140125013: 2 3 5 ; 10
20140125014: 2 4 5 ; 11
20140125015: 2 3 5 ; 10
20140125016: 3 4 6 ; 13
20140125017: 1 2 2 ; 5
20140125018: 2 3 5 ; 10
20140125019: 2 4 6 ; 12
20140125020: 1 3 3 ; 7
20140125021: 1 4 5 ; 10
20140125022: 1 4 5 ; 10
20140125023: 2 3 6 ; 11
20140125024: 2 5 6 ; 13
20140125025: 2 3 6 ; 11
20140125026: 1 2 4 ; 7
20140125027: 1 5 5 ; 11
20140125028: 1 1 5 ; 7
20140125029: 1 2 5 ; 8
20140125030: 1 3 6 ; 10
20140125031: 1 3 6 ; 10
20140125032: 2 3 6 ; 11
20140125033: 3 4 5 ; 12
20140125034: 1 3 6 ; 10
20140125035: 2 4 5 ; 11
20140125036: 5 5 6 ; 16
20140125037: 2 3 3 ; 8
20140125038: 1 3 5 ; 9
20140125039: 3 4 5 ; 12
20140125040: 1 5 5 ; 11
20140125041: 1 1 4 ; 6
20140125042: 4 4 6 ; 14
20140125043: 2 3 5 ; 10
20140125044: 2 3 5 ; 10
20140125045: 2 3 4 ; 9
20140125046: 1 4 6 ; 11
20140125047: 1 1 4 ; 6
20140125048: 5 5 6 ; 16
20140125049: 2 2 3 ; 7
20140125050: 3 5 6 ; 14
20140125051: 3 4 6 ; 13
20140125052: 1 2 6 ; 9
20140125053: 2 3 3 ; 8
20140125054: 1 3 6 ; 10
20140125055: 1 3 4 ; 8
20140125056: 1 4 4 ; 9
20140125057: 3 6 6 ; 15
20140125058: 1 4 5 ; 10
20140125059: 1 4 4 ; 9
20140125060: 2 4 5 ; 11
20140125061: 1 2 6 ; 9
20140125062: 1 6 6 ; 13
20140125063: 1 3 3 ; 7
20140125064: 2 2 5 ; 9
20140125065: 3 3 4 ; 10
20140125066: 2 4 4 ; 10
20140125067: 1 2 2 ; 5
20140125068: 1 2 5 ; 8
20140125069: 1 3 6 ; 10
20140125070: 4 4 5 ; 13
20140125071: 3 5 6 ; 14
20140125072: 2 5 6 ; 13
20140125073: 1 1 2 ; 4
20140125074: 1 1 3 ; 5
20140125075: 4 5 6 ; 15
20140125076: 2 3 5 ; 10
20140125077: 1 2 6 ; 9
20140125078: 1 2 4 ; 7
