20140822001: 2 6 6 ; 14
20140822002: 2 6 6 ; 14
20140822003: 2 3 3 ; 8
20140822004: 4 5 5 ; 14
20140822005: 1 4 5 ; 10
20140822006: 2 5 6 ; 13
20140822007: 1 3 6 ; 10
20140822008: 2 5 5 ; 12
20140822009: 2 4 6 ; 12
20140822010: 2 3 3 ; 8
20140822011: 3 4 4 ; 11
20140822012: 2 2 5 ; 9
20140822013: 1 5 6 ; 12
20140822014: 3 3 5 ; 11
20140822015: 3 3 5 ; 11
20140822016: 2 3 4 ; 9
20140822017: 2 5 6 ; 13
20140822018: 2 5 6 ; 13
20140822019: 2 2 4 ; 8
20140822020: 2 5 5 ; 12
20140822021: 2 6 6 ; 14
20140822022: 6 6 6 ; 18
20140822023: 2 3 4 ; 9
20140822024: 5 5 6 ; 16
20140822025: 1 2 3 ; 6
20140822026: 2 5 5 ; 12
20140822027: 4 4 5 ; 13
20140822028: 1 4 6 ; 11
20140822029: 2 3 5 ; 10
20140822030: 3 6 6 ; 15
20140822031: 3 4 6 ; 13
20140822032: 1 4 6 ; 11
20140822033: 4 4 6 ; 14
20140822034: 1 1 2 ; 4
20140822035: 1 5 6 ; 12
20140822036: 2 4 5 ; 11
20140822037: 1 1 6 ; 8
20140822038: 1 5 6 ; 12
20140822039: 1 5 6 ; 12
20140822040: 1 2 3 ; 6
20140822041: 3 4 5 ; 12
20140822042: 1 1 5 ; 7
20140822043: 4 5 6 ; 15
20140822044: 2 4 6 ; 12
20140822045: 4 5 6 ; 15
20140822046: 1 3 5 ; 9
20140822047: 1 1 6 ; 8
20140822048: 1 3 4 ; 8
20140822049: 3 4 6 ; 13
20140822050: 5 6 6 ; 17
20140822051: 2 2 4 ; 8
20140822052: 5 5 6 ; 16
20140822053: 4 5 6 ; 15
20140822054: 1 3 6 ; 10
20140822055: 1 2 3 ; 6
20140822056: 1 2 3 ; 6
20140822057: 2 3 6 ; 11
20140822058: 2 3 4 ; 9
20140822059: 2 2 3 ; 7
20140822060: 2 2 6 ; 10
20140822061: 4 6 6 ; 16
20140822062: 2 3 6 ; 11
20140822063: 6 6 6 ; 18
20140822064: 5 6 6 ; 17
20140822065: 2 2 4 ; 8
20140822066: 2 3 5 ; 10
20140822067: 1 1 2 ; 4
20140822068: 1 3 5 ; 9
20140822069: 2 3 3 ; 8
20140822070: 3 4 4 ; 11
20140822071: 3 5 6 ; 14
20140822072: 1 2 4 ; 7
20140822073: 2 3 5 ; 10
20140822074: 3 3 6 ; 12
20140822075: 1 2 6 ; 9
20140822076: 2 3 4 ; 9
20140822077: 4 4 6 ; 14
20140822078: 2 4 6 ; 12
