20140622001: 2 4 5 ; 11
20140622002: 4 5 6 ; 15
20140622003: 5 6 6 ; 17
20140622004: 3 4 4 ; 11
20140622005: 3 4 6 ; 13
20140622006: 4 5 6 ; 15
20140622007: 3 3 4 ; 10
20140622008: 2 3 6 ; 11
20140622009: 2 3 4 ; 9
20140622010: 1 4 5 ; 10
20140622011: 1 1 1 ; 3
20140622012: 2 4 6 ; 12
20140622013: 4 4 6 ; 14
20140622014: 2 4 4 ; 10
20140622015: 2 4 6 ; 12
20140622016: 2 3 4 ; 9
20140622017: 1 2 3 ; 6
20140622018: 2 3 3 ; 8
20140622019: 2 3 4 ; 9
20140622020: 1 3 4 ; 8
20140622021: 2 4 6 ; 12
20140622022: 3 4 6 ; 13
20140622023: 2 3 5 ; 10
20140622024: 4 5 6 ; 15
20140622025: 1 5 6 ; 12
20140622026: 2 4 5 ; 11
20140622027: 1 3 6 ; 10
20140622028: 1 1 5 ; 7
20140622029: 2 4 4 ; 10
20140622030: 3 3 6 ; 12
20140622031: 2 3 5 ; 10
20140622032: 2 4 6 ; 12
20140622033: 1 3 4 ; 8
20140622034: 5 6 6 ; 17
20140622035: 3 3 6 ; 12
20140622036: 2 3 6 ; 11
20140622037: 2 3 5 ; 10
20140622038: 1 5 6 ; 12
20140622039: 2 3 5 ; 10
20140622040: 4 5 5 ; 14
20140622041: 5 5 5 ; 15
20140622042: 5 6 6 ; 17
20140622043: 2 4 6 ; 12
20140622044: 1 2 6 ; 9
20140622045: 3 5 6 ; 14
20140622046: 3 6 6 ; 15
20140622047: 2 3 4 ; 9
20140622048: 2 3 6 ; 11
20140622049: 1 2 4 ; 7
20140622050: 1 4 4 ; 9
20140622051: 2 3 3 ; 8
20140622052: 1 3 5 ; 9
20140622053: 2 4 4 ; 10
20140622054: 1 2 4 ; 7
20140622055: 1 1 4 ; 6
20140622056: 4 6 6 ; 16
20140622057: 1 3 5 ; 9
20140622058: 2 3 4 ; 9
20140622059: 1 3 4 ; 8
20140622060: 1 1 6 ; 8
20140622061: 1 3 4 ; 8
20140622062: 1 5 6 ; 12
20140622063: 1 2 2 ; 5
20140622064: 2 4 4 ; 10
20140622065: 4 5 6 ; 15
20140622066: 3 3 6 ; 12
20140622067: 1 2 6 ; 9
20140622068: 2 5 6 ; 13
20140622069: 2 4 4 ; 10
20140622070: 3 3 6 ; 12
20140622071: 3 3 6 ; 12
20140622072: 1 3 4 ; 8
20140622073: 2 3 6 ; 11
20140622074: 4 5 6 ; 15
20140622075: 5 5 6 ; 16
20140622076: 1 2 3 ; 6
20140622077: 1 4 5 ; 10
20140622078: 2 3 6 ; 11
