20140127001: 2 4 5 ; 11
20140127002: 2 3 3 ; 8
20140127003: 4 6 6 ; 16
20140127004: 3 4 5 ; 12
20140127005: 3 5 5 ; 13
20140127006: 3 5 6 ; 14
20140127007: 3 4 5 ; 12
20140127008: 3 4 6 ; 13
20140127009: 2 3 4 ; 9
20140127010: 3 4 5 ; 12
20140127011: 1 3 3 ; 7
20140127012: 4 4 6 ; 14
20140127013: 2 4 6 ; 12
20140127014: 1 1 2 ; 4
20140127015: 4 4 5 ; 13
20140127016: 2 5 6 ; 13
20140127017: 1 1 6 ; 8
20140127018: 3 5 6 ; 14
20140127019: 1 5 6 ; 12
20140127020: 2 6 6 ; 14
20140127021: 2 2 3 ; 7
20140127022: 1 2 6 ; 9
20140127023: 1 4 5 ; 10
20140127024: 1 3 4 ; 8
20140127025: 3 5 6 ; 14
20140127026: 2 4 4 ; 10
20140127027: 4 6 6 ; 16
20140127028: 1 4 4 ; 9
20140127029: 5 6 6 ; 17
20140127030: 1 5 6 ; 12
20140127031: 1 2 4 ; 7
20140127032: 3 5 6 ; 14
20140127033: 1 1 2 ; 4
20140127034: 2 4 4 ; 10
20140127035: 1 2 5 ; 8
20140127036: 2 5 5 ; 12
20140127037: 2 4 4 ; 10
20140127038: 1 1 4 ; 6
20140127039: 4 5 6 ; 15
20140127040: 3 5 6 ; 14
20140127041: 1 1 4 ; 6
20140127042: 1 6 6 ; 13
20140127043: 1 5 5 ; 11
20140127044: 5 6 6 ; 17
20140127045: 2 2 6 ; 10
20140127046: 1 1 5 ; 7
20140127047: 3 4 5 ; 12
20140127048: 1 5 6 ; 12
20140127049: 1 4 6 ; 11
20140127050: 4 6 6 ; 16
20140127051: 1 3 5 ; 9
20140127052: 2 3 4 ; 9
20140127053: 3 5 6 ; 14
20140127054: 1 4 6 ; 11
20140127055: 5 5 6 ; 16
20140127056: 3 5 6 ; 14
20140127057: 4 5 6 ; 15
20140127058: 1 5 6 ; 12
20140127059: 4 4 6 ; 14
20140127060: 3 6 6 ; 15
20140127061: 4 5 6 ; 15
20140127062: 1 1 6 ; 8
20140127063: 5 5 5 ; 15
20140127064: 1 4 5 ; 10
20140127065: 2 5 5 ; 12
20140127066: 4 5 5 ; 14
20140127067: 3 6 6 ; 15
20140127068: 2 2 4 ; 8
20140127069: 5 5 6 ; 16
20140127070: 3 6 6 ; 15
20140127071: 2 5 6 ; 13
20140127072: 2 2 5 ; 9
20140127073: 2 3 6 ; 11
20140127074: 2 3 6 ; 11
20140127075: 1 2 6 ; 9
20140127076: 3 5 6 ; 14
20140127077: 3 3 5 ; 11
20140127078: 3 5 6 ; 14
