20140714001: 2 2 6 ; 10
20140714002: 1 4 5 ; 10
20140714003: 1 4 4 ; 9
20140714004: 1 6 6 ; 13
20140714005: 1 4 6 ; 11
20140714006: 2 4 4 ; 10
20140714007: 2 3 5 ; 10
20140714008: 2 4 4 ; 10
20140714009: 3 6 6 ; 15
20140714010: 3 6 6 ; 15
20140714011: 2 4 6 ; 12
20140714012: 2 2 3 ; 7
20140714013: 3 4 5 ; 12
20140714014: 1 1 6 ; 8
20140714015: 1 2 3 ; 6
20140714016: 5 6 6 ; 17
20140714017: 2 4 5 ; 11
20140714018: 1 2 3 ; 6
20140714019: 1 2 3 ; 6
20140714020: 1 2 3 ; 6
20140714021: 1 5 6 ; 12
20140714022: 4 4 4 ; 12
20140714023: 1 3 5 ; 9
20140714024: 3 3 6 ; 12
20140714025: 1 2 3 ; 6
20140714026: 5 5 6 ; 16
20140714027: 3 3 4 ; 10
20140714028: 4 5 5 ; 14
20140714029: 1 2 4 ; 7
20140714030: 1 3 6 ; 10
20140714031: 1 2 4 ; 7
20140714032: 1 4 6 ; 11
20140714033: 4 5 6 ; 15
20140714034: 1 4 6 ; 11
20140714035: 1 1 6 ; 8
20140714036: 2 3 4 ; 9
20140714037: 3 3 5 ; 11
20140714038: 1 4 6 ; 11
20140714039: 1 2 2 ; 5
20140714040: 1 2 4 ; 7
20140714041: 1 2 4 ; 7
20140714042: 2 5 6 ; 13
20140714043: 1 5 6 ; 12
20140714044: 2 4 4 ; 10
20140714045: 3 4 5 ; 12
20140714046: 5 6 6 ; 17
20140714047: 2 3 5 ; 10
20140714048: 1 4 6 ; 11
20140714049: 3 5 5 ; 13
20140714050: 1 5 6 ; 12
20140714051: 1 3 4 ; 8
20140714052: 2 2 5 ; 9
20140714053: 1 1 3 ; 5
20140714054: 3 5 6 ; 14
20140714055: 3 4 6 ; 13
20140714056: 3 3 5 ; 11
20140714057: 1 1 2 ; 4
20140714058: 3 5 5 ; 13
20140714059: 1 4 6 ; 11
20140714060: 3 5 5 ; 13
20140714061: 2 2 4 ; 8
20140714062: 1 3 5 ; 9
20140714063: 4 6 6 ; 16
20140714064: 3 4 5 ; 12
20140714065: 2 4 6 ; 12
20140714066: 1 2 5 ; 8
20140714067: 4 6 6 ; 16
20140714068: 5 6 6 ; 17
20140714069: 1 4 5 ; 10
20140714070: 1 3 3 ; 7
20140714071: 1 6 6 ; 13
20140714072: 1 3 3 ; 7
20140714073: 3 4 5 ; 12
20140714074: 1 2 3 ; 6
20140714075: 2 2 3 ; 7
20140714076: 1 4 6 ; 11
20140714077: 1 2 4 ; 7
20140714078: 3 6 6 ; 15
