20140802001: 1 1 1 ; 3
20140802002: 2 2 6 ; 10
20140802003: 2 2 4 ; 8
20140802004: 2 2 5 ; 9
20140802005: 4 5 6 ; 15
20140802006: 1 1 5 ; 7
20140802007: 1 1 3 ; 5
20140802008: 3 6 6 ; 15
20140802009: 3 4 6 ; 13
20140802010: 2 5 6 ; 13
20140802011: 1 2 4 ; 7
20140802012: 4 5 5 ; 14
20140802013: 1 2 5 ; 8
20140802014: 1 2 3 ; 6
20140802015: 1 2 4 ; 7
20140802016: 1 6 6 ; 13
20140802017: 2 3 4 ; 9
20140802018: 1 2 5 ; 8
20140802019: 2 3 6 ; 11
20140802020: 1 4 5 ; 10
20140802021: 4 5 5 ; 14
20140802022: 1 4 5 ; 10
20140802023: 1 2 4 ; 7
20140802024: 1 5 5 ; 11
20140802025: 3 3 6 ; 12
20140802026: 2 4 5 ; 11
20140802027: 1 2 5 ; 8
20140802028: 2 3 6 ; 11
20140802029: 1 1 2 ; 4
20140802030: 1 4 6 ; 11
20140802031: 2 5 6 ; 13
20140802032: 1 6 6 ; 13
20140802033: 2 2 3 ; 7
20140802034: 1 4 6 ; 11
20140802035: 3 4 4 ; 11
20140802036: 2 3 4 ; 9
20140802037: 4 5 6 ; 15
20140802038: 4 4 5 ; 13
20140802039: 2 4 5 ; 11
20140802040: 2 3 3 ; 8
20140802041: 1 2 3 ; 6
20140802042: 4 5 6 ; 15
20140802043: 1 3 4 ; 8
20140802044: 3 5 5 ; 13
20140802045: 4 6 6 ; 16
20140802046: 4 6 6 ; 16
20140802047: 5 6 6 ; 17
20140802048: 1 3 3 ; 7
20140802049: 3 3 4 ; 10
20140802050: 3 5 6 ; 14
20140802051: 4 4 6 ; 14
20140802052: 4 6 6 ; 16
20140802053: 1 3 6 ; 10
20140802054: 1 3 5 ; 9
20140802055: 2 3 6 ; 11
20140802056: 2 3 6 ; 11
20140802057: 2 6 6 ; 14
20140802058: 4 5 6 ; 15
20140802059: 2 3 6 ; 11
20140802060: 1 4 6 ; 11
20140802061: 5 5 5 ; 15
20140802062: 1 3 5 ; 9
20140802063: 2 2 4 ; 8
20140802064: 2 2 3 ; 7
20140802065: 1 1 5 ; 7
20140802066: 1 5 6 ; 12
20140802067: 1 2 3 ; 6
20140802068: 1 3 3 ; 7
20140802069: 6 6 6 ; 18
20140802070: 1 2 5 ; 8
20140802071: 1 2 5 ; 8
20140802072: 2 4 6 ; 12
20140802073: 1 4 5 ; 10
20140802074: 1 2 5 ; 8
20140802075: 5 6 6 ; 17
20140802076: 3 3 4 ; 10
20140802077: 4 5 6 ; 15
20140802078: 3 5 6 ; 14
