20140425001: 1 5 6 ; 12
20140425002: 1 5 5 ; 11
20140425003: 1 2 4 ; 7
20140425004: 2 4 4 ; 10
20140425005: 4 6 6 ; 16
20140425006: 1 4 5 ; 10
20140425007: 3 3 5 ; 11
20140425008: 2 4 6 ; 12
20140425009: 3 4 6 ; 13
20140425010: 3 3 4 ; 10
20140425011: 3 6 6 ; 15
20140425012: 1 2 3 ; 6
20140425013: 1 2 6 ; 9
20140425014: 4 5 6 ; 15
20140425015: 2 4 5 ; 11
20140425016: 1 5 6 ; 12
20140425017: 5 5 6 ; 16
20140425018: 1 6 6 ; 13
20140425019: 3 3 4 ; 10
20140425020: 2 4 5 ; 11
20140425021: 2 6 6 ; 14
20140425022: 1 2 5 ; 8
20140425023: 3 4 5 ; 12
20140425024: 3 5 6 ; 14
20140425025: 4 4 5 ; 13
20140425026: 1 1 2 ; 4
20140425027: 3 4 5 ; 12
20140425028: 5 6 6 ; 17
20140425029: 1 5 6 ; 12
20140425030: 1 3 4 ; 8
20140425031: 5 6 6 ; 17
20140425032: 5 6 6 ; 17
20140425033: 2 3 5 ; 10
20140425034: 1 6 6 ; 13
20140425035: 3 4 5 ; 12
20140425036: 2 2 4 ; 8
20140425037: 3 3 6 ; 12
20140425038: 1 2 5 ; 8
20140425039: 4 5 6 ; 15
20140425040: 3 5 6 ; 14
20140425041: 4 4 5 ; 13
20140425042: 1 3 6 ; 10
20140425043: 2 4 6 ; 12
20140425044: 3 4 5 ; 12
20140425045: 3 4 5 ; 12
20140425046: 1 3 5 ; 9
20140425047: 3 4 6 ; 13
20140425048: 4 5 6 ; 15
20140425049: 1 2 3 ; 6
20140425050: 1 2 2 ; 5
20140425051: 1 4 4 ; 9
20140425052: 1 1 4 ; 6
20140425053: 1 3 4 ; 8
20140425054: 2 3 4 ; 9
20140425055: 2 2 5 ; 9
20140425056: 3 4 5 ; 12
20140425057: 1 3 5 ; 9
20140425058: 1 2 6 ; 9
20140425059: 1 3 4 ; 8
20140425060: 1 2 6 ; 9
20140425061: 3 4 6 ; 13
20140425062: 3 6 6 ; 15
20140425063: 4 5 5 ; 14
20140425064: 1 1 6 ; 8
20140425065: 3 4 4 ; 11
20140425066: 1 5 6 ; 12
20140425067: 1 4 6 ; 11
20140425068: 3 3 5 ; 11
20140425069: 1 2 4 ; 7
20140425070: 3 5 6 ; 14
20140425071: 1 3 4 ; 8
20140425072: 1 4 4 ; 9
20140425073: 1 2 3 ; 6
20140425074: 1 1 6 ; 8
20140425075: 2 5 6 ; 13
20140425076: 1 5 5 ; 11
20140425077: 1 6 6 ; 13
20140425078: 3 3 6 ; 12
