20140429001: 5 5 6 ; 16
20140429002: 3 3 5 ; 11
20140429003: 3 5 6 ; 14
20140429004: 1 2 3 ; 6
20140429005: 1 3 4 ; 8
20140429006: 4 6 6 ; 16
20140429007: 4 4 6 ; 14
20140429008: 1 2 4 ; 7
20140429009: 2 2 5 ; 9
20140429010: 1 4 5 ; 10
20140429011: 2 5 6 ; 13
20140429012: 5 6 6 ; 17
20140429013: 2 2 2 ; 6
20140429014: 2 4 6 ; 12
20140429015: 1 1 4 ; 6
20140429016: 3 4 5 ; 12
20140429017: 1 1 1 ; 3
20140429018: 4 4 6 ; 14
20140429019: 1 3 6 ; 10
20140429020: 4 6 6 ; 16
20140429021: 1 1 5 ; 7
20140429022: 1 2 5 ; 8
20140429023: 1 1 6 ; 8
20140429024: 4 4 5 ; 13
20140429025: 1 2 6 ; 9
20140429026: 1 1 2 ; 4
20140429027: 3 4 6 ; 13
20140429028: 2 5 6 ; 13
20140429029: 1 4 5 ; 10
20140429030: 2 4 5 ; 11
20140429031: 1 3 6 ; 10
20140429032: 2 3 4 ; 9
20140429033: 2 5 6 ; 13
20140429034: 3 4 5 ; 12
20140429035: 3 4 4 ; 11
20140429036: 1 1 5 ; 7
20140429037: 1 3 5 ; 9
20140429038: 2 3 5 ; 10
20140429039: 3 5 6 ; 14
20140429040: 1 5 6 ; 12
20140429041: 2 3 5 ; 10
20140429042: 1 4 6 ; 11
20140429043: 3 5 5 ; 13
20140429044: 4 5 5 ; 14
20140429045: 2 4 6 ; 12
20140429046: 3 4 5 ; 12
20140429047: 1 2 4 ; 7
20140429048: 3 3 5 ; 11
20140429049: 4 4 5 ; 13
20140429050: 1 1 2 ; 4
20140429051: 1 1 3 ; 5
20140429052: 3 4 6 ; 13
20140429053: 3 4 5 ; 12
20140429054: 2 3 6 ; 11
20140429055: 4 4 5 ; 13
20140429056: 1 3 3 ; 7
20140429057: 2 3 3 ; 8
20140429058: 1 2 5 ; 8
20140429059: 5 6 6 ; 17
20140429060: 1 5 6 ; 12
20140429061: 1 2 5 ; 8
20140429062: 2 3 6 ; 11
20140429063: 3 4 5 ; 12
20140429064: 1 2 4 ; 7
20140429065: 2 3 4 ; 9
20140429066: 1 4 5 ; 10
20140429067: 1 4 5 ; 10
20140429068: 1 1 1 ; 3
20140429069: 3 3 3 ; 9
20140429070: 1 5 6 ; 12
20140429071: 2 3 6 ; 11
20140429072: 1 5 6 ; 12
20140429073: 1 3 4 ; 8
20140429074: 3 4 6 ; 13
20140429075: 3 4 5 ; 12
20140429076: 2 3 6 ; 11
20140429077: 2 2 4 ; 8
20140429078: 1 2 4 ; 7
