20140304001: 1 3 6 ; 10
20140304002: 2 3 5 ; 10
20140304003: 1 2 5 ; 8
20140304004: 1 4 5 ; 10
20140304005: 2 3 6 ; 11
20140304006: 2 5 6 ; 13
20140304007: 1 1 2 ; 4
20140304008: 1 1 5 ; 7
20140304009: 1 2 4 ; 7
20140304010: 2 3 3 ; 8
20140304011: 3 4 6 ; 13
20140304012: 1 4 6 ; 11
20140304013: 1 5 6 ; 12
20140304014: 2 3 5 ; 10
20140304015: 2 3 4 ; 9
20140304016: 2 4 4 ; 10
20140304017: 1 2 2 ; 5
20140304018: 2 4 6 ; 12
20140304019: 2 4 6 ; 12
20140304020: 4 4 6 ; 14
20140304021: 3 5 5 ; 13
20140304022: 1 2 4 ; 7
20140304023: 1 2 4 ; 7
20140304024: 4 5 6 ; 15
20140304025: 2 5 5 ; 12
20140304026: 2 3 4 ; 9
20140304027: 2 3 4 ; 9
20140304028: 4 5 5 ; 14
20140304029: 1 1 3 ; 5
20140304030: 1 2 4 ; 7
20140304031: 2 4 4 ; 10
20140304032: 3 4 4 ; 11
20140304033: 4 5 6 ; 15
20140304034: 1 3 5 ; 9
20140304035: 1 2 4 ; 7
20140304036: 2 4 6 ; 12
20140304037: 2 2 5 ; 9
20140304038: 1 4 6 ; 11
20140304039: 2 5 6 ; 13
20140304040: 1 1 3 ; 5
20140304041: 3 3 5 ; 11
20140304042: 1 4 5 ; 10
20140304043: 1 3 4 ; 8
20140304044: 1 3 5 ; 9
20140304045: 5 5 6 ; 16
20140304046: 2 3 4 ; 9
20140304047: 1 1 5 ; 7
20140304048: 1 2 5 ; 8
20140304049: 6 6 6 ; 18
20140304050: 2 6 6 ; 14
20140304051: 3 3 4 ; 10
20140304052: 1 3 5 ; 9
20140304053: 1 6 6 ; 13
20140304054: 1 6 6 ; 13
20140304055: 3 3 5 ; 11
20140304056: 2 4 6 ; 12
20140304057: 1 1 6 ; 8
20140304058: 1 1 2 ; 4
20140304059: 2 3 4 ; 9
20140304060: 3 3 3 ; 9
20140304061: 1 2 4 ; 7
20140304062: 1 5 5 ; 11
20140304063: 1 1 2 ; 4
20140304064: 2 2 3 ; 7
20140304065: 1 1 5 ; 7
20140304066: 3 4 5 ; 12
20140304067: 3 4 4 ; 11
20140304068: 1 3 5 ; 9
20140304069: 2 3 4 ; 9
20140304070: 3 3 4 ; 10
20140304071: 1 3 4 ; 8
20140304072: 1 2 5 ; 8
20140304073: 2 3 5 ; 10
20140304074: 3 4 5 ; 12
20140304075: 1 4 4 ; 9
20140304076: 2 3 4 ; 9
20140304077: 2 3 5 ; 10
20140304078: 2 5 6 ; 13
