20140603001: 1 1 3 ; 5
20140603002: 1 1 4 ; 6
20140603003: 1 1 6 ; 8
20140603004: 3 4 6 ; 13
20140603005: 4 4 5 ; 13
20140603006: 1 1 6 ; 8
20140603007: 2 4 5 ; 11
20140603008: 4 4 4 ; 12
20140603009: 5 6 6 ; 17
20140603010: 2 2 3 ; 7
20140603011: 3 5 5 ; 13
20140603012: 1 3 4 ; 8
20140603013: 2 3 5 ; 10
20140603014: 3 3 4 ; 10
20140603015: 4 5 6 ; 15
20140603016: 2 5 6 ; 13
20140603017: 5 5 5 ; 15
20140603018: 2 2 5 ; 9
20140603019: 2 3 3 ; 8
20140603020: 2 3 5 ; 10
20140603021: 1 5 6 ; 12
20140603022: 1 2 4 ; 7
20140603023: 2 3 4 ; 9
20140603024: 2 4 5 ; 11
20140603025: 1 1 4 ; 6
20140603026: 2 2 6 ; 10
20140603027: 1 6 6 ; 13
20140603028: 2 3 6 ; 11
20140603029: 1 1 6 ; 8
20140603030: 2 2 6 ; 10
20140603031: 1 2 5 ; 8
20140603032: 2 5 5 ; 12
20140603033: 3 3 4 ; 10
20140603034: 1 4 5 ; 10
20140603035: 2 3 5 ; 10
20140603036: 1 3 3 ; 7
20140603037: 5 5 6 ; 16
20140603038: 2 2 3 ; 7
20140603039: 3 5 6 ; 14
20140603040: 5 6 6 ; 17
20140603041: 2 5 6 ; 13
20140603042: 1 2 3 ; 6
20140603043: 3 4 5 ; 12
20140603044: 3 3 5 ; 11
20140603045: 3 5 6 ; 14
20140603046: 1 3 5 ; 9
20140603047: 1 3 6 ; 10
20140603048: 3 4 5 ; 12
20140603049: 2 6 6 ; 14
20140603050: 1 5 6 ; 12
20140603051: 1 3 4 ; 8
20140603052: 1 5 5 ; 11
20140603053: 1 2 6 ; 9
20140603054: 1 2 4 ; 7
20140603055: 1 1 4 ; 6
20140603056: 1 4 5 ; 10
20140603057: 2 4 6 ; 12
20140603058: 2 2 4 ; 8
20140603059: 1 2 4 ; 7
20140603060: 1 1 6 ; 8
20140603061: 4 5 6 ; 15
20140603062: 2 5 6 ; 13
20140603063: 4 5 6 ; 15
20140603064: 3 3 5 ; 11
20140603065: 2 3 4 ; 9
20140603066: 2 3 6 ; 11
20140603067: 1 1 2 ; 4
20140603068: 4 6 6 ; 16
20140603069: 1 5 6 ; 12
20140603070: 1 3 4 ; 8
20140603071: 3 4 6 ; 13
20140603072: 4 5 6 ; 15
20140603073: 1 3 3 ; 7
20140603074: 1 4 6 ; 11
20140603075: 1 1 3 ; 5
20140603076: 1 3 5 ; 9
20140603077: 3 5 6 ; 14
20140603078: 2 3 6 ; 11
