20140309001: 3 3 6 ; 12
20140309002: 4 4 5 ; 13
20140309003: 3 4 4 ; 11
20140309004: 2 4 5 ; 11
20140309005: 2 6 6 ; 14
20140309006: 3 3 5 ; 11
20140309007: 2 3 5 ; 10
20140309008: 3 4 6 ; 13
20140309009: 3 5 5 ; 13
20140309010: 1 2 6 ; 9
20140309011: 2 5 6 ; 13
20140309012: 2 5 5 ; 12
20140309013: 2 3 3 ; 8
20140309014: 3 3 6 ; 12
20140309015: 2 2 5 ; 9
20140309016: 2 4 6 ; 12
20140309017: 2 5 5 ; 12
20140309018: 1 5 6 ; 12
20140309019: 4 5 6 ; 15
20140309020: 1 1 5 ; 7
20140309021: 3 5 6 ; 14
20140309022: 2 5 6 ; 13
20140309023: 2 3 4 ; 9
20140309024: 1 2 6 ; 9
20140309025: 1 2 5 ; 8
20140309026: 2 4 6 ; 12
20140309027: 1 3 3 ; 7
20140309028: 1 2 4 ; 7
20140309029: 2 3 6 ; 11
20140309030: 2 3 5 ; 10
20140309031: 2 5 6 ; 13
20140309032: 2 2 3 ; 7
20140309033: 4 4 6 ; 14
20140309034: 4 4 5 ; 13
20140309035: 3 3 3 ; 9
20140309036: 1 3 6 ; 10
20140309037: 2 4 5 ; 11
20140309038: 2 3 4 ; 9
20140309039: 5 6 6 ; 17
20140309040: 1 5 6 ; 12
20140309041: 3 5 6 ; 14
20140309042: 4 6 6 ; 16
20140309043: 1 4 4 ; 9
20140309044: 2 2 6 ; 10
20140309045: 2 6 6 ; 14
20140309046: 5 5 6 ; 16
20140309047: 3 4 6 ; 13
20140309048: 4 5 5 ; 14
20140309049: 1 6 6 ; 13
20140309050: 3 5 5 ; 13
20140309051: 2 2 4 ; 8
20140309052: 1 3 6 ; 10
20140309053: 2 5 6 ; 13
20140309054: 2 4 4 ; 10
20140309055: 1 1 5 ; 7
20140309056: 1 4 6 ; 11
20140309057: 2 4 6 ; 12
20140309058: 1 3 4 ; 8
20140309059: 3 3 4 ; 10
20140309060: 2 4 5 ; 11
20140309061: 2 4 6 ; 12
20140309062: 1 2 4 ; 7
20140309063: 2 4 4 ; 10
20140309064: 1 4 5 ; 10
20140309065: 1 2 5 ; 8
20140309066: 1 4 4 ; 9
20140309067: 3 3 5 ; 11
20140309068: 1 3 6 ; 10
20140309069: 1 4 6 ; 11
20140309070: 3 4 6 ; 13
20140309071: 1 2 2 ; 5
20140309072: 1 2 2 ; 5
20140309073: 1 2 4 ; 7
20140309074: 3 6 6 ; 15
20140309075: 2 5 6 ; 13
20140309076: 2 4 4 ; 10
20140309077: 1 2 5 ; 8
20140309078: 2 5 6 ; 13
