20140218001: 5 6 6 ; 17
20140218002: 3 3 4 ; 10
20140218003: 2 2 2 ; 6
20140218004: 1 4 5 ; 10
20140218005: 3 5 5 ; 13
20140218006: 2 5 6 ; 13
20140218007: 3 3 3 ; 9
20140218008: 3 4 4 ; 11
20140218009: 3 6 6 ; 15
20140218010: 1 4 6 ; 11
20140218011: 2 4 6 ; 12
20140218012: 2 3 5 ; 10
20140218013: 4 5 5 ; 14
20140218014: 2 4 6 ; 12
20140218015: 3 4 4 ; 11
20140218016: 1 3 3 ; 7
20140218017: 1 4 4 ; 9
20140218018: 1 2 3 ; 6
20140218019: 2 6 6 ; 14
20140218020: 1 2 6 ; 9
20140218021: 5 6 6 ; 17
20140218022: 2 3 6 ; 11
20140218023: 1 1 5 ; 7
20140218024: 1 1 2 ; 4
20140218025: 1 2 6 ; 9
20140218026: 6 6 6 ; 18
20140218027: 1 1 6 ; 8
20140218028: 2 3 5 ; 10
20140218029: 1 2 5 ; 8
20140218030: 4 4 5 ; 13
20140218031: 3 3 5 ; 11
20140218032: 3 5 6 ; 14
20140218033: 1 2 4 ; 7
20140218034: 4 6 6 ; 16
20140218035: 5 5 5 ; 15
20140218036: 2 3 6 ; 11
20140218037: 2 3 6 ; 11
20140218038: 4 5 6 ; 15
20140218039: 3 3 6 ; 12
20140218040: 1 5 6 ; 12
20140218041: 5 6 6 ; 17
20140218042: 3 3 5 ; 11
20140218043: 1 4 5 ; 10
20140218044: 1 5 6 ; 12
20140218045: 2 2 2 ; 6
20140218046: 1 1 5 ; 7
20140218047: 2 4 5 ; 11
20140218048: 3 4 6 ; 13
20140218049: 1 5 5 ; 11
20140218050: 6 6 6 ; 18
20140218051: 2 2 4 ; 8
20140218052: 1 4 4 ; 9
20140218053: 4 5 6 ; 15
20140218054: 2 3 3 ; 8
20140218055: 1 2 4 ; 7
20140218056: 2 3 4 ; 9
20140218057: 1 2 4 ; 7
20140218058: 1 2 6 ; 9
20140218059: 5 6 6 ; 17
20140218060: 3 6 6 ; 15
20140218061: 1 2 6 ; 9
20140218062: 1 4 5 ; 10
20140218063: 2 5 6 ; 13
20140218064: 1 5 6 ; 12
20140218065: 1 3 4 ; 8
20140218066: 3 4 5 ; 12
20140218067: 1 2 6 ; 9
20140218068: 2 4 6 ; 12
20140218069: 3 4 5 ; 12
20140218070: 1 3 3 ; 7
20140218071: 3 3 4 ; 10
20140218072: 3 4 6 ; 13
20140218073: 1 5 5 ; 11
20140218074: 3 4 6 ; 13
20140218075: 2 4 6 ; 12
20140218076: 3 5 5 ; 13
20140218077: 1 3 6 ; 10
20140218078: 2 3 3 ; 8
