20140601001: 3 5 5 ; 13
20140601002: 1 2 2 ; 5
20140601003: 2 5 5 ; 12
20140601004: 5 6 6 ; 17
20140601005: 1 1 5 ; 7
20140601006: 1 2 4 ; 7
20140601007: 2 3 5 ; 10
20140601008: 1 2 4 ; 7
20140601009: 3 3 5 ; 11
20140601010: 1 3 5 ; 9
20140601011: 3 3 6 ; 12
20140601012: 1 1 4 ; 6
20140601013: 2 2 4 ; 8
20140601014: 1 3 4 ; 8
20140601015: 2 2 4 ; 8
20140601016: 2 4 5 ; 11
20140601017: 1 2 3 ; 6
20140601018: 1 4 6 ; 11
20140601019: 1 2 6 ; 9
20140601020: 2 3 5 ; 10
20140601021: 3 4 6 ; 13
20140601022: 2 3 5 ; 10
20140601023: 1 1 3 ; 5
20140601024: 1 4 6 ; 11
20140601025: 2 2 3 ; 7
20140601026: 1 4 6 ; 11
20140601027: 1 4 5 ; 10
20140601028: 1 3 6 ; 10
20140601029: 1 1 4 ; 6
20140601030: 1 2 3 ; 6
20140601031: 1 2 5 ; 8
20140601032: 1 2 6 ; 9
20140601033: 1 3 6 ; 10
20140601034: 1 2 4 ; 7
20140601035: 1 2 5 ; 8
20140601036: 2 2 3 ; 7
20140601037: 1 3 4 ; 8
20140601038: 1 4 5 ; 10
20140601039: 3 4 6 ; 13
20140601040: 1 2 5 ; 8
20140601041: 1 5 6 ; 12
20140601042: 3 3 6 ; 12
20140601043: 1 1 4 ; 6
20140601044: 1 5 5 ; 11
20140601045: 2 3 3 ; 8
20140601046: 2 4 5 ; 11
20140601047: 5 6 6 ; 17
20140601048: 3 4 5 ; 12
20140601049: 3 3 6 ; 12
20140601050: 1 5 5 ; 11
20140601051: 1 1 2 ; 4
20140601052: 2 3 5 ; 10
20140601053: 2 3 5 ; 10
20140601054: 2 2 4 ; 8
20140601055: 1 2 3 ; 6
20140601056: 3 3 5 ; 11
20140601057: 3 5 6 ; 14
20140601058: 2 3 4 ; 9
20140601059: 2 3 6 ; 11
20140601060: 1 3 5 ; 9
20140601061: 1 4 6 ; 11
20140601062: 1 2 5 ; 8
20140601063: 3 5 5 ; 13
20140601064: 1 3 6 ; 10
20140601065: 2 3 6 ; 11
20140601066: 1 1 5 ; 7
20140601067: 2 4 5 ; 11
20140601068: 1 3 4 ; 8
20140601069: 1 3 5 ; 9
20140601070: 3 4 4 ; 11
20140601071: 1 1 4 ; 6
20140601072: 1 2 3 ; 6
20140601073: 4 4 5 ; 13
20140601074: 1 1 2 ; 4
20140601075: 2 2 6 ; 10
20140601076: 2 3 4 ; 9
20140601077: 2 4 5 ; 11
20140601078: 3 4 5 ; 12
