20140124001: 1 2 2 ; 5
20140124002: 3 4 5 ; 12
20140124003: 2 4 5 ; 11
20140124004: 2 5 5 ; 12
20140124005: 3 4 4 ; 11
20140124006: 2 5 6 ; 13
20140124007: 3 4 4 ; 11
20140124008: 1 3 4 ; 8
20140124009: 3 5 6 ; 14
20140124010: 2 2 6 ; 10
20140124011: 2 3 3 ; 8
20140124012: 1 2 2 ; 5
20140124013: 1 4 5 ; 10
20140124014: 2 3 4 ; 9
20140124015: 3 4 5 ; 12
20140124016: 3 4 5 ; 12
20140124017: 4 4 5 ; 13
20140124018: 2 5 5 ; 12
20140124019: 2 3 5 ; 10
20140124020: 2 2 5 ; 9
20140124021: 1 4 6 ; 11
20140124022: 3 4 6 ; 13
20140124023: 1 4 6 ; 11
20140124024: 2 2 4 ; 8
20140124025: 4 5 6 ; 15
20140124026: 1 2 6 ; 9
20140124027: 2 4 6 ; 12
20140124028: 4 5 6 ; 15
20140124029: 2 4 6 ; 12
20140124030: 1 3 6 ; 10
20140124031: 2 4 6 ; 12
20140124032: 1 3 4 ; 8
20140124033: 1 4 6 ; 11
20140124034: 3 3 3 ; 9
20140124035: 1 4 4 ; 9
20140124036: 2 2 3 ; 7
20140124037: 1 2 6 ; 9
20140124038: 4 6 6 ; 16
20140124039: 1 3 3 ; 7
20140124040: 1 1 2 ; 4
20140124041: 3 4 6 ; 13
20140124042: 1 5 6 ; 12
20140124043: 2 4 5 ; 11
20140124044: 3 5 5 ; 13
20140124045: 3 4 5 ; 12
20140124046: 2 4 6 ; 12
20140124047: 1 2 3 ; 6
20140124048: 2 3 3 ; 8
20140124049: 1 2 3 ; 6
20140124050: 5 5 6 ; 16
20140124051: 1 5 6 ; 12
20140124052: 5 5 6 ; 16
20140124053: 4 5 5 ; 14
20140124054: 4 5 6 ; 15
20140124055: 1 4 4 ; 9
20140124056: 3 5 6 ; 14
20140124057: 2 4 5 ; 11
20140124058: 1 4 4 ; 9
20140124059: 3 4 6 ; 13
20140124060: 1 4 4 ; 9
20140124061: 3 4 4 ; 11
20140124062: 2 4 6 ; 12
20140124063: 1 3 4 ; 8
20140124064: 1 3 3 ; 7
20140124065: 1 1 6 ; 8
20140124066: 2 3 4 ; 9
20140124067: 1 2 6 ; 9
20140124068: 1 2 2 ; 5
20140124069: 2 5 6 ; 13
20140124070: 3 5 6 ; 14
20140124071: 3 3 4 ; 10
20140124072: 1 1 5 ; 7
20140124073: 3 4 5 ; 12
20140124074: 1 2 3 ; 6
20140124075: 2 5 6 ; 13
20140124076: 4 4 6 ; 14
20140124077: 3 5 5 ; 13
20140124078: 3 3 5 ; 11
