20140220001: 1 2 5 ; 8
20140220002: 2 4 6 ; 12
20140220003: 5 5 6 ; 16
20140220004: 4 6 6 ; 16
20140220005: 1 2 6 ; 9
20140220006: 1 5 6 ; 12
20140220007: 1 4 5 ; 10
20140220008: 2 3 6 ; 11
20140220009: 1 3 6 ; 10
20140220010: 2 2 5 ; 9
20140220011: 1 4 5 ; 10
20140220012: 2 2 6 ; 10
20140220013: 1 2 3 ; 6
20140220014: 4 4 4 ; 12
20140220015: 1 2 3 ; 6
20140220016: 3 5 6 ; 14
20140220017: 2 2 4 ; 8
20140220018: 3 3 6 ; 12
20140220019: 2 2 4 ; 8
20140220020: 1 2 3 ; 6
20140220021: 1 1 5 ; 7
20140220022: 1 2 5 ; 8
20140220023: 2 2 5 ; 9
20140220024: 1 5 5 ; 11
20140220025: 1 5 6 ; 12
20140220026: 1 3 6 ; 10
20140220027: 1 2 5 ; 8
20140220028: 4 4 5 ; 13
20140220029: 2 3 4 ; 9
20140220030: 1 2 6 ; 9
20140220031: 2 2 6 ; 10
20140220032: 3 4 6 ; 13
20140220033: 1 4 6 ; 11
20140220034: 2 3 3 ; 8
20140220035: 1 3 6 ; 10
20140220036: 1 3 3 ; 7
20140220037: 5 5 6 ; 16
20140220038: 1 1 5 ; 7
20140220039: 1 3 6 ; 10
20140220040: 3 3 3 ; 9
20140220041: 1 3 4 ; 8
20140220042: 2 4 5 ; 11
20140220043: 1 5 6 ; 12
20140220044: 1 4 6 ; 11
20140220045: 1 3 5 ; 9
20140220046: 1 3 5 ; 9
20140220047: 3 4 4 ; 11
20140220048: 3 5 5 ; 13
20140220049: 2 5 6 ; 13
20140220050: 3 5 6 ; 14
20140220051: 3 3 6 ; 12
20140220052: 1 2 4 ; 7
20140220053: 4 5 6 ; 15
20140220054: 2 4 6 ; 12
20140220055: 3 5 6 ; 14
20140220056: 3 4 6 ; 13
20140220057: 1 2 5 ; 8
20140220058: 4 4 4 ; 12
20140220059: 1 2 6 ; 9
20140220060: 1 1 2 ; 4
20140220061: 2 4 5 ; 11
20140220062: 1 4 5 ; 10
20140220063: 4 5 6 ; 15
20140220064: 2 2 6 ; 10
20140220065: 2 5 6 ; 13
20140220066: 3 4 5 ; 12
20140220067: 1 3 6 ; 10
20140220068: 2 4 4 ; 10
20140220069: 1 3 5 ; 9
20140220070: 4 4 5 ; 13
20140220071: 1 4 5 ; 10
20140220072: 1 4 5 ; 10
20140220073: 1 3 3 ; 7
20140220074: 2 4 4 ; 10
20140220075: 1 3 6 ; 10
20140220076: 1 2 6 ; 9
20140220077: 1 1 3 ; 5
20140220078: 1 2 6 ; 9
