20140102001: 1 4 6 ; 11
20140102002: 6 6 6 ; 18
20140102003: 2 4 6 ; 12
20140102004: 2 2 6 ; 10
20140102005: 5 6 6 ; 17
20140102006: 1 4 4 ; 9
20140102007: 2 3 5 ; 10
20140102008: 1 2 4 ; 7
20140102009: 4 4 6 ; 14
20140102010: 1 1 5 ; 7
20140102011: 2 2 6 ; 10
20140102012: 1 2 4 ; 7
20140102013: 1 3 5 ; 9
20140102014: 1 5 5 ; 11
20140102015: 3 4 5 ; 12
20140102016: 1 2 6 ; 9
20140102017: 1 1 4 ; 6
20140102018: 3 3 6 ; 12
20140102019: 1 2 5 ; 8
20140102020: 1 2 6 ; 9
20140102021: 3 3 3 ; 9
20140102022: 1 1 5 ; 7
20140102023: 4 5 6 ; 15
20140102024: 1 3 3 ; 7
20140102025: 4 6 6 ; 16
20140102026: 3 4 5 ; 12
20140102027: 1 2 6 ; 9
20140102028: 2 4 6 ; 12
20140102029: 1 2 5 ; 8
20140102030: 2 2 3 ; 7
20140102031: 2 5 5 ; 12
20140102032: 4 4 4 ; 12
20140102033: 2 3 4 ; 9
20140102034: 1 3 4 ; 8
20140102035: 1 2 6 ; 9
20140102036: 3 3 6 ; 12
20140102037: 2 5 6 ; 13
20140102038: 3 5 5 ; 13
20140102039: 1 1 2 ; 4
20140102040: 1 2 6 ; 9
20140102041: 4 6 6 ; 16
20140102042: 3 3 5 ; 11
20140102043: 1 3 4 ; 8
20140102044: 1 2 3 ; 6
20140102045: 2 5 5 ; 12
20140102046: 4 5 6 ; 15
20140102047: 2 3 5 ; 10
20140102048: 2 4 6 ; 12
20140102049: 2 4 4 ; 10
20140102050: 1 5 5 ; 11
20140102051: 4 5 5 ; 14
20140102052: 4 4 6 ; 14
20140102053: 1 2 5 ; 8
20140102054: 2 2 2 ; 6
20140102055: 1 2 4 ; 7
20140102056: 1 4 5 ; 10
20140102057: 5 5 6 ; 16
20140102058: 1 5 6 ; 12
20140102059: 2 2 6 ; 10
20140102060: 4 5 6 ; 15
20140102061: 2 4 6 ; 12
20140102062: 2 3 5 ; 10
20140102063: 1 1 5 ; 7
20140102064: 2 3 4 ; 9
20140102065: 1 2 4 ; 7
20140102066: 1 3 4 ; 8
20140102067: 1 3 4 ; 8
20140102068: 1 2 3 ; 6
20140102069: 5 5 6 ; 16
20140102070: 2 5 6 ; 13
20140102071: 2 4 5 ; 11
20140102072: 1 4 5 ; 10
20140102073: 2 4 4 ; 10
20140102074: 2 5 6 ; 13
20140102075: 2 5 5 ; 12
20140102076: 2 3 4 ; 9
20140102077: 3 5 6 ; 14
20140102078: 4 4 5 ; 13
