20140325001: 1 2 4 ; 7
20140325002: 5 6 6 ; 17
20140325003: 4 4 6 ; 14
20140325004: 2 3 4 ; 9
20140325005: 3 4 5 ; 12
20140325006: 3 5 5 ; 13
20140325007: 1 2 6 ; 9
20140325008: 1 2 3 ; 6
20140325009: 2 3 5 ; 10
20140325010: 3 3 4 ; 10
20140325011: 1 2 6 ; 9
20140325012: 2 2 4 ; 8
20140325013: 1 4 6 ; 11
20140325014: 1 4 5 ; 10
20140325015: 1 1 3 ; 5
20140325016: 3 5 6 ; 14
20140325017: 3 5 5 ; 13
20140325018: 1 1 5 ; 7
20140325019: 3 5 6 ; 14
20140325020: 1 3 4 ; 8
20140325021: 4 5 6 ; 15
20140325022: 2 4 5 ; 11
20140325023: 2 2 5 ; 9
20140325024: 5 6 6 ; 17
20140325025: 2 3 4 ; 9
20140325026: 2 3 4 ; 9
20140325027: 1 2 4 ; 7
20140325028: 1 2 2 ; 5
20140325029: 2 3 5 ; 10
20140325030: 2 6 6 ; 14
20140325031: 2 3 6 ; 11
20140325032: 1 3 4 ; 8
20140325033: 2 5 5 ; 12
20140325034: 1 5 6 ; 12
20140325035: 2 4 6 ; 12
20140325036: 2 5 6 ; 13
20140325037: 1 2 4 ; 7
20140325038: 1 1 1 ; 3
20140325039: 3 4 6 ; 13
20140325040: 4 4 6 ; 14
20140325041: 6 6 6 ; 18
20140325042: 1 2 3 ; 6
20140325043: 1 2 3 ; 6
20140325044: 5 5 5 ; 15
20140325045: 2 3 4 ; 9
20140325046: 1 4 6 ; 11
20140325047: 1 1 6 ; 8
20140325048: 1 1 4 ; 6
20140325049: 3 3 6 ; 12
20140325050: 1 4 6 ; 11
20140325051: 2 5 6 ; 13
20140325052: 1 4 6 ; 11
20140325053: 2 6 6 ; 14
20140325054: 1 1 6 ; 8
20140325055: 5 5 6 ; 16
20140325056: 2 4 5 ; 11
20140325057: 6 6 6 ; 18
20140325058: 2 4 4 ; 10
20140325059: 1 2 4 ; 7
20140325060: 1 1 4 ; 6
20140325061: 1 2 4 ; 7
20140325062: 2 4 6 ; 12
20140325063: 2 4 5 ; 11
20140325064: 3 5 6 ; 14
20140325065: 5 5 6 ; 16
20140325066: 3 3 4 ; 10
20140325067: 1 6 6 ; 13
20140325068: 2 2 2 ; 6
20140325069: 1 5 6 ; 12
20140325070: 1 3 4 ; 8
20140325071: 3 4 5 ; 12
20140325072: 1 5 6 ; 12
20140325073: 1 2 4 ; 7
20140325074: 1 5 5 ; 11
20140325075: 1 2 6 ; 9
20140325076: 5 5 5 ; 15
20140325077: 1 1 2 ; 4
20140325078: 2 2 3 ; 7
