20140628001: 1 2 3 ; 6
20140628002: 3 6 6 ; 15
20140628003: 1 1 5 ; 7
20140628004: 1 3 6 ; 10
20140628005: 2 4 5 ; 11
20140628006: 1 3 6 ; 10
20140628007: 1 6 6 ; 13
20140628008: 6 6 6 ; 18
20140628009: 2 2 5 ; 9
20140628010: 1 2 5 ; 8
20140628011: 2 2 2 ; 6
20140628012: 3 4 4 ; 11
20140628013: 1 6 6 ; 13
20140628014: 2 4 5 ; 11
20140628015: 1 3 5 ; 9
20140628016: 2 3 4 ; 9
20140628017: 2 3 6 ; 11
20140628018: 1 1 2 ; 4
20140628019: 1 2 5 ; 8
20140628020: 3 5 6 ; 14
20140628021: 1 2 3 ; 6
20140628022: 1 3 4 ; 8
20140628023: 1 2 3 ; 6
20140628024: 1 4 6 ; 11
20140628025: 2 3 3 ; 8
20140628026: 2 3 4 ; 9
20140628027: 2 3 4 ; 9
20140628028: 1 4 6 ; 11
20140628029: 2 3 6 ; 11
20140628030: 2 2 6 ; 10
20140628031: 2 5 6 ; 13
20140628032: 3 4 5 ; 12
20140628033: 1 2 4 ; 7
20140628034: 1 5 6 ; 12
20140628035: 2 3 4 ; 9
20140628036: 1 1 3 ; 5
20140628037: 2 3 5 ; 10
20140628038: 1 2 3 ; 6
20140628039: 5 6 6 ; 17
20140628040: 1 2 3 ; 6
20140628041: 2 2 6 ; 10
20140628042: 2 3 4 ; 9
20140628043: 3 3 6 ; 12
20140628044: 3 3 5 ; 11
20140628045: 4 5 6 ; 15
20140628046: 3 3 3 ; 9
20140628047: 1 3 6 ; 10
20140628048: 2 3 6 ; 11
20140628049: 1 2 3 ; 6
20140628050: 1 5 6 ; 12
20140628051: 1 2 6 ; 9
20140628052: 1 4 6 ; 11
20140628053: 1 2 2 ; 5
20140628054: 2 3 3 ; 8
20140628055: 1 4 5 ; 10
20140628056: 1 1 6 ; 8
20140628057: 4 4 6 ; 14
20140628058: 1 5 6 ; 12
20140628059: 1 1 2 ; 4
20140628060: 3 3 6 ; 12
20140628061: 2 3 4 ; 9
20140628062: 2 3 5 ; 10
20140628063: 2 2 3 ; 7
20140628064: 1 1 1 ; 3
20140628065: 1 2 5 ; 8
20140628066: 4 6 6 ; 16
20140628067: 2 2 3 ; 7
20140628068: 4 5 6 ; 15
20140628069: 2 5 5 ; 12
20140628070: 2 4 4 ; 10
20140628071: 1 2 4 ; 7
20140628072: 2 3 4 ; 9
20140628073: 2 3 5 ; 10
20140628074: 2 3 4 ; 9
20140628075: 1 3 5 ; 9
20140628076: 1 5 6 ; 12
20140628077: 1 4 6 ; 11
20140628078: 2 2 4 ; 8
