20140417001: 1 2 5 ; 8
20140417002: 1 1 3 ; 5
20140417003: 3 3 4 ; 10
20140417004: 1 2 2 ; 5
20140417005: 1 3 4 ; 8
20140417006: 2 4 4 ; 10
20140417007: 2 3 4 ; 9
20140417008: 1 4 5 ; 10
20140417009: 1 3 4 ; 8
20140417010: 4 4 5 ; 13
20140417011: 3 5 5 ; 13
20140417012: 1 1 2 ; 4
20140417013: 2 5 5 ; 12
20140417014: 3 6 6 ; 15
20140417015: 2 4 5 ; 11
20140417016: 5 6 6 ; 17
20140417017: 1 2 3 ; 6
20140417018: 3 5 6 ; 14
20140417019: 2 3 6 ; 11
20140417020: 2 2 4 ; 8
20140417021: 3 3 6 ; 12
20140417022: 1 3 3 ; 7
20140417023: 4 4 6 ; 14
20140417024: 2 2 2 ; 6
20140417025: 3 4 4 ; 11
20140417026: 3 3 3 ; 9
20140417027: 1 4 5 ; 10
20140417028: 1 2 2 ; 5
20140417029: 1 4 6 ; 11
20140417030: 3 4 4 ; 11
20140417031: 2 2 2 ; 6
20140417032: 4 5 6 ; 15
20140417033: 2 3 6 ; 11
20140417034: 2 6 6 ; 14
20140417035: 2 6 6 ; 14
20140417036: 4 5 6 ; 15
20140417037: 3 5 5 ; 13
20140417038: 2 5 5 ; 12
20140417039: 2 2 5 ; 9
20140417040: 1 1 6 ; 8
20140417041: 1 1 4 ; 6
20140417042: 4 4 5 ; 13
20140417043: 1 4 5 ; 10
20140417044: 3 4 6 ; 13
20140417045: 5 5 5 ; 15
20140417046: 1 2 3 ; 6
20140417047: 2 5 6 ; 13
20140417048: 1 4 6 ; 11
20140417049: 3 6 6 ; 15
20140417050: 2 5 5 ; 12
20140417051: 3 4 5 ; 12
20140417052: 2 4 6 ; 12
20140417053: 3 4 5 ; 12
20140417054: 2 3 5 ; 10
20140417055: 1 5 5 ; 11
20140417056: 1 4 6 ; 11
20140417057: 2 4 6 ; 12
20140417058: 4 5 5 ; 14
20140417059: 4 5 6 ; 15
20140417060: 1 4 6 ; 11
20140417061: 3 5 5 ; 13
20140417062: 3 4 4 ; 11
20140417063: 2 5 6 ; 13
20140417064: 4 5 6 ; 15
20140417065: 3 5 6 ; 14
20140417066: 5 6 6 ; 17
20140417067: 1 3 5 ; 9
20140417068: 3 4 5 ; 12
20140417069: 2 3 4 ; 9
20140417070: 2 4 4 ; 10
20140417071: 1 3 3 ; 7
20140417072: 4 6 6 ; 16
20140417073: 1 1 5 ; 7
20140417074: 1 3 4 ; 8
20140417075: 2 5 5 ; 12
20140417076: 1 2 5 ; 8
20140417077: 3 3 4 ; 10
20140417078: 1 5 6 ; 12
