20140512001: 1 4 5 ; 10
20140512002: 1 2 3 ; 6
20140512003: 1 1 2 ; 4
20140512004: 2 4 6 ; 12
20140512005: 1 3 3 ; 7
20140512006: 1 4 6 ; 11
20140512007: 3 4 4 ; 11
20140512008: 2 4 5 ; 11
20140512009: 3 3 5 ; 11
20140512010: 2 6 6 ; 14
20140512011: 2 3 6 ; 11
20140512012: 1 1 6 ; 8
20140512013: 4 5 6 ; 15
20140512014: 2 3 6 ; 11
20140512015: 2 5 6 ; 13
20140512016: 1 1 5 ; 7
20140512017: 4 5 6 ; 15
20140512018: 4 4 5 ; 13
20140512019: 1 3 4 ; 8
20140512020: 3 5 5 ; 13
20140512021: 1 3 6 ; 10
20140512022: 4 4 4 ; 12
20140512023: 5 5 6 ; 16
20140512024: 1 5 6 ; 12
20140512025: 1 6 6 ; 13
20140512026: 2 2 5 ; 9
20140512027: 2 2 6 ; 10
20140512028: 2 3 3 ; 8
20140512029: 3 5 5 ; 13
20140512030: 1 1 3 ; 5
20140512031: 3 4 6 ; 13
20140512032: 1 4 5 ; 10
20140512033: 1 4 6 ; 11
20140512034: 3 3 5 ; 11
20140512035: 2 3 5 ; 10
20140512036: 1 1 1 ; 3
20140512037: 5 5 5 ; 15
20140512038: 1 4 5 ; 10
20140512039: 4 5 5 ; 14
20140512040: 1 2 6 ; 9
20140512041: 3 4 5 ; 12
20140512042: 5 5 6 ; 16
20140512043: 1 3 6 ; 10
20140512044: 4 5 5 ; 14
20140512045: 1 2 4 ; 7
20140512046: 1 3 4 ; 8
20140512047: 1 3 5 ; 9
20140512048: 1 3 5 ; 9
20140512049: 1 5 5 ; 11
20140512050: 1 2 6 ; 9
20140512051: 3 4 5 ; 12
20140512052: 3 4 4 ; 11
20140512053: 3 4 6 ; 13
20140512054: 5 5 6 ; 16
20140512055: 1 3 4 ; 8
20140512056: 4 4 6 ; 14
20140512057: 3 5 6 ; 14
20140512058: 3 4 6 ; 13
20140512059: 3 4 6 ; 13
20140512060: 5 5 5 ; 15
20140512061: 2 4 5 ; 11
20140512062: 1 3 4 ; 8
20140512063: 2 3 6 ; 11
20140512064: 3 4 6 ; 13
20140512065: 1 2 4 ; 7
20140512066: 2 6 6 ; 14
20140512067: 4 5 5 ; 14
20140512068: 2 5 6 ; 13
20140512069: 1 5 5 ; 11
20140512070: 2 4 5 ; 11
20140512071: 3 4 6 ; 13
20140512072: 1 2 6 ; 9
20140512073: 5 5 6 ; 16
20140512074: 1 4 5 ; 10
20140512075: 1 3 4 ; 8
20140512076: 2 3 6 ; 11
20140512077: 2 3 6 ; 11
20140512078: 1 1 1 ; 3
