20140324001: 2 2 6 ; 10
20140324002: 1 4 6 ; 11
20140324003: 2 4 4 ; 10
20140324004: 3 6 6 ; 15
20140324005: 1 3 5 ; 9
20140324006: 4 4 6 ; 14
20140324007: 2 2 4 ; 8
20140324008: 1 3 5 ; 9
20140324009: 2 4 5 ; 11
20140324010: 1 3 6 ; 10
20140324011: 2 2 6 ; 10
20140324012: 1 2 4 ; 7
20140324013: 1 3 5 ; 9
20140324014: 2 2 5 ; 9
20140324015: 2 3 6 ; 11
20140324016: 1 2 6 ; 9
20140324017: 1 2 2 ; 5
20140324018: 1 5 6 ; 12
20140324019: 2 2 6 ; 10
20140324020: 1 3 5 ; 9
20140324021: 1 2 6 ; 9
20140324022: 3 3 5 ; 11
20140324023: 3 4 4 ; 11
20140324024: 4 5 6 ; 15
20140324025: 1 2 6 ; 9
20140324026: 2 2 6 ; 10
20140324027: 2 3 3 ; 8
20140324028: 1 3 4 ; 8
20140324029: 3 3 6 ; 12
20140324030: 1 2 3 ; 6
20140324031: 1 6 6 ; 13
20140324032: 2 2 4 ; 8
20140324033: 1 3 5 ; 9
20140324034: 3 3 4 ; 10
20140324035: 5 5 6 ; 16
20140324036: 1 3 5 ; 9
20140324037: 2 6 6 ; 14
20140324038: 2 3 4 ; 9
20140324039: 2 2 3 ; 7
20140324040: 1 1 2 ; 4
20140324041: 2 4 6 ; 12
20140324042: 4 6 6 ; 16
20140324043: 1 5 6 ; 12
20140324044: 1 3 6 ; 10
20140324045: 3 5 6 ; 14
20140324046: 1 3 4 ; 8
20140324047: 4 5 6 ; 15
20140324048: 1 3 6 ; 10
20140324049: 3 5 5 ; 13
20140324050: 3 5 6 ; 14
20140324051: 2 4 6 ; 12
20140324052: 2 3 3 ; 8
20140324053: 2 3 6 ; 11
20140324054: 2 3 5 ; 10
20140324055: 1 1 6 ; 8
20140324056: 1 3 6 ; 10
20140324057: 2 3 3 ; 8
20140324058: 1 1 5 ; 7
20140324059: 2 2 6 ; 10
20140324060: 1 2 4 ; 7
20140324061: 2 6 6 ; 14
20140324062: 1 5 6 ; 12
20140324063: 4 5 5 ; 14
20140324064: 1 1 2 ; 4
20140324065: 1 4 5 ; 10
20140324066: 2 5 6 ; 13
20140324067: 3 4 6 ; 13
20140324068: 1 5 6 ; 12
20140324069: 1 1 5 ; 7
20140324070: 2 4 6 ; 12
20140324071: 2 3 6 ; 11
20140324072: 1 2 4 ; 7
20140324073: 3 6 6 ; 15
20140324074: 2 3 4 ; 9
20140324075: 1 3 3 ; 7
20140324076: 1 2 2 ; 5
20140324077: 5 6 6 ; 17
20140324078: 1 4 4 ; 9
