20140705001: 1 3 6 ; 10
20140705002: 4 5 6 ; 15
20140705003: 3 4 4 ; 11
20140705004: 2 2 3 ; 7
20140705005: 1 2 4 ; 7
20140705006: 1 3 4 ; 8
20140705007: 2 4 5 ; 11
20140705008: 1 5 6 ; 12
20140705009: 1 1 2 ; 4
20140705010: 2 4 6 ; 12
20140705011: 1 2 4 ; 7
20140705012: 2 2 5 ; 9
20140705013: 4 4 5 ; 13
20140705014: 4 5 5 ; 14
20140705015: 1 4 4 ; 9
20140705016: 1 2 3 ; 6
20140705017: 4 5 5 ; 14
20140705018: 1 5 5 ; 11
20140705019: 2 6 6 ; 14
20140705020: 1 3 6 ; 10
20140705021: 4 4 6 ; 14
20140705022: 1 3 6 ; 10
20140705023: 3 3 4 ; 10
20140705024: 2 4 6 ; 12
20140705025: 2 3 6 ; 11
20140705026: 3 3 4 ; 10
20140705027: 1 1 1 ; 3
20140705028: 1 1 5 ; 7
20140705029: 2 5 6 ; 13
20140705030: 2 2 6 ; 10
20140705031: 2 5 6 ; 13
20140705032: 1 1 6 ; 8
20140705033: 1 4 5 ; 10
20140705034: 2 3 6 ; 11
20140705035: 4 4 5 ; 13
20140705036: 1 3 4 ; 8
20140705037: 4 4 6 ; 14
20140705038: 2 2 5 ; 9
20140705039: 2 3 6 ; 11
20140705040: 4 5 6 ; 15
20140705041: 5 6 6 ; 17
20140705042: 3 5 6 ; 14
20140705043: 3 3 6 ; 12
20140705044: 3 6 6 ; 15
20140705045: 2 3 4 ; 9
20140705046: 1 4 5 ; 10
20140705047: 2 3 5 ; 10
20140705048: 2 4 6 ; 12
20140705049: 1 3 4 ; 8
20140705050: 2 3 6 ; 11
20140705051: 1 2 2 ; 5
20140705052: 1 3 5 ; 9
20140705053: 1 2 6 ; 9
20140705054: 1 3 5 ; 9
20140705055: 2 6 6 ; 14
20140705056: 2 5 6 ; 13
20140705057: 1 4 6 ; 11
20140705058: 4 4 6 ; 14
20140705059: 1 3 5 ; 9
20140705060: 1 6 6 ; 13
20140705061: 6 6 6 ; 18
20140705062: 2 4 6 ; 12
20140705063: 1 2 2 ; 5
20140705064: 3 3 5 ; 11
20140705065: 1 3 4 ; 8
20140705066: 5 5 6 ; 16
20140705067: 1 3 4 ; 8
20140705068: 3 4 4 ; 11
20140705069: 2 2 3 ; 7
20140705070: 1 3 6 ; 10
20140705071: 3 4 6 ; 13
20140705072: 2 4 5 ; 11
20140705073: 5 5 5 ; 15
20140705074: 4 4 4 ; 12
20140705075: 1 1 5 ; 7
20140705076: 3 5 6 ; 14
20140705077: 4 4 6 ; 14
20140705078: 2 3 4 ; 9
