20140527001: 4 6 6 ; 16
20140527002: 4 5 6 ; 15
20140527003: 1 5 6 ; 12
20140527004: 2 3 5 ; 10
20140527005: 2 2 6 ; 10
20140527006: 2 6 6 ; 14
20140527007: 4 4 5 ; 13
20140527008: 1 2 3 ; 6
20140527009: 2 3 5 ; 10
20140527010: 1 2 2 ; 5
20140527011: 1 1 4 ; 6
20140527012: 4 4 5 ; 13
20140527013: 3 4 5 ; 12
20140527014: 1 4 6 ; 11
20140527015: 1 2 4 ; 7
20140527016: 1 2 5 ; 8
20140527017: 1 2 6 ; 9
20140527018: 1 2 6 ; 9
20140527019: 1 2 5 ; 8
20140527020: 1 3 4 ; 8
20140527021: 1 4 4 ; 9
20140527022: 2 4 6 ; 12
20140527023: 2 3 4 ; 9
20140527024: 4 6 6 ; 16
20140527025: 1 4 6 ; 11
20140527026: 1 1 4 ; 6
20140527027: 4 5 6 ; 15
20140527028: 3 3 6 ; 12
20140527029: 3 5 5 ; 13
20140527030: 1 3 4 ; 8
20140527031: 2 2 4 ; 8
20140527032: 3 3 3 ; 9
20140527033: 1 4 4 ; 9
20140527034: 1 2 5 ; 8
20140527035: 3 3 5 ; 11
20140527036: 1 5 6 ; 12
20140527037: 4 6 6 ; 16
20140527038: 1 5 6 ; 12
20140527039: 1 2 5 ; 8
20140527040: 2 4 6 ; 12
20140527041: 2 2 4 ; 8
20140527042: 1 2 4 ; 7
20140527043: 2 2 5 ; 9
20140527044: 2 4 5 ; 11
20140527045: 1 2 6 ; 9
20140527046: 1 3 5 ; 9
20140527047: 2 5 6 ; 13
20140527048: 2 4 5 ; 11
20140527049: 2 3 3 ; 8
20140527050: 2 4 5 ; 11
20140527051: 4 6 6 ; 16
20140527052: 2 2 4 ; 8
20140527053: 2 2 3 ; 7
20140527054: 3 3 3 ; 9
20140527055: 1 3 4 ; 8
20140527056: 1 2 3 ; 6
20140527057: 1 1 6 ; 8
20140527058: 1 3 4 ; 8
20140527059: 2 3 3 ; 8
20140527060: 3 5 6 ; 14
20140527061: 2 2 4 ; 8
20140527062: 4 6 6 ; 16
20140527063: 2 3 3 ; 8
20140527064: 4 5 6 ; 15
20140527065: 3 3 6 ; 12
20140527066: 1 2 5 ; 8
20140527067: 1 4 6 ; 11
20140527068: 3 6 6 ; 15
20140527069: 1 3 5 ; 9
20140527070: 3 3 5 ; 11
20140527071: 1 2 4 ; 7
20140527072: 2 4 4 ; 10
20140527073: 1 5 6 ; 12
20140527074: 3 3 3 ; 9
20140527075: 1 3 3 ; 7
20140527076: 2 3 6 ; 11
20140527077: 3 4 5 ; 12
20140527078: 1 1 5 ; 7
