20140317001: 4 5 6 ; 15
20140317002: 1 5 6 ; 12
20140317003: 1 4 6 ; 11
20140317004: 3 4 6 ; 13
20140317005: 3 3 6 ; 12
20140317006: 4 4 5 ; 13
20140317007: 3 3 5 ; 11
20140317008: 2 3 5 ; 10
20140317009: 5 6 6 ; 17
20140317010: 3 3 4 ; 10
20140317011: 2 2 6 ; 10
20140317012: 3 5 6 ; 14
20140317013: 1 4 6 ; 11
20140317014: 3 3 5 ; 11
20140317015: 1 4 4 ; 9
20140317016: 1 4 6 ; 11
20140317017: 3 3 6 ; 12
20140317018: 1 6 6 ; 13
20140317019: 1 3 4 ; 8
20140317020: 1 1 1 ; 3
20140317021: 2 3 6 ; 11
20140317022: 1 2 6 ; 9
20140317023: 1 2 3 ; 6
20140317024: 2 5 5 ; 12
20140317025: 3 4 6 ; 13
20140317026: 1 3 3 ; 7
20140317027: 1 5 5 ; 11
20140317028: 2 4 4 ; 10
20140317029: 2 4 6 ; 12
20140317030: 1 2 2 ; 5
20140317031: 1 2 3 ; 6
20140317032: 5 5 6 ; 16
20140317033: 1 3 5 ; 9
20140317034: 4 6 6 ; 16
20140317035: 1 1 5 ; 7
20140317036: 1 2 5 ; 8
20140317037: 1 1 4 ; 6
20140317038: 2 5 6 ; 13
20140317039: 1 4 5 ; 10
20140317040: 1 4 6 ; 11
20140317041: 4 5 6 ; 15
20140317042: 1 2 5 ; 8
20140317043: 1 4 5 ; 10
20140317044: 2 4 6 ; 12
20140317045: 1 2 4 ; 7
20140317046: 1 3 6 ; 10
20140317047: 1 3 4 ; 8
20140317048: 2 3 4 ; 9
20140317049: 4 5 6 ; 15
20140317050: 2 2 5 ; 9
20140317051: 1 2 6 ; 9
20140317052: 2 5 6 ; 13
20140317053: 2 2 5 ; 9
20140317054: 1 2 2 ; 5
20140317055: 2 4 6 ; 12
20140317056: 2 2 5 ; 9
20140317057: 2 3 5 ; 10
20140317058: 5 6 6 ; 17
20140317059: 1 2 2 ; 5
20140317060: 2 2 2 ; 6
20140317061: 2 5 6 ; 13
20140317062: 2 5 6 ; 13
20140317063: 1 1 2 ; 4
20140317064: 1 5 6 ; 12
20140317065: 1 1 3 ; 5
20140317066: 1 5 6 ; 12
20140317067: 1 5 6 ; 12
20140317068: 3 4 6 ; 13
20140317069: 3 4 6 ; 13
20140317070: 3 4 4 ; 11
20140317071: 4 5 5 ; 14
20140317072: 1 2 6 ; 9
20140317073: 2 4 5 ; 11
20140317074: 1 2 4 ; 7
20140317075: 1 3 4 ; 8
20140317076: 3 3 4 ; 10
20140317077: 1 1 2 ; 4
20140317078: 1 2 4 ; 7
