20140701001: 2 2 5 ; 9
20140701002: 4 5 6 ; 15
20140701003: 1 1 6 ; 8
20140701004: 1 3 3 ; 7
20140701005: 1 2 2 ; 5
20140701006: 1 3 4 ; 8
20140701007: 4 4 6 ; 14
20140701008: 1 1 4 ; 6
20140701009: 2 3 5 ; 10
20140701010: 1 1 6 ; 8
20140701011: 2 5 6 ; 13
20140701012: 4 5 6 ; 15
20140701013: 1 2 4 ; 7
20140701014: 2 2 6 ; 10
20140701015: 1 3 5 ; 9
20140701016: 1 2 4 ; 7
20140701017: 1 2 3 ; 6
20140701018: 1 2 5 ; 8
20140701019: 1 2 4 ; 7
20140701020: 5 5 6 ; 16
20140701021: 1 3 5 ; 9
20140701022: 1 3 6 ; 10
20140701023: 1 5 6 ; 12
20140701024: 1 3 6 ; 10
20140701025: 2 5 6 ; 13
20140701026: 1 1 6 ; 8
20140701027: 2 2 3 ; 7
20140701028: 2 3 6 ; 11
20140701029: 3 5 5 ; 13
20140701030: 3 5 6 ; 14
20140701031: 4 5 6 ; 15
20140701032: 5 6 6 ; 17
20140701033: 1 1 3 ; 5
20140701034: 2 4 5 ; 11
20140701035: 1 2 4 ; 7
20140701036: 2 2 6 ; 10
20140701037: 1 1 6 ; 8
20140701038: 2 4 5 ; 11
20140701039: 5 6 6 ; 17
20140701040: 3 3 5 ; 11
20140701041: 1 6 6 ; 13
20140701042: 1 2 4 ; 7
20140701043: 2 3 6 ; 11
20140701044: 1 3 3 ; 7
20140701045: 1 5 6 ; 12
20140701046: 1 3 5 ; 9
20140701047: 1 1 6 ; 8
20140701048: 2 2 6 ; 10
20140701049: 1 5 6 ; 12
20140701050: 1 2 4 ; 7
20140701051: 1 1 5 ; 7
20140701052: 3 4 5 ; 12
20140701053: 2 3 5 ; 10
20140701054: 1 3 5 ; 9
20140701055: 1 2 4 ; 7
20140701056: 1 2 4 ; 7
20140701057: 2 2 5 ; 9
20140701058: 1 1 4 ; 6
20140701059: 1 3 6 ; 10
20140701060: 3 4 4 ; 11
20140701061: 3 5 5 ; 13
20140701062: 2 5 6 ; 13
20140701063: 1 1 6 ; 8
20140701064: 2 3 6 ; 11
20140701065: 1 1 6 ; 8
20140701066: 2 4 6 ; 12
20140701067: 2 2 6 ; 10
20140701068: 2 3 5 ; 10
20140701069: 2 5 5 ; 12
20140701070: 2 6 6 ; 14
20140701071: 3 3 3 ; 9
20140701072: 3 4 6 ; 13
20140701073: 1 2 4 ; 7
20140701074: 2 3 4 ; 9
20140701075: 2 4 4 ; 10
20140701076: 3 4 5 ; 12
20140701077: 1 3 4 ; 8
20140701078: 3 4 4 ; 11
