20140405001: 1 2 6 ; 9
20140405002: 2 5 6 ; 13
20140405003: 1 4 6 ; 11
20140405004: 1 3 5 ; 9
20140405005: 3 5 6 ; 14
20140405006: 2 2 4 ; 8
20140405007: 3 3 4 ; 10
20140405008: 3 5 6 ; 14
20140405009: 1 4 5 ; 10
20140405010: 4 6 6 ; 16
20140405011: 1 5 5 ; 11
20140405012: 1 3 6 ; 10
20140405013: 1 2 5 ; 8
20140405014: 3 3 4 ; 10
20140405015: 2 4 4 ; 10
20140405016: 2 2 5 ; 9
20140405017: 3 4 4 ; 11
20140405018: 1 5 6 ; 12
20140405019: 2 3 5 ; 10
20140405020: 2 2 3 ; 7
20140405021: 2 3 3 ; 8
20140405022: 2 3 6 ; 11
20140405023: 1 3 5 ; 9
20140405024: 4 6 6 ; 16
20140405025: 1 2 6 ; 9
20140405026: 1 1 6 ; 8
20140405027: 2 2 5 ; 9
20140405028: 1 1 4 ; 6
20140405029: 4 5 5 ; 14
20140405030: 5 6 6 ; 17
20140405031: 1 4 6 ; 11
20140405032: 2 3 3 ; 8
20140405033: 2 3 6 ; 11
20140405034: 2 4 4 ; 10
20140405035: 5 6 6 ; 17
20140405036: 2 5 6 ; 13
20140405037: 3 5 6 ; 14
20140405038: 5 5 6 ; 16
20140405039: 4 4 6 ; 14
20140405040: 1 4 4 ; 9
20140405041: 2 4 5 ; 11
20140405042: 1 6 6 ; 13
20140405043: 3 5 6 ; 14
20140405044: 2 2 4 ; 8
20140405045: 2 2 5 ; 9
20140405046: 2 3 5 ; 10
20140405047: 2 5 6 ; 13
20140405048: 2 3 3 ; 8
20140405049: 1 2 3 ; 6
20140405050: 1 2 2 ; 5
20140405051: 1 4 5 ; 10
20140405052: 1 4 6 ; 11
20140405053: 2 4 6 ; 12
20140405054: 4 5 6 ; 15
20140405055: 2 4 5 ; 11
20140405056: 1 2 4 ; 7
20140405057: 2 3 4 ; 9
20140405058: 2 4 6 ; 12
20140405059: 2 4 6 ; 12
20140405060: 2 4 5 ; 11
20140405061: 2 2 5 ; 9
20140405062: 1 5 6 ; 12
20140405063: 1 1 5 ; 7
20140405064: 2 3 5 ; 10
20140405065: 4 5 6 ; 15
20140405066: 2 3 6 ; 11
20140405067: 2 3 3 ; 8
20140405068: 2 5 5 ; 12
20140405069: 3 5 6 ; 14
20140405070: 2 2 4 ; 8
20140405071: 2 2 4 ; 8
20140405072: 4 5 6 ; 15
20140405073: 1 4 6 ; 11
20140405074: 2 5 6 ; 13
20140405075: 2 3 3 ; 8
20140405076: 2 3 5 ; 10
20140405077: 1 4 5 ; 10
20140405078: 2 5 6 ; 13
