20140504001: 3 5 6 ; 14
20140504002: 1 5 6 ; 12
20140504003: 2 4 6 ; 12
20140504004: 1 2 6 ; 9
20140504005: 1 1 5 ; 7
20140504006: 1 6 6 ; 13
20140504007: 1 5 6 ; 12
20140504008: 2 4 6 ; 12
20140504009: 1 3 3 ; 7
20140504010: 1 4 6 ; 11
20140504011: 1 1 5 ; 7
20140504012: 2 2 6 ; 10
20140504013: 1 2 2 ; 5
20140504014: 3 4 6 ; 13
20140504015: 2 2 3 ; 7
20140504016: 1 4 6 ; 11
20140504017: 1 5 6 ; 12
20140504018: 2 4 4 ; 10
20140504019: 1 2 4 ; 7
20140504020: 1 3 3 ; 7
20140504021: 1 4 5 ; 10
20140504022: 4 4 5 ; 13
20140504023: 4 4 6 ; 14
20140504024: 4 5 6 ; 15
20140504025: 1 2 4 ; 7
20140504026: 2 3 5 ; 10
20140504027: 1 5 6 ; 12
20140504028: 2 3 4 ; 9
20140504029: 2 2 6 ; 10
20140504030: 1 1 2 ; 4
20140504031: 1 4 6 ; 11
20140504032: 2 3 5 ; 10
20140504033: 2 4 5 ; 11
20140504034: 3 5 5 ; 13
20140504035: 2 5 5 ; 12
20140504036: 1 6 6 ; 13
20140504037: 1 4 5 ; 10
20140504038: 3 5 5 ; 13
20140504039: 1 3 4 ; 8
20140504040: 1 1 3 ; 5
20140504041: 1 3 5 ; 9
20140504042: 3 3 6 ; 12
20140504043: 4 5 6 ; 15
20140504044: 1 4 6 ; 11
20140504045: 3 4 4 ; 11
20140504046: 2 2 5 ; 9
20140504047: 3 4 5 ; 12
20140504048: 3 5 6 ; 14
20140504049: 3 5 6 ; 14
20140504050: 1 3 3 ; 7
20140504051: 2 2 6 ; 10
20140504052: 3 6 6 ; 15
20140504053: 1 4 4 ; 9
20140504054: 2 4 5 ; 11
20140504055: 2 5 6 ; 13
20140504056: 1 3 6 ; 10
20140504057: 5 5 6 ; 16
20140504058: 2 4 5 ; 11
20140504059: 1 2 5 ; 8
20140504060: 1 4 6 ; 11
20140504061: 1 3 5 ; 9
20140504062: 2 4 4 ; 10
20140504063: 1 3 4 ; 8
20140504064: 1 5 5 ; 11
20140504065: 1 2 6 ; 9
20140504066: 1 3 6 ; 10
20140504067: 5 5 6 ; 16
20140504068: 3 5 6 ; 14
20140504069: 1 4 5 ; 10
20140504070: 1 2 4 ; 7
20140504071: 2 4 5 ; 11
20140504072: 2 3 4 ; 9
20140504073: 3 4 5 ; 12
20140504074: 1 3 6 ; 10
20140504075: 2 3 5 ; 10
20140504076: 2 2 3 ; 7
20140504077: 1 2 5 ; 8
20140504078: 1 1 5 ; 7
