20140322001: 2 3 5 ; 10
20140322002: 1 2 3 ; 6
20140322003: 1 2 4 ; 7
20140322004: 2 2 6 ; 10
20140322005: 1 3 4 ; 8
20140322006: 2 3 5 ; 10
20140322007: 2 3 5 ; 10
20140322008: 2 4 4 ; 10
20140322009: 2 6 6 ; 14
20140322010: 3 4 4 ; 11
20140322011: 4 4 5 ; 13
20140322012: 2 5 5 ; 12
20140322013: 1 1 4 ; 6
20140322014: 1 4 5 ; 10
20140322015: 1 3 5 ; 9
20140322016: 1 6 6 ; 13
20140322017: 1 2 6 ; 9
20140322018: 1 6 6 ; 13
20140322019: 4 5 5 ; 14
20140322020: 1 2 4 ; 7
20140322021: 3 3 5 ; 11
20140322022: 1 2 4 ; 7
20140322023: 3 4 4 ; 11
20140322024: 1 3 3 ; 7
20140322025: 1 3 5 ; 9
20140322026: 3 3 5 ; 11
20140322027: 2 3 4 ; 9
20140322028: 2 4 6 ; 12
20140322029: 2 6 6 ; 14
20140322030: 1 1 4 ; 6
20140322031: 1 3 5 ; 9
20140322032: 3 5 6 ; 14
20140322033: 6 6 6 ; 18
20140322034: 2 4 6 ; 12
20140322035: 1 2 4 ; 7
20140322036: 2 3 6 ; 11
20140322037: 4 6 6 ; 16
20140322038: 1 2 2 ; 5
20140322039: 1 3 6 ; 10
20140322040: 1 2 6 ; 9
20140322041: 1 3 5 ; 9
20140322042: 1 4 5 ; 10
20140322043: 1 2 3 ; 6
20140322044: 3 4 4 ; 11
20140322045: 4 5 5 ; 14
20140322046: 4 6 6 ; 16
20140322047: 1 5 6 ; 12
20140322048: 1 2 4 ; 7
20140322049: 2 3 5 ; 10
20140322050: 4 4 6 ; 14
20140322051: 1 3 6 ; 10
20140322052: 1 2 6 ; 9
20140322053: 1 4 6 ; 11
20140322054: 4 4 5 ; 13
20140322055: 1 4 6 ; 11
20140322056: 1 3 5 ; 9
20140322057: 1 3 6 ; 10
20140322058: 4 5 6 ; 15
20140322059: 4 4 4 ; 12
20140322060: 1 1 4 ; 6
20140322061: 4 5 6 ; 15
20140322062: 3 4 5 ; 12
20140322063: 2 2 4 ; 8
20140322064: 3 6 6 ; 15
20140322065: 1 3 4 ; 8
20140322066: 1 2 3 ; 6
20140322067: 2 3 3 ; 8
20140322068: 4 5 5 ; 14
20140322069: 3 4 5 ; 12
20140322070: 2 3 5 ; 10
20140322071: 2 2 5 ; 9
20140322072: 1 3 5 ; 9
20140322073: 1 2 4 ; 7
20140322074: 4 4 4 ; 12
20140322075: 1 3 4 ; 8
20140322076: 1 2 4 ; 7
20140322077: 1 2 2 ; 5
20140322078: 2 3 3 ; 8
