20140726001: 1 2 5 ; 8
20140726002: 3 4 5 ; 12
20140726003: 4 4 5 ; 13
20140726004: 4 5 5 ; 14
20140726005: 4 4 5 ; 13
20140726006: 5 5 6 ; 16
20140726007: 3 5 6 ; 14
20140726008: 2 2 6 ; 10
20140726009: 1 2 6 ; 9
20140726010: 3 5 6 ; 14
20140726011: 2 3 3 ; 8
20140726012: 1 5 6 ; 12
20140726013: 5 6 6 ; 17
20140726014: 1 1 5 ; 7
20140726015: 2 2 3 ; 7
20140726016: 1 2 5 ; 8
20140726017: 1 1 6 ; 8
20140726018: 1 3 4 ; 8
20140726019: 5 5 6 ; 16
20140726020: 1 1 5 ; 7
20140726021: 2 2 5 ; 9
20140726022: 2 3 6 ; 11
20140726023: 3 6 6 ; 15
20140726024: 2 3 4 ; 9
20140726025: 3 4 5 ; 12
20140726026: 2 3 5 ; 10
20140726027: 2 3 4 ; 9
20140726028: 2 3 5 ; 10
20140726029: 1 3 4 ; 8
20140726030: 4 4 6 ; 14
20140726031: 2 5 5 ; 12
20140726032: 2 3 5 ; 10
20140726033: 2 3 3 ; 8
20140726034: 1 2 6 ; 9
20140726035: 3 3 4 ; 10
20140726036: 1 4 6 ; 11
20140726037: 2 4 4 ; 10
20140726038: 3 5 5 ; 13
20140726039: 1 1 5 ; 7
20140726040: 3 5 6 ; 14
20140726041: 4 6 6 ; 16
20140726042: 3 4 5 ; 12
20140726043: 2 4 4 ; 10
20140726044: 3 5 5 ; 13
20140726045: 2 4 5 ; 11
20140726046: 2 2 4 ; 8
20140726047: 1 2 4 ; 7
20140726048: 1 1 4 ; 6
20140726049: 2 6 6 ; 14
20140726050: 4 6 6 ; 16
20140726051: 2 5 5 ; 12
20140726052: 2 5 6 ; 13
20140726053: 6 6 6 ; 18
20140726054: 3 3 5 ; 11
20140726055: 1 2 3 ; 6
20140726056: 1 6 6 ; 13
20140726057: 1 2 6 ; 9
20140726058: 2 3 3 ; 8
20140726059: 2 3 4 ; 9
20140726060: 1 1 5 ; 7
20140726061: 2 3 5 ; 10
20140726062: 2 3 4 ; 9
20140726063: 2 3 6 ; 11
20140726064: 4 6 6 ; 16
20140726065: 1 4 6 ; 11
20140726066: 2 4 4 ; 10
20140726067: 2 3 4 ; 9
20140726068: 4 6 6 ; 16
20140726069: 2 3 4 ; 9
20140726070: 1 2 3 ; 6
20140726071: 1 2 3 ; 6
20140726072: 3 6 6 ; 15
20140726073: 1 2 6 ; 9
20140726074: 4 5 6 ; 15
20140726075: 2 2 6 ; 10
20140726076: 3 5 6 ; 14
20140726077: 2 3 6 ; 11
20140726078: 1 1 1 ; 3
