20140621001: 2 5 6 ; 13
20140621002: 4 5 6 ; 15
20140621003: 2 3 5 ; 10
20140621004: 1 1 4 ; 6
20140621005: 1 2 5 ; 8
20140621006: 1 5 6 ; 12
20140621007: 1 3 6 ; 10
20140621008: 2 2 6 ; 10
20140621009: 2 3 6 ; 11
20140621010: 2 5 5 ; 12
20140621011: 3 3 5 ; 11
20140621012: 1 2 5 ; 8
20140621013: 1 4 4 ; 9
20140621014: 2 3 5 ; 10
20140621015: 2 2 6 ; 10
20140621016: 5 5 6 ; 16
20140621017: 1 2 2 ; 5
20140621018: 6 6 6 ; 18
20140621019: 1 1 6 ; 8
20140621020: 1 6 6 ; 13
20140621021: 1 2 5 ; 8
20140621022: 1 3 6 ; 10
20140621023: 4 6 6 ; 16
20140621024: 1 1 3 ; 5
20140621025: 1 2 3 ; 6
20140621026: 3 4 6 ; 13
20140621027: 4 6 6 ; 16
20140621028: 2 3 6 ; 11
20140621029: 1 4 6 ; 11
20140621030: 1 5 6 ; 12
20140621031: 5 6 6 ; 17
20140621032: 1 1 5 ; 7
20140621033: 1 2 3 ; 6
20140621034: 3 5 5 ; 13
20140621035: 3 5 6 ; 14
20140621036: 1 2 5 ; 8
20140621037: 1 2 2 ; 5
20140621038: 4 6 6 ; 16
20140621039: 1 4 6 ; 11
20140621040: 2 4 5 ; 11
20140621041: 3 5 6 ; 14
20140621042: 3 4 6 ; 13
20140621043: 2 3 6 ; 11
20140621044: 2 3 4 ; 9
20140621045: 1 1 6 ; 8
20140621046: 3 6 6 ; 15
20140621047: 2 3 6 ; 11
20140621048: 2 3 6 ; 11
20140621049: 1 4 5 ; 10
20140621050: 2 4 4 ; 10
20140621051: 2 2 3 ; 7
20140621052: 2 4 5 ; 11
20140621053: 2 3 5 ; 10
20140621054: 3 4 5 ; 12
20140621055: 5 5 6 ; 16
20140621056: 1 4 5 ; 10
20140621057: 1 4 6 ; 11
20140621058: 2 2 4 ; 8
20140621059: 1 2 4 ; 7
20140621060: 1 2 6 ; 9
20140621061: 2 3 5 ; 10
20140621062: 3 5 6 ; 14
20140621063: 3 6 6 ; 15
20140621064: 1 2 2 ; 5
20140621065: 2 3 5 ; 10
20140621066: 1 4 5 ; 10
20140621067: 1 4 5 ; 10
20140621068: 2 3 3 ; 8
20140621069: 1 1 1 ; 3
20140621070: 1 1 1 ; 3
20140621071: 4 4 5 ; 13
20140621072: 4 5 5 ; 14
20140621073: 1 2 2 ; 5
20140621074: 1 5 6 ; 12
20140621075: 4 4 5 ; 13
20140621076: 4 4 5 ; 13
20140621077: 1 4 5 ; 10
20140621078: 4 4 5 ; 13
