20140711001: 2 5 6 ; 13
20140711002: 4 5 5 ; 14
20140711003: 1 4 4 ; 9
20140711004: 1 4 5 ; 10
20140711005: 1 2 3 ; 6
20140711006: 1 3 3 ; 7
20140711007: 2 4 6 ; 12
20140711008: 2 3 5 ; 10
20140711009: 2 4 6 ; 12
20140711010: 1 3 5 ; 9
20140711011: 1 2 3 ; 6
20140711012: 4 5 6 ; 15
20140711013: 1 3 4 ; 8
20140711014: 5 6 6 ; 17
20140711015: 1 5 6 ; 12
20140711016: 1 3 5 ; 9
20140711017: 3 4 6 ; 13
20140711018: 2 5 6 ; 13
20140711019: 1 4 5 ; 10
20140711020: 1 4 5 ; 10
20140711021: 1 2 3 ; 6
20140711022: 2 4 5 ; 11
20140711023: 3 6 6 ; 15
20140711024: 2 5 6 ; 13
20140711025: 1 3 5 ; 9
20140711026: 4 4 4 ; 12
20140711027: 1 1 3 ; 5
20140711028: 2 4 6 ; 12
20140711029: 2 2 4 ; 8
20140711030: 2 2 5 ; 9
20140711031: 2 3 4 ; 9
20140711032: 1 3 6 ; 10
20140711033: 1 1 3 ; 5
20140711034: 1 5 6 ; 12
20140711035: 3 4 4 ; 11
20140711036: 1 4 5 ; 10
20140711037: 1 1 3 ; 5
20140711038: 2 3 5 ; 10
20140711039: 1 2 6 ; 9
20140711040: 1 3 6 ; 10
20140711041: 3 4 4 ; 11
20140711042: 2 2 6 ; 10
20140711043: 1 2 2 ; 5
20140711044: 1 1 3 ; 5
20140711045: 5 6 6 ; 17
20140711046: 4 5 6 ; 15
20140711047: 2 3 3 ; 8
20140711048: 3 4 6 ; 13
20140711049: 2 4 6 ; 12
20140711050: 2 4 4 ; 10
20140711051: 3 6 6 ; 15
20140711052: 5 5 6 ; 16
20140711053: 1 2 5 ; 8
20140711054: 2 5 5 ; 12
20140711055: 2 4 6 ; 12
20140711056: 1 2 3 ; 6
20140711057: 4 4 6 ; 14
20140711058: 2 5 6 ; 13
20140711059: 3 6 6 ; 15
20140711060: 3 5 5 ; 13
20140711061: 2 2 3 ; 7
20140711062: 4 6 6 ; 16
20140711063: 2 3 5 ; 10
20140711064: 1 3 3 ; 7
20140711065: 2 6 6 ; 14
20140711066: 1 6 6 ; 13
20140711067: 2 5 6 ; 13
20140711068: 3 5 6 ; 14
20140711069: 3 4 5 ; 12
20140711070: 4 5 6 ; 15
20140711071: 4 6 6 ; 16
20140711072: 2 3 6 ; 11
20140711073: 1 3 6 ; 10
20140711074: 1 3 6 ; 10
20140711075: 1 3 5 ; 9
20140711076: 3 4 6 ; 13
20140711077: 4 5 6 ; 15
20140711078: 1 6 6 ; 13
