20140619001: 1 3 5 ; 9
20140619002: 3 6 6 ; 15
20140619003: 3 3 5 ; 11
20140619004: 1 5 6 ; 12
20140619005: 5 5 6 ; 16
20140619006: 1 1 4 ; 6
20140619007: 4 5 6 ; 15
20140619008: 2 4 5 ; 11
20140619009: 3 4 4 ; 11
20140619010: 4 5 6 ; 15
20140619011: 3 4 4 ; 11
20140619012: 3 4 4 ; 11
20140619013: 4 6 6 ; 16
20140619014: 3 4 5 ; 12
20140619015: 1 4 5 ; 10
20140619016: 4 5 5 ; 14
20140619017: 1 2 6 ; 9
20140619018: 2 4 4 ; 10
20140619019: 1 3 4 ; 8
20140619020: 3 5 6 ; 14
20140619021: 2 4 5 ; 11
20140619022: 1 2 2 ; 5
20140619023: 2 3 4 ; 9
20140619024: 1 5 6 ; 12
20140619025: 2 2 4 ; 8
20140619026: 1 5 5 ; 11
20140619027: 1 4 6 ; 11
20140619028: 2 4 4 ; 10
20140619029: 1 3 6 ; 10
20140619030: 3 4 5 ; 12
20140619031: 1 4 6 ; 11
20140619032: 2 5 6 ; 13
20140619033: 1 3 4 ; 8
20140619034: 2 3 5 ; 10
20140619035: 2 5 6 ; 13
20140619036: 2 5 5 ; 12
20140619037: 4 5 6 ; 15
20140619038: 1 3 3 ; 7
20140619039: 3 6 6 ; 15
20140619040: 2 4 5 ; 11
20140619041: 1 4 5 ; 10
20140619042: 1 4 5 ; 10
20140619043: 4 5 6 ; 15
20140619044: 3 4 4 ; 11
20140619045: 2 3 6 ; 11
20140619046: 2 4 6 ; 12
20140619047: 2 2 5 ; 9
20140619048: 1 4 6 ; 11
20140619049: 1 2 2 ; 5
20140619050: 1 1 4 ; 6
20140619051: 4 4 4 ; 12
20140619052: 1 2 3 ; 6
20140619053: 4 4 4 ; 12
20140619054: 1 3 6 ; 10
20140619055: 1 4 4 ; 9
20140619056: 2 4 6 ; 12
20140619057: 1 1 5 ; 7
20140619058: 2 3 5 ; 10
20140619059: 1 5 6 ; 12
20140619060: 1 3 3 ; 7
20140619061: 1 5 6 ; 12
20140619062: 3 4 5 ; 12
20140619063: 2 2 3 ; 7
20140619064: 3 3 4 ; 10
20140619065: 1 3 6 ; 10
20140619066: 3 3 6 ; 12
20140619067: 1 1 3 ; 5
20140619068: 2 5 6 ; 13
20140619069: 1 3 5 ; 9
20140619070: 4 4 5 ; 13
20140619071: 4 5 6 ; 15
20140619072: 6 6 6 ; 18
20140619073: 2 5 6 ; 13
20140619074: 1 4 4 ; 9
20140619075: 1 1 2 ; 4
20140619076: 2 2 5 ; 9
20140619077: 1 3 3 ; 7
20140619078: 4 5 5 ; 14
