20140413001: 1 1 4 ; 6
20140413002: 1 6 6 ; 13
20140413003: 2 4 6 ; 12
20140413004: 2 4 5 ; 11
20140413005: 2 4 6 ; 12
20140413006: 1 2 4 ; 7
20140413007: 2 4 6 ; 12
20140413008: 1 4 6 ; 11
20140413009: 1 4 6 ; 11
20140413010: 3 4 5 ; 12
20140413011: 1 1 1 ; 3
20140413012: 1 2 6 ; 9
20140413013: 2 2 3 ; 7
20140413014: 2 4 4 ; 10
20140413015: 1 3 5 ; 9
20140413016: 2 2 3 ; 7
20140413017: 1 3 5 ; 9
20140413018: 1 4 4 ; 9
20140413019: 1 2 4 ; 7
20140413020: 1 2 4 ; 7
20140413021: 5 6 6 ; 17
20140413022: 1 2 6 ; 9
20140413023: 1 2 6 ; 9
20140413024: 2 6 6 ; 14
20140413025: 1 1 5 ; 7
20140413026: 4 4 4 ; 12
20140413027: 1 4 5 ; 10
20140413028: 2 3 5 ; 10
20140413029: 2 6 6 ; 14
20140413030: 2 6 6 ; 14
20140413031: 1 2 2 ; 5
20140413032: 5 5 6 ; 16
20140413033: 3 3 5 ; 11
20140413034: 1 4 6 ; 11
20140413035: 1 5 6 ; 12
20140413036: 1 1 6 ; 8
20140413037: 2 2 5 ; 9
20140413038: 2 2 4 ; 8
20140413039: 1 2 6 ; 9
20140413040: 2 5 6 ; 13
20140413041: 2 2 6 ; 10
20140413042: 3 5 6 ; 14
20140413043: 4 4 6 ; 14
20140413044: 5 5 6 ; 16
20140413045: 2 3 5 ; 10
20140413046: 1 5 5 ; 11
20140413047: 3 4 4 ; 11
20140413048: 3 4 5 ; 12
20140413049: 1 2 5 ; 8
20140413050: 4 4 5 ; 13
20140413051: 1 2 4 ; 7
20140413052: 2 5 6 ; 13
20140413053: 1 6 6 ; 13
20140413054: 2 2 5 ; 9
20140413055: 2 3 6 ; 11
20140413056: 2 5 6 ; 13
20140413057: 4 6 6 ; 16
20140413058: 2 3 4 ; 9
20140413059: 1 2 4 ; 7
20140413060: 3 4 5 ; 12
20140413061: 2 6 6 ; 14
20140413062: 2 3 6 ; 11
20140413063: 5 5 5 ; 15
20140413064: 1 3 5 ; 9
20140413065: 1 2 3 ; 6
20140413066: 1 4 5 ; 10
20140413067: 2 3 3 ; 8
20140413068: 5 5 5 ; 15
20140413069: 4 5 6 ; 15
20140413070: 1 4 5 ; 10
20140413071: 3 4 5 ; 12
20140413072: 3 4 4 ; 11
20140413073: 2 2 4 ; 8
20140413074: 4 5 6 ; 15
20140413075: 1 3 5 ; 9
20140413076: 3 4 4 ; 11
20140413077: 2 3 6 ; 11
20140413078: 1 4 5 ; 10
