20140730001: 1 2 4 ; 7
20140730002: 2 3 4 ; 9
20140730003: 2 2 3 ; 7
20140730004: 1 2 3 ; 6
20140730005: 1 4 6 ; 11
20140730006: 3 4 5 ; 12
20140730007: 1 2 4 ; 7
20140730008: 1 1 3 ; 5
20140730009: 2 5 6 ; 13
20140730010: 4 4 5 ; 13
20140730011: 1 5 6 ; 12
20140730012: 1 3 5 ; 9
20140730013: 3 4 6 ; 13
20140730014: 4 4 6 ; 14
20140730015: 3 5 6 ; 14
20140730016: 1 3 6 ; 10
20140730017: 1 4 6 ; 11
20140730018: 3 5 6 ; 14
20140730019: 4 5 6 ; 15
20140730020: 1 3 5 ; 9
20140730021: 3 4 4 ; 11
20140730022: 4 6 6 ; 16
20140730023: 3 3 6 ; 12
20140730024: 1 1 3 ; 5
20140730025: 1 2 6 ; 9
20140730026: 2 2 4 ; 8
20140730027: 2 5 6 ; 13
20140730028: 2 3 4 ; 9
20140730029: 3 5 5 ; 13
20140730030: 4 5 5 ; 14
20140730031: 2 4 4 ; 10
20140730032: 2 2 3 ; 7
20140730033: 1 2 6 ; 9
20140730034: 2 3 5 ; 10
20140730035: 3 3 4 ; 10
20140730036: 1 2 6 ; 9
20140730037: 1 2 3 ; 6
20140730038: 2 3 5 ; 10
20140730039: 3 4 6 ; 13
20140730040: 3 4 6 ; 13
20140730041: 3 5 6 ; 14
20140730042: 5 5 6 ; 16
20140730043: 1 4 5 ; 10
20140730044: 2 3 4 ; 9
20140730045: 3 3 4 ; 10
20140730046: 1 2 6 ; 9
20140730047: 3 4 5 ; 12
20140730048: 1 3 6 ; 10
20140730049: 1 3 3 ; 7
20140730050: 1 1 5 ; 7
20140730051: 2 5 6 ; 13
20140730052: 3 4 4 ; 11
20140730053: 2 3 5 ; 10
20140730054: 3 3 3 ; 9
20140730055: 2 5 6 ; 13
20140730056: 1 5 6 ; 12
20140730057: 2 3 4 ; 9
20140730058: 1 3 6 ; 10
20140730059: 1 3 6 ; 10
20140730060: 2 5 6 ; 13
20140730061: 1 3 4 ; 8
20140730062: 3 5 6 ; 14
20140730063: 1 4 5 ; 10
20140730064: 2 3 4 ; 9
20140730065: 2 3 5 ; 10
20140730066: 5 5 6 ; 16
20140730067: 3 3 4 ; 10
20140730068: 1 3 4 ; 8
20140730069: 3 4 5 ; 12
20140730070: 1 5 6 ; 12
20140730071: 4 5 6 ; 15
20140730072: 2 4 6 ; 12
20140730073: 1 1 6 ; 8
20140730074: 1 2 6 ; 9
20140730075: 3 4 5 ; 12
20140730076: 1 4 6 ; 11
20140730077: 1 3 5 ; 9
20140730078: 4 5 5 ; 14
