20140616001: 1 2 5 ; 8
20140616002: 1 2 4 ; 7
20140616003: 1 3 5 ; 9
20140616004: 2 4 4 ; 10
20140616005: 2 3 3 ; 8
20140616006: 2 5 5 ; 12
20140616007: 3 4 5 ; 12
20140616008: 4 4 6 ; 14
20140616009: 4 5 6 ; 15
20140616010: 1 3 4 ; 8
20140616011: 2 3 3 ; 8
20140616012: 2 2 3 ; 7
20140616013: 2 3 5 ; 10
20140616014: 3 3 6 ; 12
20140616015: 2 4 5 ; 11
20140616016: 2 2 5 ; 9
20140616017: 1 1 6 ; 8
20140616018: 1 1 3 ; 5
20140616019: 1 4 5 ; 10
20140616020: 3 4 5 ; 12
20140616021: 3 3 3 ; 9
20140616022: 2 2 5 ; 9
20140616023: 3 3 4 ; 10
20140616024: 1 4 5 ; 10
20140616025: 2 3 6 ; 11
20140616026: 1 4 6 ; 11
20140616027: 4 6 6 ; 16
20140616028: 2 2 5 ; 9
20140616029: 2 4 5 ; 11
20140616030: 3 5 5 ; 13
20140616031: 2 2 3 ; 7
20140616032: 4 4 5 ; 13
20140616033: 1 4 5 ; 10
20140616034: 2 4 4 ; 10
20140616035: 4 4 5 ; 13
20140616036: 1 2 5 ; 8
20140616037: 2 3 3 ; 8
20140616038: 1 2 5 ; 8
20140616039: 2 3 4 ; 9
20140616040: 3 4 5 ; 12
20140616041: 2 3 4 ; 9
20140616042: 1 2 3 ; 6
20140616043: 1 3 4 ; 8
20140616044: 3 6 6 ; 15
20140616045: 4 5 5 ; 14
20140616046: 1 2 5 ; 8
20140616047: 1 3 6 ; 10
20140616048: 1 3 4 ; 8
20140616049: 1 3 5 ; 9
20140616050: 4 5 6 ; 15
20140616051: 3 3 5 ; 11
20140616052: 2 3 6 ; 11
20140616053: 1 4 4 ; 9
20140616054: 3 3 4 ; 10
20140616055: 3 4 5 ; 12
20140616056: 2 2 6 ; 10
20140616057: 2 3 3 ; 8
20140616058: 1 2 6 ; 9
20140616059: 4 5 5 ; 14
20140616060: 4 5 6 ; 15
20140616061: 3 5 6 ; 14
20140616062: 3 3 3 ; 9
20140616063: 2 3 4 ; 9
20140616064: 1 3 4 ; 8
20140616065: 2 5 6 ; 13
20140616066: 1 1 3 ; 5
20140616067: 1 1 3 ; 5
20140616068: 1 1 4 ; 6
20140616069: 1 2 6 ; 9
20140616070: 2 2 5 ; 9
20140616071: 3 4 5 ; 12
20140616072: 1 2 6 ; 9
20140616073: 3 3 4 ; 10
20140616074: 2 3 4 ; 9
20140616075: 1 1 6 ; 8
20140616076: 2 3 4 ; 9
20140616077: 1 5 6 ; 12
20140616078: 1 5 6 ; 12
