20140602001: 1 4 6 ; 11
20140602002: 3 4 6 ; 13
20140602003: 1 3 4 ; 8
20140602004: 3 5 6 ; 14
20140602005: 1 2 3 ; 6
20140602006: 2 6 6 ; 14
20140602007: 3 4 4 ; 11
20140602008: 3 3 4 ; 10
20140602009: 2 4 6 ; 12
20140602010: 4 4 5 ; 13
20140602011: 3 5 6 ; 14
20140602012: 4 5 6 ; 15
20140602013: 4 5 6 ; 15
20140602014: 6 6 6 ; 18
20140602015: 2 2 6 ; 10
20140602016: 1 5 6 ; 12
20140602017: 2 5 6 ; 13
20140602018: 2 3 6 ; 11
20140602019: 2 6 6 ; 14
20140602020: 1 4 4 ; 9
20140602021: 1 4 4 ; 9
20140602022: 3 4 4 ; 11
20140602023: 1 2 4 ; 7
20140602024: 2 5 6 ; 13
20140602025: 2 3 4 ; 9
20140602026: 1 4 5 ; 10
20140602027: 1 4 5 ; 10
20140602028: 5 5 6 ; 16
20140602029: 1 4 6 ; 11
20140602030: 3 6 6 ; 15
20140602031: 2 3 6 ; 11
20140602032: 1 2 2 ; 5
20140602033: 1 2 2 ; 5
20140602034: 1 2 2 ; 5
20140602035: 2 4 6 ; 12
20140602036: 3 4 6 ; 13
20140602037: 1 3 5 ; 9
20140602038: 2 3 5 ; 10
20140602039: 4 5 6 ; 15
20140602040: 1 4 5 ; 10
20140602041: 3 4 4 ; 11
20140602042: 1 4 6 ; 11
20140602043: 3 6 6 ; 15
20140602044: 4 5 6 ; 15
20140602045: 1 2 5 ; 8
20140602046: 4 4 5 ; 13
20140602047: 3 4 5 ; 12
20140602048: 1 2 5 ; 8
20140602049: 1 3 4 ; 8
20140602050: 2 2 6 ; 10
20140602051: 1 4 6 ; 11
20140602052: 3 5 5 ; 13
20140602053: 1 2 6 ; 9
20140602054: 3 4 5 ; 12
20140602055: 4 5 5 ; 14
20140602056: 4 5 5 ; 14
20140602057: 1 4 5 ; 10
20140602058: 3 4 5 ; 12
20140602059: 2 4 5 ; 11
20140602060: 2 3 4 ; 9
20140602061: 2 3 4 ; 9
20140602062: 3 5 5 ; 13
20140602063: 3 3 6 ; 12
20140602064: 1 4 6 ; 11
20140602065: 1 3 6 ; 10
20140602066: 2 2 6 ; 10
20140602067: 1 3 5 ; 9
20140602068: 2 2 5 ; 9
20140602069: 3 4 6 ; 13
20140602070: 1 2 3 ; 6
20140602071: 2 3 4 ; 9
20140602072: 2 4 4 ; 10
20140602073: 1 1 4 ; 6
20140602074: 1 2 4 ; 7
20140602075: 1 2 3 ; 6
20140602076: 1 4 6 ; 11
20140602077: 5 5 6 ; 16
20140602078: 2 4 6 ; 12
