20140108001: 1 3 5 ; 9
20140108002: 4 5 6 ; 15
20140108003: 1 3 5 ; 9
20140108004: 1 6 6 ; 13
20140108005: 3 3 3 ; 9
20140108006: 1 1 5 ; 7
20140108007: 2 4 4 ; 10
20140108008: 1 1 4 ; 6
20140108009: 4 5 5 ; 14
20140108010: 2 6 6 ; 14
20140108011: 2 4 6 ; 12
20140108012: 1 5 5 ; 11
20140108013: 1 6 6 ; 13
20140108014: 4 4 6 ; 14
20140108015: 3 6 6 ; 15
20140108016: 1 1 3 ; 5
20140108017: 3 4 6 ; 13
20140108018: 3 4 5 ; 12
20140108019: 3 4 6 ; 13
20140108020: 2 4 4 ; 10
20140108021: 1 5 6 ; 12
20140108022: 1 2 5 ; 8
20140108023: 5 5 5 ; 15
20140108024: 4 4 6 ; 14
20140108025: 3 3 5 ; 11
20140108026: 1 3 3 ; 7
20140108027: 1 4 6 ; 11
20140108028: 2 2 4 ; 8
20140108029: 3 3 6 ; 12
20140108030: 2 4 6 ; 12
20140108031: 4 5 5 ; 14
20140108032: 4 4 5 ; 13
20140108033: 4 4 5 ; 13
20140108034: 1 2 3 ; 6
20140108035: 1 1 3 ; 5
20140108036: 2 2 4 ; 8
20140108037: 1 2 6 ; 9
20140108038: 1 4 5 ; 10
20140108039: 1 2 2 ; 5
20140108040: 3 3 6 ; 12
20140108041: 1 2 5 ; 8
20140108042: 5 5 5 ; 15
20140108043: 1 3 5 ; 9
20140108044: 1 2 3 ; 6
20140108045: 1 4 6 ; 11
20140108046: 1 2 2 ; 5
20140108047: 2 3 4 ; 9
20140108048: 2 3 6 ; 11
20140108049: 4 5 5 ; 14
20140108050: 1 4 6 ; 11
20140108051: 2 3 5 ; 10
20140108052: 4 6 6 ; 16
20140108053: 4 4 5 ; 13
20140108054: 1 3 5 ; 9
20140108055: 3 6 6 ; 15
20140108056: 2 3 4 ; 9
20140108057: 1 5 5 ; 11
20140108058: 4 6 6 ; 16
20140108059: 3 5 5 ; 13
20140108060: 5 6 6 ; 17
20140108061: 1 3 3 ; 7
20140108062: 1 4 4 ; 9
20140108063: 4 4 6 ; 14
20140108064: 1 3 6 ; 10
20140108065: 2 4 5 ; 11
20140108066: 4 5 6 ; 15
20140108067: 4 5 5 ; 14
20140108068: 4 4 6 ; 14
20140108069: 2 6 6 ; 14
20140108070: 2 4 5 ; 11
20140108071: 4 4 5 ; 13
20140108072: 1 3 6 ; 10
20140108073: 1 3 4 ; 8
20140108074: 5 5 5 ; 15
20140108075: 1 2 4 ; 7
20140108076: 1 1 1 ; 3
20140108077: 3 4 4 ; 11
20140108078: 1 1 3 ; 5
