20140520001: 1 3 6 ; 10
20140520002: 1 4 5 ; 10
20140520003: 1 4 6 ; 11
20140520004: 1 5 5 ; 11
20140520005: 4 4 5 ; 13
20140520006: 3 4 5 ; 12
20140520007: 1 1 6 ; 8
20140520008: 3 4 5 ; 12
20140520009: 3 4 5 ; 12
20140520010: 2 3 5 ; 10
20140520011: 1 2 4 ; 7
20140520012: 1 1 3 ; 5
20140520013: 2 3 4 ; 9
20140520014: 1 1 3 ; 5
20140520015: 2 3 5 ; 10
20140520016: 3 4 6 ; 13
20140520017: 1 5 6 ; 12
20140520018: 1 4 5 ; 10
20140520019: 1 1 5 ; 7
20140520020: 4 6 6 ; 16
20140520021: 2 3 4 ; 9
20140520022: 4 4 6 ; 14
20140520023: 3 4 6 ; 13
20140520024: 1 3 6 ; 10
20140520025: 4 4 6 ; 14
20140520026: 1 6 6 ; 13
20140520027: 1 3 5 ; 9
20140520028: 1 2 4 ; 7
20140520029: 2 3 6 ; 11
20140520030: 4 5 5 ; 14
20140520031: 1 1 4 ; 6
20140520032: 1 2 6 ; 9
20140520033: 3 5 5 ; 13
20140520034: 2 4 6 ; 12
20140520035: 3 4 5 ; 12
20140520036: 2 4 6 ; 12
20140520037: 3 5 6 ; 14
20140520038: 3 4 6 ; 13
20140520039: 4 4 5 ; 13
20140520040: 2 4 5 ; 11
20140520041: 3 3 6 ; 12
20140520042: 1 1 2 ; 4
20140520043: 3 6 6 ; 15
20140520044: 1 2 6 ; 9
20140520045: 1 2 4 ; 7
20140520046: 2 2 6 ; 10
20140520047: 2 3 4 ; 9
20140520048: 5 6 6 ; 17
20140520049: 2 3 6 ; 11
20140520050: 3 4 6 ; 13
20140520051: 2 4 5 ; 11
20140520052: 2 3 5 ; 10
20140520053: 1 4 5 ; 10
20140520054: 2 5 6 ; 13
20140520055: 2 4 4 ; 10
20140520056: 1 2 3 ; 6
20140520057: 6 6 6 ; 18
20140520058: 1 3 6 ; 10
20140520059: 3 4 4 ; 11
20140520060: 1 1 2 ; 4
20140520061: 1 1 2 ; 4
20140520062: 3 5 5 ; 13
20140520063: 1 3 5 ; 9
20140520064: 1 3 5 ; 9
20140520065: 1 3 5 ; 9
20140520066: 1 2 5 ; 8
20140520067: 1 2 6 ; 9
20140520068: 1 2 4 ; 7
20140520069: 2 2 6 ; 10
20140520070: 4 4 5 ; 13
20140520071: 1 4 6 ; 11
20140520072: 1 2 2 ; 5
20140520073: 1 3 4 ; 8
20140520074: 2 4 6 ; 12
20140520075: 3 3 3 ; 9
20140520076: 3 3 5 ; 11
20140520077: 5 5 5 ; 15
20140520078: 3 6 6 ; 15
