20140430001: 2 5 6 ; 13
20140430002: 1 4 4 ; 9
20140430003: 1 2 4 ; 7
20140430004: 2 2 5 ; 9
20140430005: 1 2 6 ; 9
20140430006: 2 3 6 ; 11
20140430007: 1 3 6 ; 10
20140430008: 1 5 6 ; 12
20140430009: 2 3 3 ; 8
20140430010: 1 4 5 ; 10
20140430011: 5 5 6 ; 16
20140430012: 2 3 5 ; 10
20140430013: 3 3 4 ; 10
20140430014: 2 3 6 ; 11
20140430015: 2 4 4 ; 10
20140430016: 1 4 4 ; 9
20140430017: 2 3 5 ; 10
20140430018: 1 4 5 ; 10
20140430019: 2 3 3 ; 8
20140430020: 1 2 5 ; 8
20140430021: 3 3 6 ; 12
20140430022: 2 3 4 ; 9
20140430023: 1 2 3 ; 6
20140430024: 1 3 5 ; 9
20140430025: 1 3 6 ; 10
20140430026: 1 1 4 ; 6
20140430027: 2 3 5 ; 10
20140430028: 3 4 5 ; 12
20140430029: 1 3 6 ; 10
20140430030: 2 3 4 ; 9
20140430031: 4 5 5 ; 14
20140430032: 2 3 4 ; 9
20140430033: 2 4 5 ; 11
20140430034: 1 5 6 ; 12
20140430035: 1 6 6 ; 13
20140430036: 1 2 3 ; 6
20140430037: 2 5 5 ; 12
20140430038: 1 2 6 ; 9
20140430039: 1 4 6 ; 11
20140430040: 1 2 6 ; 9
20140430041: 2 4 6 ; 12
20140430042: 2 3 4 ; 9
20140430043: 3 5 6 ; 14
20140430044: 2 2 6 ; 10
20140430045: 1 3 6 ; 10
20140430046: 2 2 3 ; 7
20140430047: 4 4 5 ; 13
20140430048: 2 3 5 ; 10
20140430049: 1 1 3 ; 5
20140430050: 2 5 6 ; 13
20140430051: 4 5 5 ; 14
20140430052: 2 4 6 ; 12
20140430053: 1 2 5 ; 8
20140430054: 2 3 5 ; 10
20140430055: 3 3 5 ; 11
20140430056: 5 6 6 ; 17
20140430057: 1 5 6 ; 12
20140430058: 3 3 5 ; 11
20140430059: 1 3 6 ; 10
20140430060: 2 3 4 ; 9
20140430061: 4 6 6 ; 16
20140430062: 1 6 6 ; 13
20140430063: 2 4 5 ; 11
20140430064: 5 5 5 ; 15
20140430065: 1 4 5 ; 10
20140430066: 1 5 5 ; 11
20140430067: 3 5 5 ; 13
20140430068: 3 5 6 ; 14
20140430069: 1 3 4 ; 8
20140430070: 4 4 5 ; 13
20140430071: 1 4 6 ; 11
20140430072: 1 2 4 ; 7
20140430073: 3 5 6 ; 14
20140430074: 1 3 5 ; 9
20140430075: 3 3 4 ; 10
20140430076: 3 5 5 ; 13
20140430077: 2 4 5 ; 11
20140430078: 2 3 5 ; 10
