20140517001: 3 5 6 ; 14
20140517002: 2 2 6 ; 10
20140517003: 2 6 6 ; 14
20140517004: 1 2 4 ; 7
20140517005: 2 4 6 ; 12
20140517006: 2 3 4 ; 9
20140517007: 1 1 5 ; 7
20140517008: 2 2 3 ; 7
20140517009: 2 3 4 ; 9
20140517010: 1 1 2 ; 4
20140517011: 3 5 6 ; 14
20140517012: 1 1 5 ; 7
20140517013: 2 4 5 ; 11
20140517014: 2 4 5 ; 11
20140517015: 2 4 5 ; 11
20140517016: 2 2 4 ; 8
20140517017: 2 4 4 ; 10
20140517018: 1 2 6 ; 9
20140517019: 2 3 3 ; 8
20140517020: 2 2 6 ; 10
20140517021: 2 5 6 ; 13
20140517022: 2 3 5 ; 10
20140517023: 1 4 5 ; 10
20140517024: 2 5 6 ; 13
20140517025: 1 1 6 ; 8
20140517026: 5 6 6 ; 17
20140517027: 2 3 5 ; 10
20140517028: 1 3 5 ; 9
20140517029: 2 3 6 ; 11
20140517030: 1 4 5 ; 10
20140517031: 2 2 5 ; 9
20140517032: 4 4 5 ; 13
20140517033: 1 2 6 ; 9
20140517034: 4 4 5 ; 13
20140517035: 1 5 5 ; 11
20140517036: 1 2 2 ; 5
20140517037: 3 3 4 ; 10
20140517038: 3 5 6 ; 14
20140517039: 1 3 5 ; 9
20140517040: 1 3 4 ; 8
20140517041: 4 5 5 ; 14
20140517042: 2 3 6 ; 11
20140517043: 3 3 6 ; 12
20140517044: 2 4 6 ; 12
20140517045: 5 5 6 ; 16
20140517046: 3 5 6 ; 14
20140517047: 1 2 4 ; 7
20140517048: 3 5 6 ; 14
20140517049: 2 3 5 ; 10
20140517050: 3 4 5 ; 12
20140517051: 3 3 5 ; 11
20140517052: 1 3 5 ; 9
20140517053: 3 3 6 ; 12
20140517054: 4 6 6 ; 16
20140517055: 1 2 3 ; 6
20140517056: 2 3 3 ; 8
20140517057: 5 5 6 ; 16
20140517058: 4 4 6 ; 14
20140517059: 2 3 6 ; 11
20140517060: 4 4 5 ; 13
20140517061: 4 5 6 ; 15
20140517062: 3 4 5 ; 12
20140517063: 1 2 4 ; 7
20140517064: 3 5 6 ; 14
20140517065: 4 6 6 ; 16
20140517066: 3 4 6 ; 13
20140517067: 3 4 5 ; 12
20140517068: 2 4 6 ; 12
20140517069: 1 5 6 ; 12
20140517070: 3 5 6 ; 14
20140517071: 4 6 6 ; 16
20140517072: 2 3 6 ; 11
20140517073: 1 4 5 ; 10
20140517074: 3 5 6 ; 14
20140517075: 1 2 5 ; 8
20140517076: 1 1 4 ; 6
20140517077: 2 4 4 ; 10
20140517078: 3 4 6 ; 13
