20140211001: 2 5 6 ; 13
20140211002: 2 2 3 ; 7
20140211003: 1 3 5 ; 9
20140211004: 1 1 5 ; 7
20140211005: 1 3 5 ; 9
20140211006: 2 4 6 ; 12
20140211007: 1 3 6 ; 10
20140211008: 3 5 6 ; 14
20140211009: 1 3 4 ; 8
20140211010: 5 5 6 ; 16
20140211011: 1 4 6 ; 11
20140211012: 2 3 4 ; 9
20140211013: 2 3 6 ; 11
20140211014: 1 4 5 ; 10
20140211015: 1 1 5 ; 7
20140211016: 2 6 6 ; 14
20140211017: 2 3 5 ; 10
20140211018: 4 5 6 ; 15
20140211019: 3 3 5 ; 11
20140211020: 1 5 6 ; 12
20140211021: 2 3 6 ; 11
20140211022: 1 4 6 ; 11
20140211023: 5 5 6 ; 16
20140211024: 1 2 5 ; 8
20140211025: 1 1 3 ; 5
20140211026: 1 1 5 ; 7
20140211027: 1 2 6 ; 9
20140211028: 4 5 6 ; 15
20140211029: 4 5 5 ; 14
20140211030: 1 2 5 ; 8
20140211031: 2 3 4 ; 9
20140211032: 2 4 5 ; 11
20140211033: 4 6 6 ; 16
20140211034: 2 2 5 ; 9
20140211035: 1 1 5 ; 7
20140211036: 1 3 4 ; 8
20140211037: 4 5 6 ; 15
20140211038: 1 1 1 ; 3
20140211039: 1 6 6 ; 13
20140211040: 3 3 6 ; 12
20140211041: 2 3 5 ; 10
20140211042: 1 4 6 ; 11
20140211043: 3 4 6 ; 13
20140211044: 3 4 6 ; 13
20140211045: 1 6 6 ; 13
20140211046: 1 6 6 ; 13
20140211047: 1 2 6 ; 9
20140211048: 2 3 4 ; 9
20140211049: 2 3 6 ; 11
20140211050: 2 2 4 ; 8
20140211051: 3 3 4 ; 10
20140211052: 2 4 4 ; 10
20140211053: 2 4 6 ; 12
20140211054: 2 4 6 ; 12
20140211055: 2 3 4 ; 9
20140211056: 3 4 4 ; 11
20140211057: 2 4 5 ; 11
20140211058: 3 4 5 ; 12
20140211059: 1 2 6 ; 9
20140211060: 2 4 6 ; 12
20140211061: 1 3 6 ; 10
20140211062: 1 1 6 ; 8
20140211063: 2 4 6 ; 12
20140211064: 2 6 6 ; 14
20140211065: 1 2 5 ; 8
20140211066: 1 2 5 ; 8
20140211067: 3 4 5 ; 12
20140211068: 1 3 5 ; 9
20140211069: 2 4 6 ; 12
20140211070: 1 2 3 ; 6
20140211071: 2 3 3 ; 8
20140211072: 1 3 3 ; 7
20140211073: 1 1 3 ; 5
20140211074: 1 2 5 ; 8
20140211075: 4 6 6 ; 16
20140211076: 3 4 6 ; 13
20140211077: 1 1 2 ; 4
20140211078: 3 5 6 ; 14
