20140421001: 3 3 6 ; 12
20140421002: 3 5 6 ; 14
20140421003: 3 4 6 ; 13
20140421004: 2 4 4 ; 10
20140421005: 1 4 5 ; 10
20140421006: 2 4 4 ; 10
20140421007: 1 2 4 ; 7
20140421008: 1 5 5 ; 11
20140421009: 2 3 6 ; 11
20140421010: 2 3 3 ; 8
20140421011: 4 5 5 ; 14
20140421012: 2 4 6 ; 12
20140421013: 1 2 4 ; 7
20140421014: 1 4 4 ; 9
20140421015: 1 1 4 ; 6
20140421016: 1 3 4 ; 8
20140421017: 2 4 6 ; 12
20140421018: 2 3 6 ; 11
20140421019: 2 3 3 ; 8
20140421020: 3 4 5 ; 12
20140421021: 4 4 4 ; 12
20140421022: 3 4 5 ; 12
20140421023: 2 3 6 ; 11
20140421024: 4 5 6 ; 15
20140421025: 2 5 6 ; 13
20140421026: 2 2 5 ; 9
20140421027: 3 4 6 ; 13
20140421028: 1 3 6 ; 10
20140421029: 1 4 5 ; 10
20140421030: 4 4 6 ; 14
20140421031: 1 1 3 ; 5
20140421032: 3 3 5 ; 11
20140421033: 3 4 5 ; 12
20140421034: 3 4 6 ; 13
20140421035: 2 6 6 ; 14
20140421036: 4 4 6 ; 14
20140421037: 1 5 5 ; 11
20140421038: 3 5 6 ; 14
20140421039: 1 1 3 ; 5
20140421040: 4 4 6 ; 14
20140421041: 1 2 4 ; 7
20140421042: 5 5 6 ; 16
20140421043: 1 1 6 ; 8
20140421044: 2 4 6 ; 12
20140421045: 4 5 6 ; 15
20140421046: 3 4 4 ; 11
20140421047: 2 4 6 ; 12
20140421048: 1 4 4 ; 9
20140421049: 2 4 4 ; 10
20140421050: 2 3 6 ; 11
20140421051: 1 2 2 ; 5
20140421052: 3 6 6 ; 15
20140421053: 3 4 6 ; 13
20140421054: 1 1 4 ; 6
20140421055: 1 3 4 ; 8
20140421056: 1 2 6 ; 9
20140421057: 1 1 3 ; 5
20140421058: 5 5 6 ; 16
20140421059: 3 3 4 ; 10
20140421060: 1 3 4 ; 8
20140421061: 2 3 4 ; 9
20140421062: 2 3 5 ; 10
20140421063: 2 2 6 ; 10
20140421064: 1 4 6 ; 11
20140421065: 1 6 6 ; 13
20140421066: 4 4 5 ; 13
20140421067: 2 3 6 ; 11
20140421068: 3 6 6 ; 15
20140421069: 1 2 3 ; 6
20140421070: 1 3 6 ; 10
20140421071: 4 4 4 ; 12
20140421072: 2 3 4 ; 9
20140421073: 2 5 5 ; 12
20140421074: 2 2 2 ; 6
20140421075: 1 4 4 ; 9
20140421076: 2 4 5 ; 11
20140421077: 1 4 4 ; 9
20140421078: 3 3 6 ; 12
