20140313001: 3 5 6 ; 14
20140313002: 3 3 6 ; 12
20140313003: 5 5 6 ; 16
20140313004: 2 4 5 ; 11
20140313005: 2 3 4 ; 9
20140313006: 2 2 6 ; 10
20140313007: 3 3 4 ; 10
20140313008: 2 5 5 ; 12
20140313009: 2 2 6 ; 10
20140313010: 1 3 5 ; 9
20140313011: 4 5 6 ; 15
20140313012: 1 1 4 ; 6
20140313013: 1 2 4 ; 7
20140313014: 1 3 6 ; 10
20140313015: 1 2 5 ; 8
20140313016: 1 4 6 ; 11
20140313017: 1 3 3 ; 7
20140313018: 1 4 5 ; 10
20140313019: 1 5 6 ; 12
20140313020: 3 4 6 ; 13
20140313021: 1 1 2 ; 4
20140313022: 4 5 5 ; 14
20140313023: 1 3 6 ; 10
20140313024: 1 3 5 ; 9
20140313025: 3 3 4 ; 10
20140313026: 1 2 4 ; 7
20140313027: 2 4 4 ; 10
20140313028: 1 3 5 ; 9
20140313029: 5 5 6 ; 16
20140313030: 2 3 4 ; 9
20140313031: 3 4 5 ; 12
20140313032: 2 3 6 ; 11
20140313033: 2 3 6 ; 11
20140313034: 1 4 4 ; 9
20140313035: 3 4 4 ; 11
20140313036: 4 4 6 ; 14
20140313037: 2 2 6 ; 10
20140313038: 3 4 6 ; 13
20140313039: 2 5 5 ; 12
20140313040: 2 3 4 ; 9
20140313041: 1 5 5 ; 11
20140313042: 2 2 5 ; 9
20140313043: 2 5 6 ; 13
20140313044: 1 4 4 ; 9
20140313045: 1 2 3 ; 6
20140313046: 1 1 4 ; 6
20140313047: 1 3 5 ; 9
20140313048: 1 6 6 ; 13
20140313049: 1 3 4 ; 8
20140313050: 1 5 6 ; 12
20140313051: 5 5 5 ; 15
20140313052: 3 3 5 ; 11
20140313053: 3 3 5 ; 11
20140313054: 2 4 5 ; 11
20140313055: 4 5 5 ; 14
20140313056: 2 3 3 ; 8
20140313057: 2 3 3 ; 8
20140313058: 2 4 6 ; 12
20140313059: 2 2 6 ; 10
20140313060: 5 6 6 ; 17
20140313061: 1 1 6 ; 8
20140313062: 3 4 4 ; 11
20140313063: 3 3 5 ; 11
20140313064: 1 2 5 ; 8
20140313065: 1 4 6 ; 11
20140313066: 2 3 5 ; 10
20140313067: 2 2 3 ; 7
20140313068: 1 2 4 ; 7
20140313069: 1 3 3 ; 7
20140313070: 3 6 6 ; 15
20140313071: 1 1 3 ; 5
20140313072: 2 5 5 ; 12
20140313073: 1 4 6 ; 11
20140313074: 3 4 6 ; 13
20140313075: 1 5 6 ; 12
20140313076: 3 4 6 ; 13
20140313077: 1 2 2 ; 5
20140313078: 5 6 6 ; 17
