20140526001: 1 3 4 ; 8
20140526002: 4 5 6 ; 15
20140526003: 1 3 4 ; 8
20140526004: 3 5 6 ; 14
20140526005: 5 5 6 ; 16
20140526006: 2 5 5 ; 12
20140526007: 1 4 4 ; 9
20140526008: 1 4 5 ; 10
20140526009: 1 2 6 ; 9
20140526010: 2 3 6 ; 11
20140526011: 1 4 4 ; 9
20140526012: 1 2 3 ; 6
20140526013: 3 5 6 ; 14
20140526014: 1 2 4 ; 7
20140526015: 3 3 6 ; 12
20140526016: 1 1 4 ; 6
20140526017: 1 5 6 ; 12
20140526018: 2 4 4 ; 10
20140526019: 3 4 6 ; 13
20140526020: 4 4 4 ; 12
20140526021: 4 5 5 ; 14
20140526022: 3 3 5 ; 11
20140526023: 1 2 4 ; 7
20140526024: 1 4 6 ; 11
20140526025: 2 3 6 ; 11
20140526026: 2 6 6 ; 14
20140526027: 2 2 3 ; 7
20140526028: 1 2 5 ; 8
20140526029: 3 4 6 ; 13
20140526030: 1 6 6 ; 13
20140526031: 4 4 6 ; 14
20140526032: 3 4 4 ; 11
20140526033: 3 5 6 ; 14
20140526034: 1 2 2 ; 5
20140526035: 1 2 3 ; 6
20140526036: 3 4 5 ; 12
20140526037: 2 3 6 ; 11
20140526038: 1 1 6 ; 8
20140526039: 2 5 5 ; 12
20140526040: 5 6 6 ; 17
20140526041: 2 3 3 ; 8
20140526042: 1 4 5 ; 10
20140526043: 2 2 6 ; 10
20140526044: 2 4 4 ; 10
20140526045: 2 2 5 ; 9
20140526046: 1 1 5 ; 7
20140526047: 3 4 6 ; 13
20140526048: 1 4 6 ; 11
20140526049: 1 2 5 ; 8
20140526050: 1 3 6 ; 10
20140526051: 4 5 5 ; 14
20140526052: 1 3 6 ; 10
20140526053: 4 5 5 ; 14
20140526054: 5 6 6 ; 17
20140526055: 2 5 6 ; 13
20140526056: 1 5 6 ; 12
20140526057: 4 6 6 ; 16
20140526058: 2 2 6 ; 10
20140526059: 3 3 6 ; 12
20140526060: 2 5 6 ; 13
20140526061: 2 2 6 ; 10
20140526062: 2 4 6 ; 12
20140526063: 1 2 4 ; 7
20140526064: 3 6 6 ; 15
20140526065: 2 4 5 ; 11
20140526066: 1 1 5 ; 7
20140526067: 3 4 5 ; 12
20140526068: 1 1 4 ; 6
20140526069: 2 3 6 ; 11
20140526070: 1 2 4 ; 7
20140526071: 2 2 6 ; 10
20140526072: 1 1 3 ; 5
20140526073: 2 4 6 ; 12
20140526074: 3 5 6 ; 14
20140526075: 3 3 5 ; 11
20140526076: 1 2 5 ; 8
20140526077: 2 3 6 ; 11
20140526078: 2 4 6 ; 12
