20140826001: 2 3 4 ; 9
20140826002: 1 1 5 ; 7
20140826003: 1 3 6 ; 10
20140826004: 1 2 5 ; 8
20140826005: 2 3 5 ; 10
20140826006: 2 4 6 ; 12
20140826007: 3 3 4 ; 10
20140826008: 2 4 6 ; 12
20140826009: 1 2 3 ; 6
20140826010: 1 2 5 ; 8
20140826011: 2 4 6 ; 12
20140826012: 2 2 6 ; 10
20140826013: 1 2 6 ; 9
20140826014: 3 6 6 ; 15
20140826015: 1 1 4 ; 6
20140826016: 1 1 5 ; 7
20140826017: 2 3 4 ; 9
20140826018: 1 4 5 ; 10
20140826019: 2 2 5 ; 9
20140826020: 1 2 5 ; 8
20140826021: 2 6 6 ; 14
20140826022: 2 2 6 ; 10
20140826023: 1 4 6 ; 11
20140826024: 1 2 3 ; 6
20140826025: 4 4 5 ; 13
20140826026: 2 3 4 ; 9
20140826027: 1 1 1 ; 3
20140826028: 1 3 4 ; 8
20140826029: 1 1 6 ; 8
20140826030: 1 5 6 ; 12
20140826031: 2 3 6 ; 11
20140826032: 3 4 5 ; 12
20140826033: 1 4 5 ; 10
20140826034: 1 2 5 ; 8
20140826035: 1 2 5 ; 8
20140826036: 1 4 5 ; 10
20140826037: 1 1 5 ; 7
20140826038: 2 2 3 ; 7
20140826039: 5 5 6 ; 16
20140826040: 2 5 5 ; 12
20140826041: 5 5 6 ; 16
20140826042: 3 4 4 ; 11
20140826043: 1 4 5 ; 10
20140826044: 1 4 4 ; 9
20140826045: 1 2 3 ; 6
20140826046: 3 4 5 ; 12
20140826047: 1 4 5 ; 10
20140826048: 2 5 6 ; 13
20140826049: 3 3 6 ; 12
20140826050: 3 3 5 ; 11
20140826051: 2 2 6 ; 10
20140826052: 1 3 6 ; 10
20140826053: 2 4 6 ; 12
20140826054: 1 1 6 ; 8
20140826055: 2 3 5 ; 10
20140826056: 2 2 6 ; 10
20140826057: 2 5 5 ; 12
20140826058: 2 3 4 ; 9
20140826059: 2 2 5 ; 9
20140826060: 1 4 4 ; 9
20140826061: 4 5 6 ; 15
20140826062: 3 4 5 ; 12
20140826063: 4 5 5 ; 14
20140826064: 1 2 5 ; 8
20140826065: 3 5 6 ; 14
20140826066: 3 3 5 ; 11
20140826067: 3 3 5 ; 11
20140826068: 3 5 6 ; 14
20140826069: 1 1 6 ; 8
20140826070: 3 3 3 ; 9
20140826071: 3 6 6 ; 15
20140826072: 1 2 3 ; 6
20140826073: 2 3 4 ; 9
20140826074: 3 4 5 ; 12
20140826075: 3 5 6 ; 14
20140826076: 1 3 6 ; 10
20140826077: 3 4 5 ; 12
20140826078: 1 3 6 ; 10
