20140327001: 1 6 6 ; 13
20140327002: 2 6 6 ; 14
20140327003: 1 3 5 ; 9
20140327004: 1 3 4 ; 8
20140327005: 4 5 6 ; 15
20140327006: 2 3 5 ; 10
20140327007: 2 5 6 ; 13
20140327008: 3 4 5 ; 12
20140327009: 3 4 6 ; 13
20140327010: 2 2 2 ; 6
20140327011: 3 3 5 ; 11
20140327012: 4 4 6 ; 14
20140327013: 2 2 3 ; 7
20140327014: 1 4 6 ; 11
20140327015: 2 2 5 ; 9
20140327016: 4 4 6 ; 14
20140327017: 1 4 5 ; 10
20140327018: 1 4 6 ; 11
20140327019: 1 1 3 ; 5
20140327020: 2 3 6 ; 11
20140327021: 2 5 6 ; 13
20140327022: 1 4 4 ; 9
20140327023: 2 4 5 ; 11
20140327024: 1 4 4 ; 9
20140327025: 2 3 6 ; 11
20140327026: 2 3 6 ; 11
20140327027: 2 4 6 ; 12
20140327028: 1 2 4 ; 7
20140327029: 2 6 6 ; 14
20140327030: 1 5 5 ; 11
20140327031: 2 5 6 ; 13
20140327032: 2 3 3 ; 8
20140327033: 1 2 3 ; 6
20140327034: 1 5 6 ; 12
20140327035: 1 1 6 ; 8
20140327036: 3 4 4 ; 11
20140327037: 4 6 6 ; 16
20140327038: 2 3 5 ; 10
20140327039: 1 2 6 ; 9
20140327040: 3 5 6 ; 14
20140327041: 1 1 5 ; 7
20140327042: 3 4 4 ; 11
20140327043: 4 5 6 ; 15
20140327044: 2 5 6 ; 13
20140327045: 2 2 6 ; 10
20140327046: 1 3 5 ; 9
20140327047: 6 6 6 ; 18
20140327048: 3 6 6 ; 15
20140327049: 4 5 6 ; 15
20140327050: 1 1 4 ; 6
20140327051: 1 2 3 ; 6
20140327052: 3 4 6 ; 13
20140327053: 3 4 6 ; 13
20140327054: 1 2 5 ; 8
20140327055: 3 3 6 ; 12
20140327056: 2 3 5 ; 10
20140327057: 1 4 6 ; 11
20140327058: 1 1 1 ; 3
20140327059: 1 4 4 ; 9
20140327060: 1 2 3 ; 6
20140327061: 1 2 6 ; 9
20140327062: 1 1 3 ; 5
20140327063: 1 2 2 ; 5
20140327064: 3 4 5 ; 12
20140327065: 1 2 5 ; 8
20140327066: 1 6 6 ; 13
20140327067: 4 4 6 ; 14
20140327068: 1 2 6 ; 9
20140327069: 1 4 4 ; 9
20140327070: 1 4 6 ; 11
20140327071: 1 2 3 ; 6
20140327072: 1 2 5 ; 8
20140327073: 1 3 4 ; 8
20140327074: 1 2 4 ; 7
20140327075: 1 1 1 ; 3
20140327076: 1 1 6 ; 8
20140327077: 2 5 6 ; 13
20140327078: 1 4 4 ; 9
