20140605001: 1 3 5 ; 9
20140605002: 1 1 3 ; 5
20140605003: 1 1 6 ; 8
20140605004: 4 6 6 ; 16
20140605005: 4 5 6 ; 15
20140605006: 1 3 6 ; 10
20140605007: 4 6 6 ; 16
20140605008: 1 3 5 ; 9
20140605009: 2 5 5 ; 12
20140605010: 4 5 6 ; 15
20140605011: 3 5 6 ; 14
20140605012: 1 4 5 ; 10
20140605013: 4 5 6 ; 15
20140605014: 1 2 5 ; 8
20140605015: 1 3 6 ; 10
20140605016: 2 4 6 ; 12
20140605017: 1 1 5 ; 7
20140605018: 2 4 5 ; 11
20140605019: 1 5 6 ; 12
20140605020: 3 5 6 ; 14
20140605021: 1 2 6 ; 9
20140605022: 2 4 5 ; 11
20140605023: 1 2 6 ; 9
20140605024: 1 2 4 ; 7
20140605025: 2 4 4 ; 10
20140605026: 4 6 6 ; 16
20140605027: 2 6 6 ; 14
20140605028: 3 4 6 ; 13
20140605029: 1 2 4 ; 7
20140605030: 2 4 6 ; 12
20140605031: 2 4 6 ; 12
20140605032: 2 4 6 ; 12
20140605033: 1 2 3 ; 6
20140605034: 1 3 6 ; 10
20140605035: 1 1 2 ; 4
20140605036: 2 3 5 ; 10
20140605037: 2 2 6 ; 10
20140605038: 1 5 5 ; 11
20140605039: 3 4 6 ; 13
20140605040: 1 4 6 ; 11
20140605041: 3 4 6 ; 13
20140605042: 3 5 6 ; 14
20140605043: 2 3 6 ; 11
20140605044: 2 3 4 ; 9
20140605045: 4 5 6 ; 15
20140605046: 1 2 4 ; 7
20140605047: 3 5 6 ; 14
20140605048: 2 3 6 ; 11
20140605049: 1 3 5 ; 9
20140605050: 2 4 6 ; 12
20140605051: 3 5 6 ; 14
20140605052: 4 5 6 ; 15
20140605053: 4 6 6 ; 16
20140605054: 6 6 6 ; 18
20140605055: 1 4 4 ; 9
20140605056: 1 2 4 ; 7
20140605057: 1 2 6 ; 9
20140605058: 1 1 3 ; 5
20140605059: 4 4 5 ; 13
20140605060: 3 3 6 ; 12
20140605061: 1 6 6 ; 13
20140605062: 3 5 6 ; 14
20140605063: 2 2 6 ; 10
20140605064: 1 3 5 ; 9
20140605065: 1 2 3 ; 6
20140605066: 1 1 6 ; 8
20140605067: 1 4 6 ; 11
20140605068: 1 1 1 ; 3
20140605069: 1 1 4 ; 6
20140605070: 1 1 4 ; 6
20140605071: 1 5 6 ; 12
20140605072: 1 4 5 ; 10
20140605073: 1 4 5 ; 10
20140605074: 1 5 5 ; 11
20140605075: 1 3 5 ; 9
20140605076: 2 2 3 ; 7
20140605077: 2 6 6 ; 14
20140605078: 2 4 5 ; 11
