20140213001: 2 4 5 ; 11
20140213002: 1 3 3 ; 7
20140213003: 1 1 5 ; 7
20140213004: 2 4 5 ; 11
20140213005: 3 4 6 ; 13
20140213006: 1 2 6 ; 9
20140213007: 5 6 6 ; 17
20140213008: 4 4 6 ; 14
20140213009: 2 4 6 ; 12
20140213010: 2 3 6 ; 11
20140213011: 2 4 4 ; 10
20140213012: 5 5 6 ; 16
20140213013: 1 3 6 ; 10
20140213014: 4 5 6 ; 15
20140213015: 1 2 4 ; 7
20140213016: 3 3 6 ; 12
20140213017: 1 1 6 ; 8
20140213018: 1 3 4 ; 8
20140213019: 3 6 6 ; 15
20140213020: 3 4 6 ; 13
20140213021: 1 1 2 ; 4
20140213022: 2 4 6 ; 12
20140213023: 1 5 6 ; 12
20140213024: 1 4 4 ; 9
20140213025: 2 4 5 ; 11
20140213026: 4 5 5 ; 14
20140213027: 1 1 2 ; 4
20140213028: 2 5 6 ; 13
20140213029: 3 3 5 ; 11
20140213030: 3 4 6 ; 13
20140213031: 4 5 6 ; 15
20140213032: 4 6 6 ; 16
20140213033: 3 4 5 ; 12
20140213034: 2 5 6 ; 13
20140213035: 4 4 6 ; 14
20140213036: 2 2 5 ; 9
20140213037: 1 3 4 ; 8
20140213038: 1 2 6 ; 9
20140213039: 3 6 6 ; 15
20140213040: 2 3 6 ; 11
20140213041: 1 3 4 ; 8
20140213042: 2 5 6 ; 13
20140213043: 3 4 4 ; 11
20140213044: 2 3 6 ; 11
20140213045: 2 6 6 ; 14
20140213046: 1 2 4 ; 7
20140213047: 3 4 4 ; 11
20140213048: 4 4 6 ; 14
20140213049: 1 1 3 ; 5
20140213050: 3 3 4 ; 10
20140213051: 2 2 4 ; 8
20140213052: 2 2 6 ; 10
20140213053: 3 4 5 ; 12
20140213054: 2 5 5 ; 12
20140213055: 4 5 6 ; 15
20140213056: 4 5 5 ; 14
20140213057: 2 4 5 ; 11
20140213058: 4 6 6 ; 16
20140213059: 2 3 6 ; 11
20140213060: 4 5 6 ; 15
20140213061: 3 4 6 ; 13
20140213062: 2 3 4 ; 9
20140213063: 1 2 4 ; 7
20140213064: 1 5 6 ; 12
20140213065: 1 6 6 ; 13
20140213066: 5 5 6 ; 16
20140213067: 5 5 6 ; 16
20140213068: 3 4 5 ; 12
20140213069: 2 3 6 ; 11
20140213070: 1 2 5 ; 8
20140213071: 1 3 4 ; 8
20140213072: 3 3 3 ; 9
20140213073: 2 3 3 ; 8
20140213074: 1 3 3 ; 7
20140213075: 2 2 3 ; 7
20140213076: 3 3 4 ; 10
20140213077: 1 2 6 ; 9
20140213078: 3 4 6 ; 13
