20140524001: 2 2 6 ; 10
20140524002: 2 5 6 ; 13
20140524003: 2 3 6 ; 11
20140524004: 2 4 6 ; 12
20140524005: 2 5 6 ; 13
20140524006: 2 5 6 ; 13
20140524007: 2 4 5 ; 11
20140524008: 2 3 3 ; 8
20140524009: 2 5 6 ; 13
20140524010: 2 4 6 ; 12
20140524011: 2 3 6 ; 11
20140524012: 1 5 6 ; 12
20140524013: 3 4 4 ; 11
20140524014: 3 6 6 ; 15
20140524015: 1 1 6 ; 8
20140524016: 2 3 4 ; 9
20140524017: 5 5 5 ; 15
20140524018: 1 4 5 ; 10
20140524019: 1 3 3 ; 7
20140524020: 2 3 6 ; 11
20140524021: 2 4 6 ; 12
20140524022: 2 5 5 ; 12
20140524023: 1 4 6 ; 11
20140524024: 1 4 5 ; 10
20140524025: 1 1 3 ; 5
20140524026: 1 5 6 ; 12
20140524027: 1 3 5 ; 9
20140524028: 2 4 6 ; 12
20140524029: 1 5 6 ; 12
20140524030: 2 3 6 ; 11
20140524031: 1 4 6 ; 11
20140524032: 1 2 2 ; 5
20140524033: 3 4 5 ; 12
20140524034: 3 3 5 ; 11
20140524035: 2 2 6 ; 10
20140524036: 2 6 6 ; 14
20140524037: 1 1 6 ; 8
20140524038: 3 3 5 ; 11
20140524039: 3 4 4 ; 11
20140524040: 1 2 5 ; 8
20140524041: 1 4 6 ; 11
20140524042: 2 5 5 ; 12
20140524043: 3 6 6 ; 15
20140524044: 3 3 6 ; 12
20140524045: 3 5 6 ; 14
20140524046: 1 3 3 ; 7
20140524047: 1 3 6 ; 10
20140524048: 3 5 6 ; 14
20140524049: 1 5 6 ; 12
20140524050: 4 5 5 ; 14
20140524051: 3 3 6 ; 12
20140524052: 1 1 6 ; 8
20140524053: 5 6 6 ; 17
20140524054: 3 3 3 ; 9
20140524055: 1 3 5 ; 9
20140524056: 3 6 6 ; 15
20140524057: 3 4 6 ; 13
20140524058: 3 3 4 ; 10
20140524059: 1 3 3 ; 7
20140524060: 2 5 6 ; 13
20140524061: 1 5 6 ; 12
20140524062: 2 2 5 ; 9
20140524063: 2 4 5 ; 11
20140524064: 2 2 3 ; 7
20140524065: 1 3 3 ; 7
20140524066: 2 3 6 ; 11
20140524067: 3 3 5 ; 11
20140524068: 2 3 3 ; 8
20140524069: 4 5 6 ; 15
20140524070: 1 1 6 ; 8
20140524071: 1 1 3 ; 5
20140524072: 3 4 6 ; 13
20140524073: 3 5 5 ; 13
20140524074: 2 5 5 ; 12
20140524075: 2 3 5 ; 10
20140524076: 2 3 6 ; 11
20140524077: 4 5 5 ; 14
20140524078: 1 6 6 ; 13
