20140412001: 1 4 4 ; 9
20140412002: 1 2 4 ; 7
20140412003: 1 3 3 ; 7
20140412004: 1 2 5 ; 8
20140412005: 1 2 6 ; 9
20140412006: 2 4 6 ; 12
20140412007: 1 1 4 ; 6
20140412008: 4 4 5 ; 13
20140412009: 3 4 5 ; 12
20140412010: 1 2 4 ; 7
20140412011: 2 4 5 ; 11
20140412012: 1 5 5 ; 11
20140412013: 3 4 5 ; 12
20140412014: 1 3 3 ; 7
20140412015: 3 3 5 ; 11
20140412016: 3 4 6 ; 13
20140412017: 1 3 6 ; 10
20140412018: 3 3 5 ; 11
20140412019: 1 5 6 ; 12
20140412020: 1 3 6 ; 10
20140412021: 2 3 6 ; 11
20140412022: 2 2 5 ; 9
20140412023: 4 5 6 ; 15
20140412024: 4 5 5 ; 14
20140412025: 2 4 4 ; 10
20140412026: 4 5 6 ; 15
20140412027: 1 1 5 ; 7
20140412028: 1 3 6 ; 10
20140412029: 5 5 6 ; 16
20140412030: 2 6 6 ; 14
20140412031: 1 3 5 ; 9
20140412032: 5 5 5 ; 15
20140412033: 2 4 4 ; 10
20140412034: 5 6 6 ; 17
20140412035: 1 1 3 ; 5
20140412036: 3 4 4 ; 11
20140412037: 2 3 4 ; 9
20140412038: 3 4 6 ; 13
20140412039: 3 4 5 ; 12
20140412040: 1 2 3 ; 6
20140412041: 2 4 4 ; 10
20140412042: 1 1 3 ; 5
20140412043: 3 3 5 ; 11
20140412044: 1 2 5 ; 8
20140412045: 2 3 6 ; 11
20140412046: 1 3 3 ; 7
20140412047: 2 2 6 ; 10
20140412048: 1 4 5 ; 10
20140412049: 1 5 6 ; 12
20140412050: 2 5 6 ; 13
20140412051: 1 2 5 ; 8
20140412052: 2 3 6 ; 11
20140412053: 1 4 6 ; 11
20140412054: 3 5 5 ; 13
20140412055: 3 6 6 ; 15
20140412056: 3 3 6 ; 12
20140412057: 1 5 6 ; 12
20140412058: 2 3 5 ; 10
20140412059: 4 4 4 ; 12
20140412060: 1 2 5 ; 8
20140412061: 4 6 6 ; 16
20140412062: 2 4 4 ; 10
20140412063: 3 4 4 ; 11
20140412064: 2 4 4 ; 10
20140412065: 1 5 6 ; 12
20140412066: 1 2 5 ; 8
20140412067: 2 5 6 ; 13
20140412068: 2 6 6 ; 14
20140412069: 1 3 5 ; 9
20140412070: 1 2 6 ; 9
20140412071: 4 5 5 ; 14
20140412072: 4 4 5 ; 13
20140412073: 1 5 6 ; 12
20140412074: 1 4 6 ; 11
20140412075: 1 5 6 ; 12
20140412076: 3 5 6 ; 14
20140412077: 2 2 3 ; 7
20140412078: 2 3 6 ; 11
