20140410001: 3 4 6 ; 13
20140410002: 1 3 3 ; 7
20140410003: 2 2 5 ; 9
20140410004: 2 2 3 ; 7
20140410005: 2 6 6 ; 14
20140410006: 2 3 6 ; 11
20140410007: 5 6 6 ; 17
20140410008: 1 3 6 ; 10
20140410009: 2 4 5 ; 11
20140410010: 1 1 5 ; 7
20140410011: 3 4 6 ; 13
20140410012: 2 4 5 ; 11
20140410013: 1 2 2 ; 5
20140410014: 3 4 6 ; 13
20140410015: 2 3 5 ; 10
20140410016: 1 1 3 ; 5
20140410017: 1 2 6 ; 9
20140410018: 2 4 5 ; 11
20140410019: 3 4 5 ; 12
20140410020: 4 5 5 ; 14
20140410021: 2 2 6 ; 10
20140410022: 4 5 5 ; 14
20140410023: 3 5 5 ; 13
20140410024: 1 1 6 ; 8
20140410025: 4 5 6 ; 15
20140410026: 3 5 5 ; 13
20140410027: 1 4 6 ; 11
20140410028: 1 2 5 ; 8
20140410029: 2 6 6 ; 14
20140410030: 1 1 5 ; 7
20140410031: 2 5 6 ; 13
20140410032: 3 3 5 ; 11
20140410033: 2 3 3 ; 8
20140410034: 2 3 4 ; 9
20140410035: 2 5 6 ; 13
20140410036: 3 5 6 ; 14
20140410037: 1 4 5 ; 10
20140410038: 4 5 6 ; 15
20140410039: 2 3 5 ; 10
20140410040: 1 2 3 ; 6
20140410041: 2 2 5 ; 9
20140410042: 1 4 4 ; 9
20140410043: 1 2 6 ; 9
20140410044: 2 5 6 ; 13
20140410045: 3 5 6 ; 14
20140410046: 1 3 4 ; 8
20140410047: 4 5 5 ; 14
20140410048: 1 1 5 ; 7
20140410049: 1 2 2 ; 5
20140410050: 3 5 5 ; 13
20140410051: 2 2 2 ; 6
20140410052: 1 2 5 ; 8
20140410053: 4 5 6 ; 15
20140410054: 2 5 6 ; 13
20140410055: 3 5 6 ; 14
20140410056: 5 5 5 ; 15
20140410057: 2 2 4 ; 8
20140410058: 4 6 6 ; 16
20140410059: 1 2 2 ; 5
20140410060: 1 3 4 ; 8
20140410061: 2 4 5 ; 11
20140410062: 1 5 6 ; 12
20140410063: 3 4 5 ; 12
20140410064: 2 2 6 ; 10
20140410065: 2 3 4 ; 9
20140410066: 5 6 6 ; 17
20140410067: 3 5 6 ; 14
20140410068: 3 5 5 ; 13
20140410069: 1 1 6 ; 8
20140410070: 5 5 6 ; 16
20140410071: 1 2 5 ; 8
20140410072: 5 5 6 ; 16
20140410073: 2 3 4 ; 9
20140410074: 3 3 6 ; 12
20140410075: 1 2 4 ; 7
20140410076: 2 6 6 ; 14
20140410077: 1 1 4 ; 6
20140410078: 1 1 3 ; 5
