20140814001: 1 5 6 ; 12
20140814002: 1 1 1 ; 3
20140814003: 2 3 4 ; 9
20140814004: 1 2 3 ; 6
20140814005: 3 4 5 ; 12
20140814006: 1 1 6 ; 8
20140814007: 2 4 5 ; 11
20140814008: 1 2 3 ; 6
20140814009: 1 3 5 ; 9
20140814010: 1 3 3 ; 7
20140814011: 5 5 6 ; 16
20140814012: 1 2 5 ; 8
20140814013: 1 3 5 ; 9
20140814014: 3 3 6 ; 12
20140814015: 1 5 6 ; 12
20140814016: 4 5 6 ; 15
20140814017: 1 5 6 ; 12
20140814018: 1 5 6 ; 12
20140814019: 2 4 6 ; 12
20140814020: 3 6 6 ; 15
20140814021: 3 4 6 ; 13
20140814022: 1 3 5 ; 9
20140814023: 1 3 6 ; 10
20140814024: 2 4 5 ; 11
20140814025: 2 5 5 ; 12
20140814026: 2 5 6 ; 13
20140814027: 2 5 6 ; 13
20140814028: 1 2 3 ; 6
20140814029: 1 2 5 ; 8
20140814030: 3 4 6 ; 13
20140814031: 1 1 6 ; 8
20140814032: 4 6 6 ; 16
20140814033: 3 4 5 ; 12
20140814034: 5 6 6 ; 17
20140814035: 2 3 4 ; 9
20140814036: 1 2 4 ; 7
20140814037: 4 5 6 ; 15
20140814038: 2 4 6 ; 12
20140814039: 1 5 6 ; 12
20140814040: 3 4 4 ; 11
20140814041: 2 2 3 ; 7
20140814042: 2 2 3 ; 7
20140814043: 3 4 5 ; 12
20140814044: 1 2 6 ; 9
20140814045: 5 5 5 ; 15
20140814046: 1 3 5 ; 9
20140814047: 2 4 4 ; 10
20140814048: 2 2 3 ; 7
20140814049: 3 5 5 ; 13
20140814050: 3 3 4 ; 10
20140814051: 1 3 6 ; 10
20140814052: 2 2 5 ; 9
20140814053: 3 5 6 ; 14
20140814054: 3 3 5 ; 11
20140814055: 1 2 4 ; 7
20140814056: 3 5 6 ; 14
20140814057: 5 5 6 ; 16
20140814058: 2 3 4 ; 9
20140814059: 3 4 5 ; 12
20140814060: 1 2 5 ; 8
20140814061: 1 3 4 ; 8
20140814062: 4 5 5 ; 14
20140814063: 2 3 4 ; 9
20140814064: 3 3 3 ; 9
20140814065: 2 3 6 ; 11
20140814066: 1 2 6 ; 9
20140814067: 1 2 3 ; 6
20140814068: 1 5 6 ; 12
20140814069: 1 2 5 ; 8
20140814070: 1 6 6 ; 13
20140814071: 1 3 5 ; 9
20140814072: 2 3 5 ; 10
20140814073: 3 3 5 ; 11
20140814074: 4 5 6 ; 15
20140814075: 1 1 4 ; 6
20140814076: 1 2 6 ; 9
20140814077: 2 4 6 ; 12
20140814078: 3 3 4 ; 10
