20140817001: 2 6 6 ; 14
20140817002: 2 4 6 ; 12
20140817003: 2 3 4 ; 9
20140817004: 2 5 6 ; 13
20140817005: 1 4 5 ; 10
20140817006: 1 1 3 ; 5
20140817007: 4 4 6 ; 14
20140817008: 2 6 6 ; 14
20140817009: 1 2 4 ; 7
20140817010: 3 4 6 ; 13
20140817011: 2 4 6 ; 12
20140817012: 1 2 5 ; 8
20140817013: 2 3 6 ; 11
20140817014: 2 4 4 ; 10
20140817015: 4 4 5 ; 13
20140817016: 3 4 5 ; 12
20140817017: 3 3 6 ; 12
20140817018: 3 5 6 ; 14
20140817019: 1 2 5 ; 8
20140817020: 3 4 6 ; 13
20140817021: 1 4 6 ; 11
20140817022: 1 1 5 ; 7
20140817023: 4 5 5 ; 14
20140817024: 1 5 5 ; 11
20140817025: 3 4 6 ; 13
20140817026: 1 1 2 ; 4
20140817027: 1 3 5 ; 9
20140817028: 3 5 6 ; 14
20140817029: 1 2 6 ; 9
20140817030: 3 4 5 ; 12
20140817031: 2 3 3 ; 8
20140817032: 3 4 6 ; 13
20140817033: 1 4 5 ; 10
20140817034: 4 5 6 ; 15
20140817035: 5 5 6 ; 16
20140817036: 1 2 5 ; 8
20140817037: 2 3 4 ; 9
20140817038: 3 4 6 ; 13
20140817039: 3 3 5 ; 11
20140817040: 1 4 4 ; 9
20140817041: 5 5 5 ; 15
20140817042: 1 5 6 ; 12
20140817043: 1 2 6 ; 9
20140817044: 1 2 4 ; 7
20140817045: 1 1 4 ; 6
20140817046: 3 5 5 ; 13
20140817047: 2 4 5 ; 11
20140817048: 1 3 4 ; 8
20140817049: 2 2 4 ; 8
20140817050: 3 4 6 ; 13
20140817051: 1 3 4 ; 8
20140817052: 1 2 4 ; 7
20140817053: 1 2 4 ; 7
20140817054: 2 2 3 ; 7
20140817055: 1 2 4 ; 7
20140817056: 2 3 5 ; 10
20140817057: 1 2 6 ; 9
20140817058: 2 4 4 ; 10
20140817059: 1 4 6 ; 11
20140817060: 4 4 6 ; 14
20140817061: 5 6 6 ; 17
20140817062: 1 1 4 ; 6
20140817063: 1 5 6 ; 12
20140817064: 1 3 3 ; 7
20140817065: 1 3 3 ; 7
20140817066: 2 4 5 ; 11
20140817067: 1 2 4 ; 7
20140817068: 2 3 4 ; 9
20140817069: 3 3 6 ; 12
20140817070: 3 3 6 ; 12
20140817071: 3 5 5 ; 13
20140817072: 3 6 6 ; 15
20140817073: 3 5 6 ; 14
20140817074: 1 6 6 ; 13
20140817075: 2 6 6 ; 14
20140817076: 2 2 4 ; 8
20140817077: 3 5 6 ; 14
20140817078: 1 2 2 ; 5
