20140731001: 1 1 4 ; 6
20140731002: 1 4 6 ; 11
20140731003: 1 5 6 ; 12
20140731004: 2 4 6 ; 12
20140731005: 1 3 6 ; 10
20140731006: 1 6 6 ; 13
20140731007: 3 4 6 ; 13
20140731008: 4 5 6 ; 15
20140731009: 3 4 5 ; 12
20140731010: 3 4 4 ; 11
20140731011: 1 6 6 ; 13
20140731012: 3 5 5 ; 13
20140731013: 2 3 5 ; 10
20140731014: 2 3 4 ; 9
20140731015: 4 4 5 ; 13
20140731016: 2 6 6 ; 14
20140731017: 3 6 6 ; 15
20140731018: 2 4 6 ; 12
20140731019: 4 5 6 ; 15
20140731020: 4 4 5 ; 13
20140731021: 3 3 5 ; 11
20140731022: 1 5 5 ; 11
20140731023: 1 3 3 ; 7
20140731024: 1 2 6 ; 9
20140731025: 1 5 6 ; 12
20140731026: 2 2 3 ; 7
20140731027: 1 6 6 ; 13
20140731028: 2 3 6 ; 11
20140731029: 1 5 5 ; 11
20140731030: 2 5 6 ; 13
20140731031: 2 3 5 ; 10
20140731032: 2 3 6 ; 11
20140731033: 1 2 6 ; 9
20140731034: 4 4 4 ; 12
20140731035: 1 5 6 ; 12
20140731036: 1 3 4 ; 8
20140731037: 2 3 5 ; 10
20140731038: 1 5 5 ; 11
20140731039: 4 5 5 ; 14
20140731040: 3 4 6 ; 13
20140731041: 1 1 1 ; 3
20140731042: 1 2 6 ; 9
20140731043: 1 3 4 ; 8
20140731044: 1 3 3 ; 7
20140731045: 1 3 5 ; 9
20140731046: 3 4 5 ; 12
20140731047: 1 1 3 ; 5
20140731048: 3 4 4 ; 11
20140731049: 2 4 4 ; 10
20140731050: 3 5 6 ; 14
20140731051: 2 2 6 ; 10
20140731052: 3 4 5 ; 12
20140731053: 1 4 6 ; 11
20140731054: 2 4 5 ; 11
20140731055: 1 6 6 ; 13
20140731056: 1 2 6 ; 9
20140731057: 1 1 5 ; 7
20140731058: 2 3 3 ; 8
20140731059: 2 6 6 ; 14
20140731060: 1 1 5 ; 7
20140731061: 2 4 6 ; 12
20140731062: 3 5 5 ; 13
20140731063: 3 5 6 ; 14
20140731064: 4 4 6 ; 14
20140731065: 1 2 6 ; 9
20140731066: 1 2 4 ; 7
20140731067: 3 3 4 ; 10
20140731068: 3 4 4 ; 11
20140731069: 3 4 4 ; 11
20140731070: 1 4 4 ; 9
20140731071: 1 1 4 ; 6
20140731072: 3 3 3 ; 9
20140731073: 1 1 6 ; 8
20140731074: 3 3 5 ; 11
20140731075: 2 3 6 ; 11
20140731076: 3 4 5 ; 12
20140731077: 2 6 6 ; 14
20140731078: 1 2 4 ; 7
