20140606001: 5 6 6 ; 17
20140606002: 2 3 5 ; 10
20140606003: 1 4 5 ; 10
20140606004: 1 3 6 ; 10
20140606005: 3 5 6 ; 14
20140606006: 1 3 6 ; 10
20140606007: 3 6 6 ; 15
20140606008: 5 6 6 ; 17
20140606009: 1 1 1 ; 3
20140606010: 3 4 6 ; 13
20140606011: 1 3 4 ; 8
20140606012: 2 2 3 ; 7
20140606013: 2 3 5 ; 10
20140606014: 1 4 6 ; 11
20140606015: 1 3 3 ; 7
20140606016: 3 6 6 ; 15
20140606017: 1 2 4 ; 7
20140606018: 1 3 6 ; 10
20140606019: 3 4 5 ; 12
20140606020: 1 3 5 ; 9
20140606021: 2 3 5 ; 10
20140606022: 2 4 4 ; 10
20140606023: 1 4 5 ; 10
20140606024: 4 4 6 ; 14
20140606025: 4 5 6 ; 15
20140606026: 1 1 6 ; 8
20140606027: 2 2 3 ; 7
20140606028: 2 3 4 ; 9
20140606029: 1 4 4 ; 9
20140606030: 2 4 5 ; 11
20140606031: 4 5 6 ; 15
20140606032: 1 4 6 ; 11
20140606033: 2 4 5 ; 11
20140606034: 2 3 6 ; 11
20140606035: 3 5 5 ; 13
20140606036: 3 3 5 ; 11
20140606037: 1 4 6 ; 11
20140606038: 2 2 6 ; 10
20140606039: 3 3 4 ; 10
20140606040: 2 5 5 ; 12
20140606041: 1 3 4 ; 8
20140606042: 3 4 6 ; 13
20140606043: 1 1 6 ; 8
20140606044: 2 4 5 ; 11
20140606045: 3 6 6 ; 15
20140606046: 2 3 4 ; 9
20140606047: 2 4 5 ; 11
20140606048: 2 3 3 ; 8
20140606049: 2 3 6 ; 11
20140606050: 1 6 6 ; 13
20140606051: 2 3 6 ; 11
20140606052: 3 4 5 ; 12
20140606053: 1 2 4 ; 7
20140606054: 1 1 4 ; 6
20140606055: 2 2 6 ; 10
20140606056: 2 4 5 ; 11
20140606057: 1 2 6 ; 9
20140606058: 4 5 6 ; 15
20140606059: 3 4 6 ; 13
20140606060: 1 2 4 ; 7
20140606061: 1 2 5 ; 8
20140606062: 2 4 6 ; 12
20140606063: 2 3 5 ; 10
20140606064: 1 2 4 ; 7
20140606065: 1 3 4 ; 8
20140606066: 2 3 4 ; 9
20140606067: 3 3 6 ; 12
20140606068: 3 3 6 ; 12
20140606069: 2 5 6 ; 13
20140606070: 2 4 5 ; 11
20140606071: 2 3 3 ; 8
20140606072: 3 3 6 ; 12
20140606073: 1 4 4 ; 9
20140606074: 1 4 6 ; 11
20140606075: 1 5 5 ; 11
20140606076: 3 3 5 ; 11
20140606077: 2 4 4 ; 10
20140606078: 2 5 6 ; 13
