20140703001: 1 1 3 ; 5
20140703002: 1 2 4 ; 7
20140703003: 4 5 5 ; 14
20140703004: 1 5 6 ; 12
20140703005: 1 4 5 ; 10
20140703006: 2 2 6 ; 10
20140703007: 4 5 6 ; 15
20140703008: 2 2 4 ; 8
20140703009: 1 3 4 ; 8
20140703010: 3 3 5 ; 11
20140703011: 1 5 6 ; 12
20140703012: 5 6 6 ; 17
20140703013: 2 5 5 ; 12
20140703014: 2 3 6 ; 11
20140703015: 4 4 6 ; 14
20140703016: 3 4 5 ; 12
20140703017: 4 5 5 ; 14
20140703018: 1 4 6 ; 11
20140703019: 1 4 5 ; 10
20140703020: 1 1 5 ; 7
20140703021: 5 5 6 ; 16
20140703022: 2 2 5 ; 9
20140703023: 1 1 6 ; 8
20140703024: 1 3 5 ; 9
20140703025: 1 2 4 ; 7
20140703026: 2 4 6 ; 12
20140703027: 1 5 6 ; 12
20140703028: 1 2 6 ; 9
20140703029: 1 4 5 ; 10
20140703030: 5 5 6 ; 16
20140703031: 1 4 4 ; 9
20140703032: 2 4 5 ; 11
20140703033: 3 4 4 ; 11
20140703034: 4 4 5 ; 13
20140703035: 1 5 5 ; 11
20140703036: 1 5 6 ; 12
20140703037: 2 2 6 ; 10
20140703038: 1 2 4 ; 7
20140703039: 3 3 3 ; 9
20140703040: 2 4 6 ; 12
20140703041: 1 4 5 ; 10
20140703042: 2 6 6 ; 14
20140703043: 1 2 6 ; 9
20140703044: 2 3 5 ; 10
20140703045: 2 3 6 ; 11
20140703046: 1 1 6 ; 8
20140703047: 1 1 2 ; 4
20140703048: 2 2 4 ; 8
20140703049: 5 5 6 ; 16
20140703050: 1 6 6 ; 13
20140703051: 3 5 5 ; 13
20140703052: 1 3 5 ; 9
20140703053: 2 5 6 ; 13
20140703054: 2 3 5 ; 10
20140703055: 2 5 6 ; 13
20140703056: 1 2 2 ; 5
20140703057: 1 2 5 ; 8
20140703058: 3 4 5 ; 12
20140703059: 1 4 6 ; 11
20140703060: 4 4 5 ; 13
20140703061: 1 2 2 ; 5
20140703062: 2 4 6 ; 12
20140703063: 4 5 6 ; 15
20140703064: 1 3 4 ; 8
20140703065: 3 4 5 ; 12
20140703066: 1 1 1 ; 3
20140703067: 2 5 6 ; 13
20140703068: 1 1 2 ; 4
20140703069: 2 5 6 ; 13
20140703070: 2 4 5 ; 11
20140703071: 4 4 5 ; 13
20140703072: 4 6 6 ; 16
20140703073: 1 5 6 ; 12
20140703074: 1 3 6 ; 10
20140703075: 1 5 6 ; 12
20140703076: 1 3 6 ; 10
20140703077: 3 5 6 ; 14
20140703078: 1 1 5 ; 7
