20140531001: 3 4 6 ; 13
20140531002: 3 4 6 ; 13
20140531003: 4 5 5 ; 14
20140531004: 4 4 5 ; 13
20140531005: 3 4 5 ; 12
20140531006: 4 5 5 ; 14
20140531007: 1 4 6 ; 11
20140531008: 1 3 3 ; 7
20140531009: 1 6 6 ; 13
20140531010: 1 2 5 ; 8
20140531011: 1 2 3 ; 6
20140531012: 2 4 6 ; 12
20140531013: 1 5 6 ; 12
20140531014: 2 3 4 ; 9
20140531015: 2 2 4 ; 8
20140531016: 2 3 3 ; 8
20140531017: 4 5 6 ; 15
20140531018: 1 3 4 ; 8
20140531019: 1 2 5 ; 8
20140531020: 2 2 3 ; 7
20140531021: 1 2 4 ; 7
20140531022: 2 3 4 ; 9
20140531023: 3 4 6 ; 13
20140531024: 1 1 6 ; 8
20140531025: 2 3 5 ; 10
20140531026: 3 5 6 ; 14
20140531027: 4 6 6 ; 16
20140531028: 2 3 4 ; 9
20140531029: 2 3 4 ; 9
20140531030: 4 5 5 ; 14
20140531031: 3 5 6 ; 14
20140531032: 5 6 6 ; 17
20140531033: 3 3 5 ; 11
20140531034: 4 4 5 ; 13
20140531035: 3 3 5 ; 11
20140531036: 3 5 6 ; 14
20140531037: 4 5 5 ; 14
20140531038: 1 4 6 ; 11
20140531039: 2 5 6 ; 13
20140531040: 1 2 6 ; 9
20140531041: 5 5 6 ; 16
20140531042: 2 5 5 ; 12
20140531043: 1 3 6 ; 10
20140531044: 1 1 5 ; 7
20140531045: 6 6 6 ; 18
20140531046: 3 4 5 ; 12
20140531047: 2 3 4 ; 9
20140531048: 4 4 6 ; 14
20140531049: 1 1 3 ; 5
20140531050: 2 3 6 ; 11
20140531051: 1 5 6 ; 12
20140531052: 1 4 4 ; 9
20140531053: 1 1 4 ; 6
20140531054: 1 5 5 ; 11
20140531055: 1 5 5 ; 11
20140531056: 1 2 5 ; 8
20140531057: 1 2 3 ; 6
20140531058: 1 5 5 ; 11
20140531059: 1 3 3 ; 7
20140531060: 2 6 6 ; 14
20140531061: 2 2 3 ; 7
20140531062: 1 1 5 ; 7
20140531063: 2 3 3 ; 8
20140531064: 2 4 5 ; 11
20140531065: 3 4 6 ; 13
20140531066: 3 4 5 ; 12
20140531067: 1 6 6 ; 13
20140531068: 1 2 2 ; 5
20140531069: 2 4 5 ; 11
20140531070: 1 2 3 ; 6
20140531071: 1 4 4 ; 9
20140531072: 2 4 6 ; 12
20140531073: 1 1 3 ; 5
20140531074: 2 2 4 ; 8
20140531075: 1 5 6 ; 12
20140531076: 3 3 3 ; 9
20140531077: 4 4 6 ; 14
20140531078: 5 5 5 ; 15
