20140725001: 1 2 4 ; 7
20140725002: 1 2 5 ; 8
20140725003: 3 3 6 ; 12
20140725004: 1 1 3 ; 5
20140725005: 2 3 5 ; 10
20140725006: 4 4 5 ; 13
20140725007: 3 3 5 ; 11
20140725008: 1 2 3 ; 6
20140725009: 1 2 3 ; 6
20140725010: 2 4 5 ; 11
20140725011: 3 5 5 ; 13
20140725012: 3 4 5 ; 12
20140725013: 1 3 5 ; 9
20140725014: 1 4 6 ; 11
20140725015: 1 4 6 ; 11
20140725016: 2 6 6 ; 14
20140725017: 1 3 6 ; 10
20140725018: 3 5 5 ; 13
20140725019: 3 4 6 ; 13
20140725020: 2 2 6 ; 10
20140725021: 1 2 3 ; 6
20140725022: 2 2 4 ; 8
20140725023: 2 5 6 ; 13
20140725024: 2 3 6 ; 11
20140725025: 4 4 4 ; 12
20140725026: 3 6 6 ; 15
20140725027: 1 1 3 ; 5
20140725028: 2 2 6 ; 10
20140725029: 2 2 4 ; 8
20140725030: 1 2 5 ; 8
20140725031: 1 3 5 ; 9
20140725032: 2 4 6 ; 12
20140725033: 2 2 5 ; 9
20140725034: 2 4 6 ; 12
20140725035: 2 4 5 ; 11
20140725036: 1 2 5 ; 8
20140725037: 1 3 5 ; 9
20140725038: 5 5 5 ; 15
20140725039: 2 2 6 ; 10
20140725040: 3 5 6 ; 14
20140725041: 1 1 3 ; 5
20140725042: 3 5 5 ; 13
20140725043: 2 4 4 ; 10
20140725044: 2 3 5 ; 10
20140725045: 4 5 5 ; 14
20140725046: 3 4 6 ; 13
20140725047: 3 3 5 ; 11
20140725048: 2 2 5 ; 9
20140725049: 3 5 6 ; 14
20140725050: 1 2 2 ; 5
20140725051: 3 3 6 ; 12
20140725052: 1 2 6 ; 9
20140725053: 1 3 4 ; 8
20140725054: 1 1 3 ; 5
20140725055: 2 3 6 ; 11
20140725056: 2 6 6 ; 14
20140725057: 2 2 6 ; 10
20140725058: 1 4 6 ; 11
20140725059: 1 2 4 ; 7
20140725060: 1 1 3 ; 5
20140725061: 4 4 5 ; 13
20140725062: 2 3 4 ; 9
20140725063: 2 2 4 ; 8
20140725064: 1 3 4 ; 8
20140725065: 2 3 5 ; 10
20140725066: 1 2 2 ; 5
20140725067: 1 4 5 ; 10
20140725068: 1 1 6 ; 8
20140725069: 1 1 2 ; 4
20140725070: 3 3 4 ; 10
20140725071: 1 4 6 ; 11
20140725072: 3 3 4 ; 10
20140725073: 2 4 5 ; 11
20140725074: 1 2 6 ; 9
20140725075: 1 2 2 ; 5
20140725076: 5 6 6 ; 17
20140725077: 3 3 6 ; 12
20140725078: 3 4 5 ; 12
