20140728001: 1 1 4 ; 6
20140728002: 2 2 4 ; 8
20140728003: 4 5 5 ; 14
20140728004: 1 4 5 ; 10
20140728005: 2 2 2 ; 6
20140728006: 2 3 6 ; 11
20140728007: 2 5 5 ; 12
20140728008: 2 4 6 ; 12
20140728009: 3 5 6 ; 14
20140728010: 1 4 5 ; 10
20140728011: 5 5 6 ; 16
20140728012: 1 4 5 ; 10
20140728013: 2 6 6 ; 14
20140728014: 2 2 6 ; 10
20140728015: 2 5 6 ; 13
20140728016: 2 4 5 ; 11
20140728017: 2 4 5 ; 11
20140728018: 2 5 5 ; 12
20140728019: 1 1 1 ; 3
20140728020: 1 5 6 ; 12
20140728021: 1 2 6 ; 9
20140728022: 1 1 6 ; 8
20140728023: 2 3 3 ; 8
20140728024: 5 5 6 ; 16
20140728025: 1 3 4 ; 8
20140728026: 4 5 6 ; 15
20140728027: 1 3 5 ; 9
20140728028: 4 5 5 ; 14
20140728029: 1 5 5 ; 11
20140728030: 4 6 6 ; 16
20140728031: 1 2 3 ; 6
20140728032: 2 4 4 ; 10
20140728033: 1 1 5 ; 7
20140728034: 2 3 4 ; 9
20140728035: 5 5 6 ; 16
20140728036: 3 4 4 ; 11
20140728037: 3 6 6 ; 15
20140728038: 1 1 2 ; 4
20140728039: 4 4 5 ; 13
20140728040: 1 2 6 ; 9
20140728041: 3 4 6 ; 13
20140728042: 1 3 6 ; 10
20140728043: 2 4 4 ; 10
20140728044: 3 3 4 ; 10
20140728045: 1 5 6 ; 12
20140728046: 2 4 6 ; 12
20140728047: 3 6 6 ; 15
20140728048: 2 3 5 ; 10
20140728049: 3 3 5 ; 11
20140728050: 1 2 5 ; 8
20140728051: 4 4 6 ; 14
20140728052: 1 3 5 ; 9
20140728053: 2 3 4 ; 9
20140728054: 3 4 5 ; 12
20140728055: 2 2 3 ; 7
20140728056: 3 5 5 ; 13
20140728057: 2 6 6 ; 14
20140728058: 1 3 6 ; 10
20140728059: 4 6 6 ; 16
20140728060: 2 4 5 ; 11
20140728061: 1 3 4 ; 8
20140728062: 4 5 6 ; 15
20140728063: 1 3 6 ; 10
20140728064: 1 4 5 ; 10
20140728065: 2 3 5 ; 10
20140728066: 4 4 4 ; 12
20140728067: 3 4 5 ; 12
20140728068: 2 4 4 ; 10
20140728069: 1 2 5 ; 8
20140728070: 3 5 6 ; 14
20140728071: 5 6 6 ; 17
20140728072: 2 3 3 ; 8
20140728073: 3 4 5 ; 12
20140728074: 1 4 5 ; 10
20140728075: 2 4 6 ; 12
20140728076: 2 3 5 ; 10
20140728077: 1 4 5 ; 10
20140728078: 3 3 5 ; 11
