20140311001: 2 4 4 ; 10
20140311002: 3 3 4 ; 10
20140311003: 2 2 4 ; 8
20140311004: 1 2 4 ; 7
20140311005: 1 5 5 ; 11
20140311006: 1 3 6 ; 10
20140311007: 2 3 4 ; 9
20140311008: 2 4 4 ; 10
20140311009: 3 6 6 ; 15
20140311010: 2 4 6 ; 12
20140311011: 1 2 6 ; 9
20140311012: 2 4 5 ; 11
20140311013: 2 3 4 ; 9
20140311014: 1 2 5 ; 8
20140311015: 1 1 1 ; 3
20140311016: 3 4 5 ; 12
20140311017: 1 2 3 ; 6
20140311018: 2 3 4 ; 9
20140311019: 3 6 6 ; 15
20140311020: 1 1 3 ; 5
20140311021: 2 2 6 ; 10
20140311022: 1 1 3 ; 5
20140311023: 2 6 6 ; 14
20140311024: 1 1 6 ; 8
20140311025: 4 6 6 ; 16
20140311026: 1 3 4 ; 8
20140311027: 4 4 6 ; 14
20140311028: 3 4 6 ; 13
20140311029: 2 4 5 ; 11
20140311030: 3 5 5 ; 13
20140311031: 1 1 1 ; 3
20140311032: 1 2 6 ; 9
20140311033: 2 4 6 ; 12
20140311034: 1 2 5 ; 8
20140311035: 4 4 5 ; 13
20140311036: 2 5 5 ; 12
20140311037: 2 5 6 ; 13
20140311038: 2 3 3 ; 8
20140311039: 2 5 5 ; 12
20140311040: 1 2 4 ; 7
20140311041: 3 4 5 ; 12
20140311042: 3 4 6 ; 13
20140311043: 2 3 5 ; 10
20140311044: 3 5 5 ; 13
20140311045: 2 5 5 ; 12
20140311046: 3 5 6 ; 14
20140311047: 4 4 5 ; 13
20140311048: 1 4 6 ; 11
20140311049: 2 3 6 ; 11
20140311050: 1 3 6 ; 10
20140311051: 5 5 6 ; 16
20140311052: 1 3 4 ; 8
20140311053: 4 4 4 ; 12
20140311054: 2 5 5 ; 12
20140311055: 1 3 6 ; 10
20140311056: 3 6 6 ; 15
20140311057: 4 4 4 ; 12
20140311058: 3 3 5 ; 11
20140311059: 2 5 6 ; 13
20140311060: 1 1 5 ; 7
20140311061: 1 1 3 ; 5
20140311062: 2 2 5 ; 9
20140311063: 2 4 5 ; 11
20140311064: 2 4 4 ; 10
20140311065: 1 4 5 ; 10
20140311066: 1 1 1 ; 3
20140311067: 4 4 5 ; 13
20140311068: 3 3 5 ; 11
20140311069: 3 4 5 ; 12
20140311070: 2 3 6 ; 11
20140311071: 3 3 5 ; 11
20140311072: 1 3 6 ; 10
20140311073: 3 4 6 ; 13
20140311074: 4 5 6 ; 15
20140311075: 1 5 6 ; 12
20140311076: 2 2 6 ; 10
20140311077: 5 5 6 ; 16
20140311078: 2 2 3 ; 7
