20140623001: 1 2 3 ; 6
20140623002: 1 3 6 ; 10
20140623003: 2 4 6 ; 12
20140623004: 3 4 5 ; 12
20140623005: 2 3 4 ; 9
20140623006: 4 4 6 ; 14
20140623007: 1 3 4 ; 8
20140623008: 2 2 4 ; 8
20140623009: 5 5 6 ; 16
20140623010: 1 5 6 ; 12
20140623011: 2 4 6 ; 12
20140623012: 3 4 6 ; 13
20140623013: 1 3 6 ; 10
20140623014: 3 3 4 ; 10
20140623015: 1 3 6 ; 10
20140623016: 2 2 6 ; 10
20140623017: 2 4 5 ; 11
20140623018: 2 3 4 ; 9
20140623019: 1 2 6 ; 9
20140623020: 3 3 4 ; 10
20140623021: 2 3 6 ; 11
20140623022: 3 5 6 ; 14
20140623023: 2 4 6 ; 12
20140623024: 3 3 5 ; 11
20140623025: 1 3 3 ; 7
20140623026: 1 3 6 ; 10
20140623027: 3 4 5 ; 12
20140623028: 2 6 6 ; 14
20140623029: 1 2 6 ; 9
20140623030: 1 5 6 ; 12
20140623031: 1 5 6 ; 12
20140623032: 1 3 6 ; 10
20140623033: 1 4 5 ; 10
20140623034: 4 6 6 ; 16
20140623035: 2 4 6 ; 12
20140623036: 1 3 6 ; 10
20140623037: 2 3 4 ; 9
20140623038: 3 4 5 ; 12
20140623039: 4 4 4 ; 12
20140623040: 3 4 5 ; 12
20140623041: 1 2 5 ; 8
20140623042: 5 6 6 ; 17
20140623043: 4 5 6 ; 15
20140623044: 1 3 5 ; 9
20140623045: 1 3 4 ; 8
20140623046: 2 2 4 ; 8
20140623047: 4 5 6 ; 15
20140623048: 1 5 5 ; 11
20140623049: 2 3 6 ; 11
20140623050: 1 2 4 ; 7
20140623051: 1 4 4 ; 9
20140623052: 2 5 6 ; 13
20140623053: 1 1 2 ; 4
20140623054: 4 4 5 ; 13
20140623055: 1 2 5 ; 8
20140623056: 3 3 6 ; 12
20140623057: 2 4 6 ; 12
20140623058: 3 3 5 ; 11
20140623059: 1 3 5 ; 9
20140623060: 1 4 5 ; 10
20140623061: 1 1 3 ; 5
20140623062: 1 5 6 ; 12
20140623063: 1 2 3 ; 6
20140623064: 5 6 6 ; 17
20140623065: 2 4 5 ; 11
20140623066: 2 4 6 ; 12
20140623067: 2 3 4 ; 9
20140623068: 1 5 6 ; 12
20140623069: 2 5 5 ; 12
20140623070: 3 4 6 ; 13
20140623071: 3 5 5 ; 13
20140623072: 1 3 4 ; 8
20140623073: 1 5 5 ; 11
20140623074: 4 4 6 ; 14
20140623075: 1 2 5 ; 8
20140623076: 2 5 6 ; 13
20140623077: 1 4 4 ; 9
20140623078: 1 4 5 ; 10
