20140101001: 2 5 6 ; 13
20140101002: 1 1 4 ; 6
20140101003: 1 1 3 ; 5
20140101004: 1 2 2 ; 5
20140101005: 2 3 5 ; 10
20140101006: 2 4 6 ; 12
20140101007: 4 6 6 ; 16
20140101008: 2 3 6 ; 11
20140101009: 2 3 4 ; 9
20140101010: 1 1 2 ; 4
20140101011: 2 3 5 ; 10
20140101012: 2 3 6 ; 11
20140101013: 1 5 6 ; 12
20140101014: 1 2 5 ; 8
20140101015: 3 4 5 ; 12
20140101016: 1 3 6 ; 10
20140101017: 1 2 5 ; 8
20140101018: 5 5 6 ; 16
20140101019: 2 4 6 ; 12
20140101020: 5 6 6 ; 17
20140101021: 3 4 5 ; 12
20140101022: 3 4 5 ; 12
20140101023: 1 5 5 ; 11
20140101024: 3 5 6 ; 14
20140101025: 3 4 4 ; 11
20140101026: 4 4 5 ; 13
20140101027: 1 2 4 ; 7
20140101028: 1 1 5 ; 7
20140101029: 5 6 6 ; 17
20140101030: 4 4 5 ; 13
20140101031: 3 5 6 ; 14
20140101032: 4 5 6 ; 15
20140101033: 1 1 2 ; 4
20140101034: 2 4 6 ; 12
20140101035: 2 4 5 ; 11
20140101036: 1 1 3 ; 5
20140101037: 1 5 6 ; 12
20140101038: 1 3 4 ; 8
20140101039: 1 3 4 ; 8
20140101040: 5 5 6 ; 16
20140101041: 1 2 6 ; 9
20140101042: 2 3 3 ; 8
20140101043: 1 4 5 ; 10
20140101044: 1 1 5 ; 7
20140101045: 1 1 6 ; 8
20140101046: 3 4 6 ; 13
20140101047: 2 3 5 ; 10
20140101048: 4 5 6 ; 15
20140101049: 1 1 3 ; 5
20140101050: 2 3 6 ; 11
20140101051: 3 4 6 ; 13
20140101052: 3 3 5 ; 11
20140101053: 1 5 5 ; 11
20140101054: 1 3 5 ; 9
20140101055: 2 3 6 ; 11
20140101056: 2 4 5 ; 11
20140101057: 1 2 5 ; 8
20140101058: 4 4 6 ; 14
20140101059: 2 2 5 ; 9
20140101060: 1 2 5 ; 8
20140101061: 2 3 4 ; 9
20140101062: 2 4 5 ; 11
20140101063: 2 4 4 ; 10
20140101064: 4 6 6 ; 16
20140101065: 3 5 5 ; 13
20140101066: 4 5 6 ; 15
20140101067: 3 4 4 ; 11
20140101068: 3 3 5 ; 11
20140101069: 2 4 4 ; 10
20140101070: 1 4 5 ; 10
20140101071: 5 5 6 ; 16
20140101072: 1 1 6 ; 8
20140101073: 2 2 5 ; 9
20140101074: 4 4 5 ; 13
20140101075: 3 4 6 ; 13
20140101076: 2 5 6 ; 13
20140101077: 4 6 6 ; 16
20140101078: 3 4 6 ; 13
