20140320001: 1 3 4 ; 8
20140320002: 2 3 4 ; 9
20140320003: 1 6 6 ; 13
20140320004: 3 5 5 ; 13
20140320005: 1 2 3 ; 6
20140320006: 2 4 5 ; 11
20140320007: 3 4 4 ; 11
20140320008: 4 6 6 ; 16
20140320009: 2 4 6 ; 12
20140320010: 2 2 5 ; 9
20140320011: 2 3 4 ; 9
20140320012: 5 5 5 ; 15
20140320013: 2 3 5 ; 10
20140320014: 1 4 5 ; 10
20140320015: 3 4 4 ; 11
20140320016: 1 3 5 ; 9
20140320017: 2 5 6 ; 13
20140320018: 1 4 6 ; 11
20140320019: 5 5 6 ; 16
20140320020: 1 3 6 ; 10
20140320021: 1 4 6 ; 11
20140320022: 1 3 5 ; 9
20140320023: 1 1 5 ; 7
20140320024: 1 3 6 ; 10
20140320025: 3 4 6 ; 13
20140320026: 2 3 4 ; 9
20140320027: 3 5 6 ; 14
20140320028: 2 2 5 ; 9
20140320029: 1 3 4 ; 8
20140320030: 1 4 5 ; 10
20140320031: 3 3 6 ; 12
20140320032: 5 5 5 ; 15
20140320033: 3 5 5 ; 13
20140320034: 1 4 4 ; 9
20140320035: 3 3 6 ; 12
20140320036: 1 5 6 ; 12
20140320037: 3 4 4 ; 11
20140320038: 1 3 3 ; 7
20140320039: 5 6 6 ; 17
20140320040: 3 4 5 ; 12
20140320041: 1 2 6 ; 9
20140320042: 1 3 6 ; 10
20140320043: 3 4 6 ; 13
20140320044: 3 5 5 ; 13
20140320045: 1 4 6 ; 11
20140320046: 4 4 6 ; 14
20140320047: 2 3 5 ; 10
20140320048: 1 3 6 ; 10
20140320049: 2 3 5 ; 10
20140320050: 3 3 4 ; 10
20140320051: 1 3 3 ; 7
20140320052: 2 4 5 ; 11
20140320053: 3 3 5 ; 11
20140320054: 2 5 5 ; 12
20140320055: 1 4 6 ; 11
20140320056: 2 6 6 ; 14
20140320057: 2 3 6 ; 11
20140320058: 2 4 6 ; 12
20140320059: 2 3 6 ; 11
20140320060: 2 2 6 ; 10
20140320061: 2 6 6 ; 14
20140320062: 1 4 5 ; 10
20140320063: 1 4 6 ; 11
20140320064: 3 4 4 ; 11
20140320065: 1 3 5 ; 9
20140320066: 3 3 6 ; 12
20140320067: 4 5 6 ; 15
20140320068: 3 4 5 ; 12
20140320069: 1 3 4 ; 8
20140320070: 4 5 6 ; 15
20140320071: 1 2 4 ; 7
20140320072: 1 1 4 ; 6
20140320073: 1 3 3 ; 7
20140320074: 4 4 5 ; 13
20140320075: 2 2 4 ; 8
20140320076: 1 2 4 ; 7
20140320077: 2 3 3 ; 8
20140320078: 3 3 5 ; 11
