20140830001: 1 4 4 ; 9
20140830002: 1 2 4 ; 7
20140830003: 3 6 6 ; 15
20140830004: 3 5 6 ; 14
20140830005: 1 4 4 ; 9
20140830006: 1 4 6 ; 11
20140830007: 1 1 1 ; 3
20140830008: 1 3 3 ; 7
20140830009: 3 4 6 ; 13
20140830010: 5 6 6 ; 17
20140830011: 4 5 5 ; 14
20140830012: 1 5 6 ; 12
20140830013: 1 1 2 ; 4
20140830014: 2 2 6 ; 10
20140830015: 1 4 6 ; 11
20140830016: 2 2 4 ; 8
20140830017: 3 5 6 ; 14
20140830018: 1 2 3 ; 6
20140830019: 4 5 6 ; 15
20140830020: 2 3 5 ; 10
20140830021: 3 3 6 ; 12
20140830022: 2 5 5 ; 12
20140830023: 1 3 6 ; 10
20140830024: 1 1 3 ; 5
20140830025: 3 4 6 ; 13
20140830026: 1 2 3 ; 6
20140830027: 4 4 6 ; 14
20140830028: 2 2 6 ; 10
20140830029: 1 4 6 ; 11
20140830030: 2 5 6 ; 13
20140830031: 2 4 6 ; 12
20140830032: 2 4 5 ; 11
20140830033: 2 3 3 ; 8
20140830034: 3 5 6 ; 14
20140830035: 4 5 6 ; 15
20140830036: 1 1 4 ; 6
20140830037: 4 4 5 ; 13
20140830038: 2 4 4 ; 10
20140830039: 2 3 6 ; 11
20140830040: 1 5 5 ; 11
20140830041: 2 6 6 ; 14
20140830042: 1 1 2 ; 4
20140830043: 1 4 6 ; 11
20140830044: 1 6 6 ; 13
20140830045: 1 2 3 ; 6
20140830046: 1 1 3 ; 5
20140830047: 1 2 6 ; 9
20140830048: 2 4 4 ; 10
20140830049: 4 6 6 ; 16
20140830050: 1 2 3 ; 6
20140830051: 3 4 5 ; 12
20140830052: 2 3 6 ; 11
20140830053: 1 4 5 ; 10
20140830054: 2 3 5 ; 10
20140830055: 2 4 5 ; 11
20140830056: 1 1 3 ; 5
20140830057: 1 4 5 ; 10
20140830058: 1 3 5 ; 9
20140830059: 2 3 5 ; 10
20140830060: 3 3 5 ; 11
20140830061: 1 1 4 ; 6
20140830062: 1 1 4 ; 6
20140830063: 2 2 3 ; 7
20140830064: 2 4 6 ; 12
20140830065: 2 5 5 ; 12
20140830066: 2 5 6 ; 13
20140830067: 2 2 5 ; 9
20140830068: 4 4 6 ; 14
20140830069: 3 6 6 ; 15
20140830070: 1 2 5 ; 8
20140830071: 2 3 5 ; 10
20140830072: 2 2 4 ; 8
20140830073: 3 3 6 ; 12
20140830074: 1 2 3 ; 6
20140830075: 2 5 6 ; 13
20140830076: 3 4 4 ; 11
20140830077: 1 2 5 ; 8
20140830078: 2 5 6 ; 13
