20140617001: 1 2 3 ; 6
20140617002: 1 3 3 ; 7
20140617003: 1 1 5 ; 7
20140617004: 1 2 5 ; 8
20140617005: 4 4 5 ; 13
20140617006: 3 3 5 ; 11
20140617007: 4 5 6 ; 15
20140617008: 2 4 5 ; 11
20140617009: 1 2 6 ; 9
20140617010: 2 3 4 ; 9
20140617011: 2 5 6 ; 13
20140617012: 4 5 5 ; 14
20140617013: 5 5 6 ; 16
20140617014: 5 6 6 ; 17
20140617015: 5 5 6 ; 16
20140617016: 2 3 4 ; 9
20140617017: 1 3 4 ; 8
20140617018: 4 5 5 ; 14
20140617019: 1 3 4 ; 8
20140617020: 1 2 3 ; 6
20140617021: 4 5 6 ; 15
20140617022: 5 6 6 ; 17
20140617023: 1 2 6 ; 9
20140617024: 1 1 2 ; 4
20140617025: 1 1 4 ; 6
20140617026: 2 3 5 ; 10
20140617027: 3 5 6 ; 14
20140617028: 2 3 5 ; 10
20140617029: 1 6 6 ; 13
20140617030: 1 2 5 ; 8
20140617031: 1 3 6 ; 10
20140617032: 1 4 4 ; 9
20140617033: 2 2 4 ; 8
20140617034: 1 4 6 ; 11
20140617035: 2 4 5 ; 11
20140617036: 1 2 6 ; 9
20140617037: 2 2 5 ; 9
20140617038: 1 1 2 ; 4
20140617039: 4 4 6 ; 14
20140617040: 1 5 5 ; 11
20140617041: 3 4 4 ; 11
20140617042: 1 1 5 ; 7
20140617043: 1 2 5 ; 8
20140617044: 1 4 5 ; 10
20140617045: 2 4 6 ; 12
20140617046: 1 5 6 ; 12
20140617047: 2 3 4 ; 9
20140617048: 2 2 2 ; 6
20140617049: 1 2 5 ; 8
20140617050: 2 4 5 ; 11
20140617051: 2 4 6 ; 12
20140617052: 1 6 6 ; 13
20140617053: 3 4 6 ; 13
20140617054: 3 3 3 ; 9
20140617055: 2 5 6 ; 13
20140617056: 2 4 4 ; 10
20140617057: 1 4 5 ; 10
20140617058: 1 2 3 ; 6
20140617059: 3 6 6 ; 15
20140617060: 1 4 6 ; 11
20140617061: 2 5 5 ; 12
20140617062: 2 4 5 ; 11
20140617063: 1 3 5 ; 9
20140617064: 1 2 3 ; 6
20140617065: 1 2 6 ; 9
20140617066: 3 6 6 ; 15
20140617067: 2 3 3 ; 8
20140617068: 3 5 6 ; 14
20140617069: 2 4 4 ; 10
20140617070: 3 3 5 ; 11
20140617071: 1 5 6 ; 12
20140617072: 3 6 6 ; 15
20140617073: 1 4 6 ; 11
20140617074: 1 3 4 ; 8
20140617075: 1 1 3 ; 5
20140617076: 1 2 6 ; 9
20140617077: 1 2 3 ; 6
20140617078: 5 5 6 ; 16
