20140829001: 1 2 5 ; 8
20140829002: 1 3 3 ; 7
20140829003: 1 5 6 ; 12
20140829004: 2 2 3 ; 7
20140829005: 2 4 6 ; 12
20140829006: 1 3 4 ; 8
20140829007: 4 6 6 ; 16
20140829008: 2 4 5 ; 11
20140829009: 5 5 6 ; 16
20140829010: 1 4 6 ; 11
20140829011: 1 5 5 ; 11
20140829012: 1 1 5 ; 7
20140829013: 1 4 4 ; 9
20140829014: 1 4 5 ; 10
20140829015: 1 4 6 ; 11
20140829016: 4 4 5 ; 13
20140829017: 1 2 4 ; 7
20140829018: 4 5 5 ; 14
20140829019: 3 5 6 ; 14
20140829020: 1 3 6 ; 10
20140829021: 1 3 6 ; 10
20140829022: 5 6 6 ; 17
20140829023: 1 1 3 ; 5
20140829024: 2 3 5 ; 10
20140829025: 2 3 6 ; 11
20140829026: 1 5 6 ; 12
20140829027: 3 4 6 ; 13
20140829028: 3 6 6 ; 15
20140829029: 1 3 5 ; 9
20140829030: 1 4 6 ; 11
20140829031: 2 3 4 ; 9
20140829032: 2 3 5 ; 10
20140829033: 4 4 5 ; 13
20140829034: 4 5 6 ; 15
20140829035: 1 2 6 ; 9
20140829036: 1 2 4 ; 7
20140829037: 2 5 5 ; 12
20140829038: 1 2 4 ; 7
20140829039: 4 5 6 ; 15
20140829040: 1 2 2 ; 5
20140829041: 4 4 6 ; 14
20140829042: 3 4 5 ; 12
20140829043: 1 4 4 ; 9
20140829044: 3 4 6 ; 13
20140829045: 2 5 5 ; 12
20140829046: 1 3 3 ; 7
20140829047: 1 4 6 ; 11
20140829048: 1 3 4 ; 8
20140829049: 1 1 4 ; 6
20140829050: 1 1 4 ; 6
20140829051: 3 4 5 ; 12
20140829052: 2 3 4 ; 9
20140829053: 1 1 4 ; 6
20140829054: 4 5 5 ; 14
20140829055: 4 6 6 ; 16
20140829056: 2 3 6 ; 11
20140829057: 5 6 6 ; 17
20140829058: 4 5 6 ; 15
20140829059: 2 4 5 ; 11
20140829060: 2 6 6 ; 14
20140829061: 3 5 5 ; 13
20140829062: 3 3 3 ; 9
20140829063: 1 3 5 ; 9
20140829064: 2 4 4 ; 10
20140829065: 2 3 5 ; 10
20140829066: 1 3 6 ; 10
20140829067: 1 2 5 ; 8
20140829068: 1 1 2 ; 4
20140829069: 2 4 6 ; 12
20140829070: 2 2 3 ; 7
20140829071: 3 5 5 ; 13
20140829072: 2 3 4 ; 9
20140829073: 1 2 2 ; 5
20140829074: 2 3 6 ; 11
20140829075: 2 2 6 ; 10
20140829076: 1 2 5 ; 8
20140829077: 3 3 4 ; 10
20140829078: 1 2 5 ; 8
