20140214001: 1 2 3 ; 6
20140214002: 1 3 3 ; 7
20140214003: 1 2 6 ; 9
20140214004: 1 3 4 ; 8
20140214005: 2 4 4 ; 10
20140214006: 1 5 6 ; 12
20140214007: 1 3 6 ; 10
20140214008: 3 4 5 ; 12
20140214009: 1 2 6 ; 9
20140214010: 2 2 6 ; 10
20140214011: 2 4 5 ; 11
20140214012: 3 3 4 ; 10
20140214013: 1 6 6 ; 13
20140214014: 4 5 5 ; 14
20140214015: 2 3 4 ; 9
20140214016: 3 5 5 ; 13
20140214017: 1 2 5 ; 8
20140214018: 3 4 6 ; 13
20140214019: 2 3 3 ; 8
20140214020: 1 4 5 ; 10
20140214021: 1 3 6 ; 10
20140214022: 1 5 5 ; 11
20140214023: 1 4 6 ; 11
20140214024: 1 3 3 ; 7
20140214025: 1 3 4 ; 8
20140214026: 3 3 6 ; 12
20140214027: 1 1 1 ; 3
20140214028: 2 3 5 ; 10
20140214029: 1 2 5 ; 8
20140214030: 2 2 6 ; 10
20140214031: 1 5 6 ; 12
20140214032: 2 4 5 ; 11
20140214033: 2 4 4 ; 10
20140214034: 1 3 5 ; 9
20140214035: 4 4 6 ; 14
20140214036: 1 5 6 ; 12
20140214037: 2 4 5 ; 11
20140214038: 1 5 6 ; 12
20140214039: 1 4 6 ; 11
20140214040: 3 3 5 ; 11
20140214041: 4 4 6 ; 14
20140214042: 1 3 4 ; 8
20140214043: 1 2 5 ; 8
20140214044: 2 3 3 ; 8
20140214045: 1 3 6 ; 10
20140214046: 1 3 6 ; 10
20140214047: 3 4 6 ; 13
20140214048: 1 1 3 ; 5
20140214049: 4 4 4 ; 12
20140214050: 1 2 4 ; 7
20140214051: 2 3 4 ; 9
20140214052: 4 4 5 ; 13
20140214053: 3 3 4 ; 10
20140214054: 2 3 5 ; 10
20140214055: 1 2 4 ; 7
20140214056: 4 6 6 ; 16
20140214057: 1 4 4 ; 9
20140214058: 3 5 6 ; 14
20140214059: 1 3 5 ; 9
20140214060: 1 5 5 ; 11
20140214061: 2 4 6 ; 12
20140214062: 2 3 5 ; 10
20140214063: 2 4 5 ; 11
20140214064: 2 4 5 ; 11
20140214065: 1 2 4 ; 7
20140214066: 1 1 6 ; 8
20140214067: 1 5 6 ; 12
20140214068: 1 2 5 ; 8
20140214069: 2 3 5 ; 10
20140214070: 1 4 6 ; 11
20140214071: 1 4 5 ; 10
20140214072: 1 2 5 ; 8
20140214073: 1 4 6 ; 11
20140214074: 2 3 6 ; 11
20140214075: 1 2 4 ; 7
20140214076: 3 3 4 ; 10
20140214077: 2 3 4 ; 9
20140214078: 1 3 3 ; 7
