20140729001: 3 3 5 ; 11
20140729002: 3 3 5 ; 11
20140729003: 2 3 4 ; 9
20140729004: 1 5 6 ; 12
20140729005: 3 3 6 ; 12
20140729006: 2 2 4 ; 8
20140729007: 4 4 5 ; 13
20140729008: 2 3 5 ; 10
20140729009: 3 4 5 ; 12
20140729010: 1 5 6 ; 12
20140729011: 3 4 6 ; 13
20140729012: 1 5 6 ; 12
20140729013: 1 4 6 ; 11
20140729014: 2 5 5 ; 12
20140729015: 1 4 4 ; 9
20140729016: 4 5 5 ; 14
20140729017: 1 1 3 ; 5
20140729018: 1 3 6 ; 10
20140729019: 2 3 3 ; 8
20140729020: 1 2 6 ; 9
20140729021: 2 3 5 ; 10
20140729022: 2 5 6 ; 13
20140729023: 1 5 6 ; 12
20140729024: 2 3 4 ; 9
20140729025: 3 6 6 ; 15
20140729026: 1 3 4 ; 8
20140729027: 1 2 3 ; 6
20140729028: 1 2 4 ; 7
20140729029: 1 2 4 ; 7
20140729030: 1 4 5 ; 10
20140729031: 1 5 6 ; 12
20140729032: 2 5 5 ; 12
20140729033: 1 2 5 ; 8
20140729034: 2 6 6 ; 14
20140729035: 2 4 6 ; 12
20140729036: 1 2 4 ; 7
20140729037: 1 3 6 ; 10
20140729038: 2 5 5 ; 12
20140729039: 1 1 5 ; 7
20140729040: 1 4 5 ; 10
20140729041: 2 3 5 ; 10
20140729042: 1 2 5 ; 8
20140729043: 3 3 6 ; 12
20140729044: 3 3 4 ; 10
20140729045: 1 4 6 ; 11
20140729046: 2 2 6 ; 10
20140729047: 3 4 5 ; 12
20140729048: 2 3 6 ; 11
20140729049: 2 2 4 ; 8
20140729050: 1 2 4 ; 7
20140729051: 2 3 5 ; 10
20140729052: 2 3 5 ; 10
20140729053: 1 3 6 ; 10
20140729054: 3 3 6 ; 12
20140729055: 3 3 4 ; 10
20140729056: 1 2 5 ; 8
20140729057: 1 1 4 ; 6
20140729058: 3 4 5 ; 12
20140729059: 3 4 6 ; 13
20140729060: 3 4 5 ; 12
20140729061: 2 5 6 ; 13
20140729062: 1 1 6 ; 8
20140729063: 1 3 5 ; 9
20140729064: 1 3 4 ; 8
20140729065: 1 4 6 ; 11
20140729066: 1 2 3 ; 6
20140729067: 3 5 6 ; 14
20140729068: 1 3 3 ; 7
20140729069: 1 4 5 ; 10
20140729070: 2 4 6 ; 12
20140729071: 1 5 6 ; 12
20140729072: 1 2 4 ; 7
20140729073: 1 3 4 ; 8
20140729074: 1 2 3 ; 6
20140729075: 2 4 6 ; 12
20140729076: 1 3 4 ; 8
20140729077: 2 3 4 ; 9
20140729078: 3 4 5 ; 12
