20140718001: 1 3 5 ; 9
20140718002: 2 3 5 ; 10
20140718003: 1 5 5 ; 11
20140718004: 3 5 5 ; 13
20140718005: 3 4 5 ; 12
20140718006: 2 4 5 ; 11
20140718007: 3 4 4 ; 11
20140718008: 4 5 6 ; 15
20140718009: 3 3 4 ; 10
20140718010: 3 5 5 ; 13
20140718011: 3 3 5 ; 11
20140718012: 3 5 6 ; 14
20140718013: 5 5 5 ; 15
20140718014: 1 4 4 ; 9
20140718015: 1 3 3 ; 7
20140718016: 2 5 6 ; 13
20140718017: 2 4 5 ; 11
20140718018: 4 5 5 ; 14
20140718019: 3 5 5 ; 13
20140718020: 4 4 6 ; 14
20140718021: 3 5 5 ; 13
20140718022: 1 3 4 ; 8
20140718023: 3 5 5 ; 13
20140718024: 2 5 6 ; 13
20140718025: 3 4 5 ; 12
20140718026: 2 3 5 ; 10
20140718027: 2 5 6 ; 13
20140718028: 2 2 4 ; 8
20140718029: 2 3 4 ; 9
20140718030: 5 5 6 ; 16
20140718031: 2 6 6 ; 14
20140718032: 5 5 6 ; 16
20140718033: 2 2 4 ; 8
20140718034: 1 3 3 ; 7
20140718035: 2 5 6 ; 13
20140718036: 1 1 4 ; 6
20140718037: 1 3 5 ; 9
20140718038: 1 4 6 ; 11
20140718039: 1 2 6 ; 9
20140718040: 1 5 6 ; 12
20140718041: 3 3 6 ; 12
20140718042: 1 3 6 ; 10
20140718043: 3 5 6 ; 14
20140718044: 2 5 5 ; 12
20140718045: 4 5 5 ; 14
20140718046: 3 5 6 ; 14
20140718047: 1 3 6 ; 10
20140718048: 2 3 6 ; 11
20140718049: 3 4 6 ; 13
20140718050: 1 1 2 ; 4
20140718051: 2 4 6 ; 12
20140718052: 2 4 5 ; 11
20140718053: 1 1 6 ; 8
20140718054: 1 1 2 ; 4
20140718055: 1 4 6 ; 11
20140718056: 2 3 6 ; 11
20140718057: 4 5 5 ; 14
20140718058: 3 5 6 ; 14
20140718059: 2 4 6 ; 12
20140718060: 4 4 6 ; 14
20140718061: 1 1 2 ; 4
20140718062: 2 4 6 ; 12
20140718063: 4 6 6 ; 16
20140718064: 4 4 6 ; 14
20140718065: 3 6 6 ; 15
20140718066: 1 3 5 ; 9
20140718067: 4 4 4 ; 12
20140718068: 2 3 4 ; 9
20140718069: 4 4 5 ; 13
20140718070: 2 2 5 ; 9
20140718071: 1 4 6 ; 11
20140718072: 2 3 6 ; 11
20140718073: 2 4 5 ; 11
20140718074: 1 1 5 ; 7
20140718075: 3 3 6 ; 12
20140718076: 3 6 6 ; 15
20140718077: 2 3 6 ; 11
20140718078: 3 4 5 ; 12
