20140328001: 4 4 6 ; 14
20140328002: 2 3 6 ; 11
20140328003: 1 4 6 ; 11
20140328004: 2 3 6 ; 11
20140328005: 2 2 2 ; 6
20140328006: 1 3 6 ; 10
20140328007: 1 1 3 ; 5
20140328008: 1 2 3 ; 6
20140328009: 2 5 5 ; 12
20140328010: 2 3 6 ; 11
20140328011: 2 5 5 ; 12
20140328012: 3 4 6 ; 13
20140328013: 2 6 6 ; 14
20140328014: 1 4 6 ; 11
20140328015: 3 3 5 ; 11
20140328016: 2 4 5 ; 11
20140328017: 2 3 3 ; 8
20140328018: 3 6 6 ; 15
20140328019: 2 2 3 ; 7
20140328020: 1 1 6 ; 8
20140328021: 1 2 2 ; 5
20140328022: 1 2 6 ; 9
20140328023: 4 5 5 ; 14
20140328024: 2 2 6 ; 10
20140328025: 5 6 6 ; 17
20140328026: 2 4 4 ; 10
20140328027: 3 5 6 ; 14
20140328028: 3 4 5 ; 12
20140328029: 4 6 6 ; 16
20140328030: 1 1 6 ; 8
20140328031: 1 3 6 ; 10
20140328032: 2 4 5 ; 11
20140328033: 1 2 5 ; 8
20140328034: 4 5 6 ; 15
20140328035: 3 3 6 ; 12
20140328036: 1 1 3 ; 5
20140328037: 1 4 6 ; 11
20140328038: 4 5 6 ; 15
20140328039: 1 1 5 ; 7
20140328040: 1 1 5 ; 7
20140328041: 1 4 6 ; 11
20140328042: 1 4 4 ; 9
20140328043: 1 2 3 ; 6
20140328044: 1 3 5 ; 9
20140328045: 4 4 5 ; 13
20140328046: 1 4 4 ; 9
20140328047: 1 3 5 ; 9
20140328048: 1 1 3 ; 5
20140328049: 2 5 5 ; 12
20140328050: 1 3 6 ; 10
20140328051: 1 3 4 ; 8
20140328052: 2 5 6 ; 13
20140328053: 1 3 4 ; 8
20140328054: 1 1 4 ; 6
20140328055: 1 3 4 ; 8
20140328056: 1 4 6 ; 11
20140328057: 1 2 2 ; 5
20140328058: 3 4 5 ; 12
20140328059: 3 5 6 ; 14
20140328060: 2 6 6 ; 14
20140328061: 3 4 4 ; 11
20140328062: 1 1 4 ; 6
20140328063: 1 1 5 ; 7
20140328064: 1 2 5 ; 8
20140328065: 2 2 3 ; 7
20140328066: 1 1 5 ; 7
20140328067: 3 4 6 ; 13
20140328068: 2 4 6 ; 12
20140328069: 2 3 4 ; 9
20140328070: 2 2 5 ; 9
20140328071: 1 4 5 ; 10
20140328072: 1 3 4 ; 8
20140328073: 4 4 5 ; 13
20140328074: 3 4 4 ; 11
20140328075: 3 6 6 ; 15
20140328076: 1 3 5 ; 9
20140328077: 1 4 4 ; 9
20140328078: 2 4 4 ; 10
