20140223001: 1 5 5 ; 11
20140223002: 1 5 5 ; 11
20140223003: 1 4 6 ; 11
20140223004: 2 3 5 ; 10
20140223005: 2 4 6 ; 12
20140223006: 3 5 6 ; 14
20140223007: 1 1 2 ; 4
20140223008: 1 4 5 ; 10
20140223009: 2 2 3 ; 7
20140223010: 1 1 3 ; 5
20140223011: 1 2 4 ; 7
20140223012: 1 2 5 ; 8
20140223013: 2 5 6 ; 13
20140223014: 1 2 6 ; 9
20140223015: 1 5 6 ; 12
20140223016: 1 3 5 ; 9
20140223017: 1 2 4 ; 7
20140223018: 3 3 3 ; 9
20140223019: 3 4 5 ; 12
20140223020: 1 3 4 ; 8
20140223021: 1 3 4 ; 8
20140223022: 1 3 5 ; 9
20140223023: 2 4 5 ; 11
20140223024: 1 2 5 ; 8
20140223025: 1 2 4 ; 7
20140223026: 3 3 6 ; 12
20140223027: 2 3 4 ; 9
20140223028: 2 2 5 ; 9
20140223029: 4 5 5 ; 14
20140223030: 1 1 1 ; 3
20140223031: 4 4 4 ; 12
20140223032: 1 2 5 ; 8
20140223033: 2 3 5 ; 10
20140223034: 1 4 6 ; 11
20140223035: 2 2 6 ; 10
20140223036: 1 5 5 ; 11
20140223037: 2 3 3 ; 8
20140223038: 1 1 3 ; 5
20140223039: 1 3 5 ; 9
20140223040: 2 3 6 ; 11
20140223041: 3 3 3 ; 9
20140223042: 1 2 3 ; 6
20140223043: 3 5 6 ; 14
20140223044: 2 5 5 ; 12
20140223045: 2 5 6 ; 13
20140223046: 3 5 6 ; 14
20140223047: 3 3 4 ; 10
20140223048: 4 5 6 ; 15
20140223049: 1 2 4 ; 7
20140223050: 4 4 5 ; 13
20140223051: 2 4 6 ; 12
20140223052: 3 4 6 ; 13
20140223053: 2 3 6 ; 11
20140223054: 1 2 6 ; 9
20140223055: 3 3 4 ; 10
20140223056: 2 2 2 ; 6
20140223057: 2 5 6 ; 13
20140223058: 2 4 5 ; 11
20140223059: 3 4 6 ; 13
20140223060: 2 5 6 ; 13
20140223061: 3 4 5 ; 12
20140223062: 2 3 4 ; 9
20140223063: 1 4 6 ; 11
20140223064: 1 2 5 ; 8
20140223065: 3 3 3 ; 9
20140223066: 1 5 6 ; 12
20140223067: 2 6 6 ; 14
20140223068: 1 2 5 ; 8
20140223069: 5 5 6 ; 16
20140223070: 2 4 5 ; 11
20140223071: 3 3 4 ; 10
20140223072: 1 4 6 ; 11
20140223073: 4 4 5 ; 13
20140223074: 1 5 6 ; 12
20140223075: 1 1 4 ; 6
20140223076: 3 4 4 ; 11
20140223077: 2 5 6 ; 13
20140223078: 1 4 6 ; 11
