20140820001: 1 1 1 ; 3
20140820002: 1 2 3 ; 6
20140820003: 1 2 3 ; 6
20140820004: 3 3 5 ; 11
20140820005: 2 3 6 ; 11
20140820006: 1 1 5 ; 7
20140820007: 1 5 6 ; 12
20140820008: 2 3 3 ; 8
20140820009: 1 2 4 ; 7
20140820010: 1 4 5 ; 10
20140820011: 1 2 2 ; 5
20140820012: 3 3 4 ; 10
20140820013: 1 1 5 ; 7
20140820014: 3 5 6 ; 14
20140820015: 1 2 2 ; 5
20140820016: 1 4 6 ; 11
20140820017: 1 6 6 ; 13
20140820018: 5 6 6 ; 17
20140820019: 2 5 6 ; 13
20140820020: 3 6 6 ; 15
20140820021: 1 4 6 ; 11
20140820022: 2 3 4 ; 9
20140820023: 4 5 5 ; 14
20140820024: 6 6 6 ; 18
20140820025: 1 4 6 ; 11
20140820026: 3 4 4 ; 11
20140820027: 3 3 4 ; 10
20140820028: 3 4 5 ; 12
20140820029: 3 4 5 ; 12
20140820030: 4 5 6 ; 15
20140820031: 3 3 6 ; 12
20140820032: 4 6 6 ; 16
20140820033: 1 3 4 ; 8
20140820034: 2 5 5 ; 12
20140820035: 2 5 6 ; 13
20140820036: 1 2 3 ; 6
20140820037: 2 4 5 ; 11
20140820038: 1 4 5 ; 10
20140820039: 2 3 5 ; 10
20140820040: 1 2 6 ; 9
20140820041: 1 4 5 ; 10
20140820042: 2 3 6 ; 11
20140820043: 1 4 4 ; 9
20140820044: 2 5 6 ; 13
20140820045: 1 2 5 ; 8
20140820046: 1 5 6 ; 12
20140820047: 1 2 6 ; 9
20140820048: 3 4 6 ; 13
20140820049: 5 5 6 ; 16
20140820050: 1 2 6 ; 9
20140820051: 2 2 4 ; 8
20140820052: 2 4 6 ; 12
20140820053: 3 4 6 ; 13
20140820054: 1 4 5 ; 10
20140820055: 1 2 4 ; 7
20140820056: 1 2 6 ; 9
20140820057: 4 5 5 ; 14
20140820058: 1 2 6 ; 9
20140820059: 1 1 3 ; 5
20140820060: 5 6 6 ; 17
20140820061: 3 4 5 ; 12
20140820062: 2 2 5 ; 9
20140820063: 2 3 4 ; 9
20140820064: 1 5 6 ; 12
20140820065: 3 3 4 ; 10
20140820066: 4 4 6 ; 14
20140820067: 1 4 4 ; 9
20140820068: 2 5 6 ; 13
20140820069: 1 2 5 ; 8
20140820070: 1 6 6 ; 13
20140820071: 4 4 6 ; 14
20140820072: 4 5 6 ; 15
20140820073: 1 3 5 ; 9
20140820074: 1 4 6 ; 11
20140820075: 2 4 5 ; 11
20140820076: 3 6 6 ; 15
20140820077: 3 3 5 ; 11
20140820078: 2 5 6 ; 13
