20140318001: 6 6 6 ; 18
20140318002: 3 4 5 ; 12
20140318003: 1 1 3 ; 5
20140318004: 4 4 5 ; 13
20140318005: 3 3 6 ; 12
20140318006: 1 2 6 ; 9
20140318007: 1 3 5 ; 9
20140318008: 3 3 4 ; 10
20140318009: 1 4 6 ; 11
20140318010: 2 4 5 ; 11
20140318011: 1 1 2 ; 4
20140318012: 1 2 5 ; 8
20140318013: 3 4 4 ; 11
20140318014: 1 4 5 ; 10
20140318015: 1 2 4 ; 7
20140318016: 1 2 4 ; 7
20140318017: 5 5 6 ; 16
20140318018: 4 5 5 ; 14
20140318019: 2 2 4 ; 8
20140318020: 2 2 4 ; 8
20140318021: 3 5 6 ; 14
20140318022: 1 3 6 ; 10
20140318023: 3 4 5 ; 12
20140318024: 2 4 4 ; 10
20140318025: 2 4 4 ; 10
20140318026: 1 2 6 ; 9
20140318027: 1 3 6 ; 10
20140318028: 1 4 6 ; 11
20140318029: 2 4 5 ; 11
20140318030: 2 2 5 ; 9
20140318031: 1 4 6 ; 11
20140318032: 2 5 6 ; 13
20140318033: 3 5 6 ; 14
20140318034: 1 1 2 ; 4
20140318035: 3 4 5 ; 12
20140318036: 1 1 3 ; 5
20140318037: 4 5 6 ; 15
20140318038: 1 2 6 ; 9
20140318039: 1 2 6 ; 9
20140318040: 1 1 4 ; 6
20140318041: 1 4 6 ; 11
20140318042: 2 4 4 ; 10
20140318043: 4 6 6 ; 16
20140318044: 1 4 5 ; 10
20140318045: 1 3 6 ; 10
20140318046: 3 3 4 ; 10
20140318047: 1 2 6 ; 9
20140318048: 4 5 6 ; 15
20140318049: 1 3 3 ; 7
20140318050: 1 2 4 ; 7
20140318051: 2 4 6 ; 12
20140318052: 5 6 6 ; 17
20140318053: 4 4 6 ; 14
20140318054: 1 2 4 ; 7
20140318055: 3 3 6 ; 12
20140318056: 1 4 5 ; 10
20140318057: 2 4 4 ; 10
20140318058: 3 4 4 ; 11
20140318059: 4 4 6 ; 14
20140318060: 4 5 6 ; 15
20140318061: 2 4 5 ; 11
20140318062: 1 4 6 ; 11
20140318063: 1 4 5 ; 10
20140318064: 2 3 4 ; 9
20140318065: 5 5 5 ; 15
20140318066: 2 4 6 ; 12
20140318067: 3 4 6 ; 13
20140318068: 2 2 5 ; 9
20140318069: 4 6 6 ; 16
20140318070: 1 2 6 ; 9
20140318071: 2 2 4 ; 8
20140318072: 2 4 5 ; 11
20140318073: 2 5 5 ; 12
20140318074: 1 5 6 ; 12
20140318075: 4 4 5 ; 13
20140318076: 1 2 6 ; 9
20140318077: 1 3 5 ; 9
20140318078: 3 3 5 ; 11
