20140825001: 1 3 6 ; 10
20140825002: 4 5 6 ; 15
20140825003: 1 2 2 ; 5
20140825004: 1 4 6 ; 11
20140825005: 3 3 4 ; 10
20140825006: 2 2 5 ; 9
20140825007: 1 3 3 ; 7
20140825008: 1 2 3 ; 6
20140825009: 3 6 6 ; 15
20140825010: 2 3 5 ; 10
20140825011: 5 6 6 ; 17
20140825012: 4 6 6 ; 16
20140825013: 3 4 5 ; 12
20140825014: 2 3 6 ; 11
20140825015: 2 4 5 ; 11
20140825016: 2 3 5 ; 10
20140825017: 2 2 4 ; 8
20140825018: 2 3 5 ; 10
20140825019: 4 4 6 ; 14
20140825020: 2 2 5 ; 9
20140825021: 4 5 6 ; 15
20140825022: 1 3 5 ; 9
20140825023: 1 1 2 ; 4
20140825024: 2 3 3 ; 8
20140825025: 1 2 3 ; 6
20140825026: 2 4 5 ; 11
20140825027: 2 4 6 ; 12
20140825028: 1 1 2 ; 4
20140825029: 3 4 5 ; 12
20140825030: 3 5 6 ; 14
20140825031: 5 5 6 ; 16
20140825032: 2 3 4 ; 9
20140825033: 1 1 5 ; 7
20140825034: 1 5 6 ; 12
20140825035: 1 2 4 ; 7
20140825036: 1 2 3 ; 6
20140825037: 2 2 5 ; 9
20140825038: 3 4 5 ; 12
20140825039: 2 3 4 ; 9
20140825040: 4 6 6 ; 16
20140825041: 5 5 6 ; 16
20140825042: 2 3 4 ; 9
20140825043: 2 4 5 ; 11
20140825044: 3 3 5 ; 11
20140825045: 1 4 6 ; 11
20140825046: 3 4 5 ; 12
20140825047: 1 2 5 ; 8
20140825048: 2 5 6 ; 13
20140825049: 1 4 6 ; 11
20140825050: 2 2 3 ; 7
20140825051: 2 3 5 ; 10
20140825052: 4 4 4 ; 12
20140825053: 3 4 5 ; 12
20140825054: 3 3 6 ; 12
20140825055: 6 6 6 ; 18
20140825056: 3 5 6 ; 14
20140825057: 4 4 4 ; 12
20140825058: 1 3 5 ; 9
20140825059: 3 4 6 ; 13
20140825060: 3 3 6 ; 12
20140825061: 3 6 6 ; 15
20140825062: 1 3 5 ; 9
20140825063: 3 4 6 ; 13
20140825064: 1 1 3 ; 5
20140825065: 1 2 5 ; 8
20140825066: 3 4 5 ; 12
20140825067: 3 3 5 ; 11
20140825068: 1 1 6 ; 8
20140825069: 1 2 5 ; 8
20140825070: 5 6 6 ; 17
20140825071: 1 4 6 ; 11
20140825072: 2 4 6 ; 12
20140825073: 4 4 5 ; 13
20140825074: 1 2 5 ; 8
20140825075: 1 6 6 ; 13
20140825076: 1 3 5 ; 9
20140825077: 3 4 6 ; 13
20140825078: 2 4 5 ; 11
