20140720001: 1 3 3 ; 7
20140720002: 1 2 5 ; 8
20140720003: 5 5 5 ; 15
20140720004: 1 5 6 ; 12
20140720005: 2 5 5 ; 12
20140720006: 2 3 5 ; 10
20140720007: 2 6 6 ; 14
20140720008: 2 5 5 ; 12
20140720009: 3 6 6 ; 15
20140720010: 1 3 6 ; 10
20140720011: 1 1 3 ; 5
20140720012: 4 5 6 ; 15
20140720013: 3 4 6 ; 13
20140720014: 1 3 5 ; 9
20140720015: 2 2 4 ; 8
20140720016: 2 4 6 ; 12
20140720017: 4 4 6 ; 14
20140720018: 4 4 6 ; 14
20140720019: 3 5 6 ; 14
20140720020: 1 4 5 ; 10
20140720021: 2 3 5 ; 10
20140720022: 2 3 3 ; 8
20140720023: 1 2 2 ; 5
20140720024: 3 6 6 ; 15
20140720025: 2 5 6 ; 13
20140720026: 1 3 3 ; 7
20140720027: 1 3 6 ; 10
20140720028: 1 3 5 ; 9
20140720029: 2 4 5 ; 11
20140720030: 1 1 2 ; 4
20140720031: 1 6 6 ; 13
20140720032: 2 3 5 ; 10
20140720033: 1 4 5 ; 10
20140720034: 2 3 4 ; 9
20140720035: 2 4 6 ; 12
20140720036: 3 4 5 ; 12
20140720037: 1 3 6 ; 10
20140720038: 4 4 6 ; 14
20140720039: 1 2 2 ; 5
20140720040: 1 4 5 ; 10
20140720041: 1 2 5 ; 8
20140720042: 3 3 4 ; 10
20140720043: 2 5 5 ; 12
20140720044: 2 3 6 ; 11
20140720045: 1 3 5 ; 9
20140720046: 2 6 6 ; 14
20140720047: 1 2 5 ; 8
20140720048: 2 5 5 ; 12
20140720049: 4 5 5 ; 14
20140720050: 1 4 5 ; 10
20140720051: 1 1 1 ; 3
20140720052: 1 2 3 ; 6
20140720053: 1 2 5 ; 8
20140720054: 2 3 3 ; 8
20140720055: 1 2 4 ; 7
20140720056: 2 3 5 ; 10
20140720057: 1 3 4 ; 8
20140720058: 2 2 4 ; 8
20140720059: 4 5 6 ; 15
20140720060: 2 5 6 ; 13
20140720061: 2 4 5 ; 11
20140720062: 1 2 2 ; 5
20140720063: 2 4 5 ; 11
20140720064: 3 3 5 ; 11
20140720065: 3 3 4 ; 10
20140720066: 1 2 3 ; 6
20140720067: 2 3 6 ; 11
20140720068: 3 4 4 ; 11
20140720069: 1 2 6 ; 9
20140720070: 1 5 6 ; 12
20140720071: 1 4 4 ; 9
20140720072: 3 5 5 ; 13
20140720073: 1 5 5 ; 11
20140720074: 2 3 5 ; 10
20140720075: 1 2 3 ; 6
20140720076: 3 4 6 ; 13
20140720077: 1 2 4 ; 7
20140720078: 1 1 3 ; 5
