20140806001: 3 4 4 ; 11
20140806002: 1 3 6 ; 10
20140806003: 3 5 6 ; 14
20140806004: 2 3 6 ; 11
20140806005: 1 3 5 ; 9
20140806006: 2 6 6 ; 14
20140806007: 1 5 6 ; 12
20140806008: 1 5 5 ; 11
20140806009: 5 6 6 ; 17
20140806010: 1 1 5 ; 7
20140806011: 2 5 6 ; 13
20140806012: 1 2 5 ; 8
20140806013: 2 4 5 ; 11
20140806014: 1 2 4 ; 7
20140806015: 2 2 6 ; 10
20140806016: 1 4 5 ; 10
20140806017: 3 3 5 ; 11
20140806018: 1 2 3 ; 6
20140806019: 2 2 4 ; 8
20140806020: 2 4 5 ; 11
20140806021: 1 2 4 ; 7
20140806022: 3 4 6 ; 13
20140806023: 5 5 6 ; 16
20140806024: 2 4 5 ; 11
20140806025: 1 3 5 ; 9
20140806026: 3 3 5 ; 11
20140806027: 3 4 5 ; 12
20140806028: 1 2 2 ; 5
20140806029: 2 4 5 ; 11
20140806030: 2 4 5 ; 11
20140806031: 2 6 6 ; 14
20140806032: 4 6 6 ; 16
20140806033: 1 4 5 ; 10
20140806034: 2 2 6 ; 10
20140806035: 2 3 4 ; 9
20140806036: 3 4 6 ; 13
20140806037: 1 1 5 ; 7
20140806038: 1 2 6 ; 9
20140806039: 4 5 5 ; 14
20140806040: 4 4 6 ; 14
20140806041: 3 4 6 ; 13
20140806042: 2 5 6 ; 13
20140806043: 1 5 6 ; 12
20140806044: 1 3 5 ; 9
20140806045: 1 3 5 ; 9
20140806046: 2 3 3 ; 8
20140806047: 4 5 6 ; 15
20140806048: 1 1 5 ; 7
20140806049: 3 3 5 ; 11
20140806050: 2 3 5 ; 10
20140806051: 1 6 6 ; 13
20140806052: 1 4 6 ; 11
20140806053: 2 4 6 ; 12
20140806054: 3 4 6 ; 13
20140806055: 2 2 6 ; 10
20140806056: 1 2 4 ; 7
20140806057: 2 4 5 ; 11
20140806058: 3 4 6 ; 13
20140806059: 1 1 6 ; 8
20140806060: 3 6 6 ; 15
20140806061: 4 4 4 ; 12
20140806062: 1 2 6 ; 9
20140806063: 2 4 5 ; 11
20140806064: 1 2 6 ; 9
20140806065: 2 3 4 ; 9
20140806066: 2 3 4 ; 9
20140806067: 2 2 5 ; 9
20140806068: 2 2 6 ; 10
20140806069: 3 6 6 ; 15
20140806070: 3 3 5 ; 11
20140806071: 2 2 4 ; 8
20140806072: 3 4 6 ; 13
20140806073: 3 3 4 ; 10
20140806074: 2 4 5 ; 11
20140806075: 3 5 6 ; 14
20140806076: 1 5 6 ; 12
20140806077: 2 2 6 ; 10
20140806078: 2 3 5 ; 10
