20140609001: 1 2 4 ; 7
20140609002: 1 1 2 ; 4
20140609003: 2 3 3 ; 8
20140609004: 5 5 6 ; 16
20140609005: 1 3 3 ; 7
20140609006: 2 4 6 ; 12
20140609007: 1 3 3 ; 7
20140609008: 3 3 4 ; 10
20140609009: 4 4 6 ; 14
20140609010: 2 5 6 ; 13
20140609011: 1 1 6 ; 8
20140609012: 4 5 6 ; 15
20140609013: 2 5 6 ; 13
20140609014: 2 3 6 ; 11
20140609015: 2 3 5 ; 10
20140609016: 1 4 5 ; 10
20140609017: 1 6 6 ; 13
20140609018: 3 5 5 ; 13
20140609019: 2 5 6 ; 13
20140609020: 5 5 5 ; 15
20140609021: 1 4 6 ; 11
20140609022: 4 4 6 ; 14
20140609023: 3 4 6 ; 13
20140609024: 2 4 6 ; 12
20140609025: 1 5 6 ; 12
20140609026: 2 3 3 ; 8
20140609027: 1 1 4 ; 6
20140609028: 2 2 6 ; 10
20140609029: 1 2 5 ; 8
20140609030: 2 4 6 ; 12
20140609031: 3 5 6 ; 14
20140609032: 3 5 6 ; 14
20140609033: 2 5 6 ; 13
20140609034: 3 4 6 ; 13
20140609035: 3 3 6 ; 12
20140609036: 2 3 5 ; 10
20140609037: 1 4 5 ; 10
20140609038: 1 3 6 ; 10
20140609039: 4 4 5 ; 13
20140609040: 1 2 4 ; 7
20140609041: 3 5 6 ; 14
20140609042: 2 2 6 ; 10
20140609043: 3 4 4 ; 11
20140609044: 3 3 4 ; 10
20140609045: 3 4 6 ; 13
20140609046: 3 3 6 ; 12
20140609047: 1 2 3 ; 6
20140609048: 1 1 3 ; 5
20140609049: 1 2 2 ; 5
20140609050: 1 3 6 ; 10
20140609051: 2 3 6 ; 11
20140609052: 1 4 5 ; 10
20140609053: 1 3 4 ; 8
20140609054: 1 3 6 ; 10
20140609055: 1 1 5 ; 7
20140609056: 3 3 6 ; 12
20140609057: 4 5 6 ; 15
20140609058: 1 2 3 ; 6
20140609059: 4 5 6 ; 15
20140609060: 1 6 6 ; 13
20140609061: 1 5 6 ; 12
20140609062: 2 3 5 ; 10
20140609063: 1 6 6 ; 13
20140609064: 5 6 6 ; 17
20140609065: 2 4 6 ; 12
20140609066: 4 5 6 ; 15
20140609067: 3 5 6 ; 14
20140609068: 3 3 4 ; 10
20140609069: 2 5 5 ; 12
20140609070: 3 4 5 ; 12
20140609071: 2 2 3 ; 7
20140609072: 4 6 6 ; 16
20140609073: 1 5 6 ; 12
20140609074: 2 3 6 ; 11
20140609075: 2 5 5 ; 12
20140609076: 3 3 5 ; 11
20140609077: 2 2 5 ; 9
20140609078: 4 4 4 ; 12
