20140103001: 2 3 5 ; 10
20140103002: 5 6 6 ; 17
20140103003: 1 1 4 ; 6
20140103004: 2 4 6 ; 12
20140103005: 2 4 4 ; 10
20140103006: 3 6 6 ; 15
20140103007: 1 3 4 ; 8
20140103008: 3 3 4 ; 10
20140103009: 2 3 4 ; 9
20140103010: 1 4 5 ; 10
20140103011: 1 4 5 ; 10
20140103012: 3 5 6 ; 14
20140103013: 2 6 6 ; 14
20140103014: 1 1 4 ; 6
20140103015: 2 5 6 ; 13
20140103016: 3 4 5 ; 12
20140103017: 2 3 6 ; 11
20140103018: 1 2 2 ; 5
20140103019: 4 5 6 ; 15
20140103020: 1 5 5 ; 11
20140103021: 3 4 5 ; 12
20140103022: 2 4 5 ; 11
20140103023: 2 3 3 ; 8
20140103024: 1 1 2 ; 4
20140103025: 1 2 6 ; 9
20140103026: 2 4 5 ; 11
20140103027: 1 5 5 ; 11
20140103028: 3 4 6 ; 13
20140103029: 1 3 6 ; 10
20140103030: 5 5 6 ; 16
20140103031: 1 2 4 ; 7
20140103032: 3 6 6 ; 15
20140103033: 2 2 6 ; 10
20140103034: 1 3 5 ; 9
20140103035: 2 3 4 ; 9
20140103036: 3 6 6 ; 15
20140103037: 2 5 5 ; 12
20140103038: 1 4 5 ; 10
20140103039: 1 1 6 ; 8
20140103040: 2 3 6 ; 11
20140103041: 2 5 6 ; 13
20140103042: 1 1 6 ; 8
20140103043: 2 4 6 ; 12
20140103044: 1 4 5 ; 10
20140103045: 2 2 4 ; 8
20140103046: 4 6 6 ; 16
20140103047: 2 4 5 ; 11
20140103048: 4 5 6 ; 15
20140103049: 2 4 4 ; 10
20140103050: 1 2 2 ; 5
20140103051: 1 4 5 ; 10
20140103052: 3 4 5 ; 12
20140103053: 2 3 5 ; 10
20140103054: 3 4 4 ; 11
20140103055: 1 3 5 ; 9
20140103056: 4 6 6 ; 16
20140103057: 2 3 6 ; 11
20140103058: 3 6 6 ; 15
20140103059: 1 1 4 ; 6
20140103060: 2 2 5 ; 9
20140103061: 1 3 6 ; 10
20140103062: 4 4 6 ; 14
20140103063: 4 5 6 ; 15
20140103064: 3 5 6 ; 14
20140103065: 1 4 6 ; 11
20140103066: 2 3 6 ; 11
20140103067: 2 2 6 ; 10
20140103068: 1 1 3 ; 5
20140103069: 3 3 4 ; 10
20140103070: 1 4 5 ; 10
20140103071: 4 4 5 ; 13
20140103072: 2 5 5 ; 12
20140103073: 1 4 6 ; 11
20140103074: 1 6 6 ; 13
20140103075: 1 2 4 ; 7
20140103076: 2 4 5 ; 11
20140103077: 1 4 6 ; 11
20140103078: 3 5 6 ; 14
