20140712001: 2 3 4 ; 9
20140712002: 2 2 3 ; 7
20140712003: 1 2 6 ; 9
20140712004: 1 2 5 ; 8
20140712005: 2 2 3 ; 7
20140712006: 2 2 4 ; 8
20140712007: 2 3 6 ; 11
20140712008: 1 2 2 ; 5
20140712009: 2 4 6 ; 12
20140712010: 1 4 5 ; 10
20140712011: 2 5 5 ; 12
20140712012: 1 3 5 ; 9
20140712013: 2 3 6 ; 11
20140712014: 2 3 5 ; 10
20140712015: 4 5 5 ; 14
20140712016: 4 4 6 ; 14
20140712017: 4 6 6 ; 16
20140712018: 2 3 6 ; 11
20140712019: 5 5 5 ; 15
20140712020: 2 2 3 ; 7
20140712021: 1 5 5 ; 11
20140712022: 2 2 4 ; 8
20140712023: 1 5 5 ; 11
20140712024: 4 4 6 ; 14
20140712025: 1 1 6 ; 8
20140712026: 1 3 4 ; 8
20140712027: 1 1 6 ; 8
20140712028: 3 4 4 ; 11
20140712029: 2 5 6 ; 13
20140712030: 2 2 4 ; 8
20140712031: 2 6 6 ; 14
20140712032: 1 4 5 ; 10
20140712033: 3 3 4 ; 10
20140712034: 1 1 4 ; 6
20140712035: 3 5 6 ; 14
20140712036: 4 6 6 ; 16
20140712037: 1 4 4 ; 9
20140712038: 2 5 6 ; 13
20140712039: 2 2 4 ; 8
20140712040: 1 1 5 ; 7
20140712041: 3 4 5 ; 12
20140712042: 3 4 6 ; 13
20140712043: 2 3 3 ; 8
20140712044: 1 2 4 ; 7
20140712045: 4 5 6 ; 15
20140712046: 4 5 6 ; 15
20140712047: 1 3 6 ; 10
20140712048: 1 2 4 ; 7
20140712049: 1 2 5 ; 8
20140712050: 1 3 6 ; 10
20140712051: 4 4 6 ; 14
20140712052: 2 3 4 ; 9
20140712053: 2 3 5 ; 10
20140712054: 4 5 6 ; 15
20140712055: 1 3 4 ; 8
20140712056: 2 3 5 ; 10
20140712057: 1 6 6 ; 13
20140712058: 2 6 6 ; 14
20140712059: 3 4 5 ; 12
20140712060: 2 3 6 ; 11
20140712061: 4 4 4 ; 12
20140712062: 2 2 5 ; 9
20140712063: 2 5 6 ; 13
20140712064: 2 3 5 ; 10
20140712065: 4 4 5 ; 13
20140712066: 1 4 5 ; 10
20140712067: 3 4 6 ; 13
20140712068: 2 4 6 ; 12
20140712069: 1 2 2 ; 5
20140712070: 1 3 4 ; 8
20140712071: 1 1 2 ; 4
20140712072: 1 2 3 ; 6
20140712073: 1 2 5 ; 8
20140712074: 3 5 6 ; 14
20140712075: 1 1 6 ; 8
20140712076: 1 4 5 ; 10
20140712077: 1 2 3 ; 6
20140712078: 1 2 5 ; 8
