20140513001: 3 3 5 ; 11
20140513002: 2 3 5 ; 10
20140513003: 1 2 5 ; 8
20140513004: 3 4 5 ; 12
20140513005: 2 4 4 ; 10
20140513006: 2 5 5 ; 12
20140513007: 3 3 4 ; 10
20140513008: 4 5 6 ; 15
20140513009: 1 2 4 ; 7
20140513010: 1 1 6 ; 8
20140513011: 1 2 6 ; 9
20140513012: 3 3 6 ; 12
20140513013: 2 3 5 ; 10
20140513014: 4 6 6 ; 16
20140513015: 3 5 6 ; 14
20140513016: 3 5 6 ; 14
20140513017: 2 4 6 ; 12
20140513018: 1 5 5 ; 11
20140513019: 1 2 6 ; 9
20140513020: 3 3 4 ; 10
20140513021: 2 5 5 ; 12
20140513022: 1 6 6 ; 13
20140513023: 2 3 5 ; 10
20140513024: 2 3 3 ; 8
20140513025: 3 4 5 ; 12
20140513026: 2 3 4 ; 9
20140513027: 3 5 6 ; 14
20140513028: 2 3 6 ; 11
20140513029: 1 1 2 ; 4
20140513030: 1 1 4 ; 6
20140513031: 1 6 6 ; 13
20140513032: 1 4 5 ; 10
20140513033: 1 2 5 ; 8
20140513034: 2 4 5 ; 11
20140513035: 1 1 3 ; 5
20140513036: 1 1 5 ; 7
20140513037: 2 4 6 ; 12
20140513038: 3 3 6 ; 12
20140513039: 1 2 5 ; 8
20140513040: 3 4 4 ; 11
20140513041: 1 5 6 ; 12
20140513042: 1 2 3 ; 6
20140513043: 3 3 6 ; 12
20140513044: 1 3 5 ; 9
20140513045: 1 2 3 ; 6
20140513046: 1 5 5 ; 11
20140513047: 3 3 3 ; 9
20140513048: 2 4 6 ; 12
20140513049: 1 4 5 ; 10
20140513050: 2 3 4 ; 9
20140513051: 1 1 3 ; 5
20140513052: 3 4 6 ; 13
20140513053: 1 2 5 ; 8
20140513054: 1 2 3 ; 6
20140513055: 1 1 6 ; 8
20140513056: 4 6 6 ; 16
20140513057: 3 4 5 ; 12
20140513058: 5 6 6 ; 17
20140513059: 3 3 4 ; 10
20140513060: 1 4 6 ; 11
20140513061: 2 4 5 ; 11
20140513062: 1 1 1 ; 3
20140513063: 4 6 6 ; 16
20140513064: 5 5 6 ; 16
20140513065: 1 3 5 ; 9
20140513066: 1 4 5 ; 10
20140513067: 2 5 6 ; 13
20140513068: 1 4 4 ; 9
20140513069: 3 5 6 ; 14
20140513070: 1 2 6 ; 9
20140513071: 1 2 3 ; 6
20140513072: 2 3 5 ; 10
20140513073: 1 3 4 ; 8
20140513074: 1 2 5 ; 8
20140513075: 2 3 4 ; 9
20140513076: 1 6 6 ; 13
20140513077: 1 2 6 ; 9
20140513078: 1 2 3 ; 6
