20140502001: 3 5 5 ; 13
20140502002: 3 3 5 ; 11
20140502003: 2 5 5 ; 12
20140502004: 2 4 5 ; 11
20140502005: 2 3 6 ; 11
20140502006: 4 5 6 ; 15
20140502007: 3 5 6 ; 14
20140502008: 1 3 6 ; 10
20140502009: 2 3 5 ; 10
20140502010: 1 4 6 ; 11
20140502011: 3 4 6 ; 13
20140502012: 2 4 4 ; 10
20140502013: 1 3 4 ; 8
20140502014: 1 4 6 ; 11
20140502015: 2 2 5 ; 9
20140502016: 3 3 6 ; 12
20140502017: 1 3 5 ; 9
20140502018: 1 3 6 ; 10
20140502019: 1 6 6 ; 13
20140502020: 1 4 6 ; 11
20140502021: 2 3 5 ; 10
20140502022: 1 2 6 ; 9
20140502023: 4 5 6 ; 15
20140502024: 2 4 4 ; 10
20140502025: 4 5 6 ; 15
20140502026: 5 5 6 ; 16
20140502027: 1 5 6 ; 12
20140502028: 3 3 6 ; 12
20140502029: 1 1 3 ; 5
20140502030: 1 4 6 ; 11
20140502031: 1 3 3 ; 7
20140502032: 2 3 4 ; 9
20140502033: 1 2 5 ; 8
20140502034: 3 5 6 ; 14
20140502035: 2 2 4 ; 8
20140502036: 1 4 6 ; 11
20140502037: 1 2 6 ; 9
20140502038: 1 1 3 ; 5
20140502039: 1 1 1 ; 3
20140502040: 1 2 5 ; 8
20140502041: 3 4 5 ; 12
20140502042: 1 5 6 ; 12
20140502043: 5 5 6 ; 16
20140502044: 2 5 5 ; 12
20140502045: 1 3 5 ; 9
20140502046: 2 5 5 ; 12
20140502047: 1 1 5 ; 7
20140502048: 3 5 6 ; 14
20140502049: 2 2 6 ; 10
20140502050: 3 6 6 ; 15
20140502051: 3 5 6 ; 14
20140502052: 1 5 6 ; 12
20140502053: 2 3 5 ; 10
20140502054: 1 2 6 ; 9
20140502055: 1 3 5 ; 9
20140502056: 4 6 6 ; 16
20140502057: 1 3 6 ; 10
20140502058: 2 3 6 ; 11
20140502059: 1 2 3 ; 6
20140502060: 3 4 6 ; 13
20140502061: 1 2 5 ; 8
20140502062: 2 4 5 ; 11
20140502063: 2 2 6 ; 10
20140502064: 2 2 4 ; 8
20140502065: 1 1 1 ; 3
20140502066: 5 6 6 ; 17
20140502067: 1 4 4 ; 9
20140502068: 2 4 4 ; 10
20140502069: 4 5 5 ; 14
20140502070: 2 2 4 ; 8
20140502071: 1 2 2 ; 5
20140502072: 1 3 6 ; 10
20140502073: 2 2 3 ; 7
20140502074: 3 5 6 ; 14
20140502075: 1 4 5 ; 10
20140502076: 1 4 6 ; 11
20140502077: 1 5 6 ; 12
20140502078: 3 4 6 ; 13
