20140625001: 1 4 6 ; 11
20140625002: 1 5 6 ; 12
20140625003: 3 3 6 ; 12
20140625004: 1 2 2 ; 5
20140625005: 1 3 4 ; 8
20140625006: 1 2 4 ; 7
20140625007: 1 3 5 ; 9
20140625008: 3 4 6 ; 13
20140625009: 1 4 5 ; 10
20140625010: 1 2 6 ; 9
20140625011: 3 4 6 ; 13
20140625012: 5 6 6 ; 17
20140625013: 5 5 6 ; 16
20140625014: 1 2 6 ; 9
20140625015: 1 2 3 ; 6
20140625016: 3 3 4 ; 10
20140625017: 1 5 6 ; 12
20140625018: 1 2 4 ; 7
20140625019: 2 3 5 ; 10
20140625020: 6 6 6 ; 18
20140625021: 2 4 6 ; 12
20140625022: 1 3 5 ; 9
20140625023: 2 5 6 ; 13
20140625024: 5 5 6 ; 16
20140625025: 2 3 4 ; 9
20140625026: 2 4 5 ; 11
20140625027: 4 5 6 ; 15
20140625028: 3 4 6 ; 13
20140625029: 1 1 2 ; 4
20140625030: 2 3 5 ; 10
20140625031: 3 4 4 ; 11
20140625032: 1 4 6 ; 11
20140625033: 1 5 6 ; 12
20140625034: 2 4 4 ; 10
20140625035: 4 4 5 ; 13
20140625036: 2 6 6 ; 14
20140625037: 1 5 6 ; 12
20140625038: 1 5 6 ; 12
20140625039: 3 3 5 ; 11
20140625040: 1 2 6 ; 9
20140625041: 3 4 6 ; 13
20140625042: 1 2 6 ; 9
20140625043: 3 3 5 ; 11
20140625044: 1 3 4 ; 8
20140625045: 3 4 5 ; 12
20140625046: 1 4 4 ; 9
20140625047: 2 3 6 ; 11
20140625048: 2 3 5 ; 10
20140625049: 1 5 6 ; 12
20140625050: 2 5 5 ; 12
20140625051: 1 3 6 ; 10
20140625052: 1 6 6 ; 13
20140625053: 2 2 6 ; 10
20140625054: 2 4 6 ; 12
20140625055: 2 2 5 ; 9
20140625056: 2 4 4 ; 10
20140625057: 1 3 5 ; 9
20140625058: 1 3 5 ; 9
20140625059: 2 2 3 ; 7
20140625060: 3 3 4 ; 10
20140625061: 1 2 5 ; 8
20140625062: 4 4 5 ; 13
20140625063: 2 3 4 ; 9
20140625064: 1 1 4 ; 6
20140625065: 2 4 6 ; 12
20140625066: 1 3 6 ; 10
20140625067: 3 4 5 ; 12
20140625068: 1 2 3 ; 6
20140625069: 1 3 4 ; 8
20140625070: 2 4 4 ; 10
20140625071: 2 3 6 ; 11
20140625072: 2 4 6 ; 12
20140625073: 2 2 3 ; 7
20140625074: 3 4 6 ; 13
20140625075: 3 5 6 ; 14
20140625076: 1 2 6 ; 9
20140625077: 1 2 6 ; 9
20140625078: 4 5 6 ; 15
