20140123001: 2 2 6 ; 10
20140123002: 1 1 3 ; 5
20140123003: 3 3 3 ; 9
20140123004: 4 5 6 ; 15
20140123005: 1 3 5 ; 9
20140123006: 2 3 6 ; 11
20140123007: 4 4 6 ; 14
20140123008: 2 4 6 ; 12
20140123009: 1 2 2 ; 5
20140123010: 3 4 5 ; 12
20140123011: 2 3 4 ; 9
20140123012: 3 6 6 ; 15
20140123013: 3 3 4 ; 10
20140123014: 1 1 2 ; 4
20140123015: 4 4 6 ; 14
20140123016: 3 4 6 ; 13
20140123017: 2 2 6 ; 10
20140123018: 2 3 6 ; 11
20140123019: 1 3 3 ; 7
20140123020: 1 5 6 ; 12
20140123021: 4 5 6 ; 15
20140123022: 2 4 5 ; 11
20140123023: 4 6 6 ; 16
20140123024: 1 5 6 ; 12
20140123025: 4 5 6 ; 15
20140123026: 1 4 6 ; 11
20140123027: 1 3 5 ; 9
20140123028: 1 2 2 ; 5
20140123029: 3 5 6 ; 14
20140123030: 2 3 5 ; 10
20140123031: 1 2 3 ; 6
20140123032: 2 3 5 ; 10
20140123033: 3 5 5 ; 13
20140123034: 1 3 3 ; 7
20140123035: 4 4 5 ; 13
20140123036: 1 2 6 ; 9
20140123037: 1 1 2 ; 4
20140123038: 1 1 6 ; 8
20140123039: 3 4 5 ; 12
20140123040: 3 4 4 ; 11
20140123041: 1 1 6 ; 8
20140123042: 1 3 6 ; 10
20140123043: 1 2 5 ; 8
20140123044: 1 2 3 ; 6
20140123045: 1 1 1 ; 3
20140123046: 4 4 5 ; 13
20140123047: 3 3 6 ; 12
20140123048: 1 2 5 ; 8
20140123049: 3 4 4 ; 11
20140123050: 1 3 3 ; 7
20140123051: 2 5 6 ; 13
20140123052: 1 4 6 ; 11
20140123053: 1 3 3 ; 7
20140123054: 2 2 6 ; 10
20140123055: 1 5 6 ; 12
20140123056: 1 3 6 ; 10
20140123057: 2 5 6 ; 13
20140123058: 1 2 3 ; 6
20140123059: 1 6 6 ; 13
20140123060: 4 5 6 ; 15
20140123061: 1 3 3 ; 7
20140123062: 1 3 5 ; 9
20140123063: 1 2 3 ; 6
20140123064: 2 3 5 ; 10
20140123065: 1 2 4 ; 7
20140123066: 1 1 3 ; 5
20140123067: 3 5 6 ; 14
20140123068: 1 2 2 ; 5
20140123069: 1 1 5 ; 7
20140123070: 1 1 2 ; 4
20140123071: 2 3 4 ; 9
20140123072: 3 6 6 ; 15
20140123073: 4 5 6 ; 15
20140123074: 1 4 5 ; 10
20140123075: 4 5 5 ; 14
20140123076: 1 2 2 ; 5
20140123077: 4 4 5 ; 13
20140123078: 2 3 6 ; 11
