20140403001: 2 4 6 ; 12
20140403002: 1 4 6 ; 11
20140403003: 2 2 6 ; 10
20140403004: 1 3 6 ; 10
20140403005: 4 5 6 ; 15
20140403006: 3 5 6 ; 14
20140403007: 1 3 5 ; 9
20140403008: 2 3 6 ; 11
20140403009: 2 6 6 ; 14
20140403010: 4 4 6 ; 14
20140403011: 1 1 6 ; 8
20140403012: 1 4 5 ; 10
20140403013: 2 5 6 ; 13
20140403014: 4 5 5 ; 14
20140403015: 4 4 5 ; 13
20140403016: 1 1 5 ; 7
20140403017: 2 5 6 ; 13
20140403018: 1 2 6 ; 9
20140403019: 2 3 5 ; 10
20140403020: 3 4 5 ; 12
20140403021: 1 2 5 ; 8
20140403022: 1 5 6 ; 12
20140403023: 1 2 2 ; 5
20140403024: 3 4 6 ; 13
20140403025: 3 4 6 ; 13
20140403026: 3 5 5 ; 13
20140403027: 1 4 6 ; 11
20140403028: 6 6 6 ; 18
20140403029: 1 4 5 ; 10
20140403030: 3 6 6 ; 15
20140403031: 3 6 6 ; 15
20140403032: 2 4 4 ; 10
20140403033: 2 4 6 ; 12
20140403034: 1 2 6 ; 9
20140403035: 1 2 6 ; 9
20140403036: 2 4 6 ; 12
20140403037: 3 5 6 ; 14
20140403038: 2 3 6 ; 11
20140403039: 2 2 5 ; 9
20140403040: 2 4 6 ; 12
20140403041: 1 2 2 ; 5
20140403042: 4 4 5 ; 13
20140403043: 1 4 6 ; 11
20140403044: 3 6 6 ; 15
20140403045: 2 3 5 ; 10
20140403046: 1 3 5 ; 9
20140403047: 1 4 5 ; 10
20140403048: 2 2 4 ; 8
20140403049: 1 2 3 ; 6
20140403050: 2 2 2 ; 6
20140403051: 2 4 4 ; 10
20140403052: 1 3 3 ; 7
20140403053: 2 4 6 ; 12
20140403054: 4 5 6 ; 15
20140403055: 1 4 6 ; 11
20140403056: 1 5 6 ; 12
20140403057: 3 5 5 ; 13
20140403058: 2 3 5 ; 10
20140403059: 3 5 6 ; 14
20140403060: 1 1 4 ; 6
20140403061: 1 5 6 ; 12
20140403062: 1 1 2 ; 4
20140403063: 1 2 3 ; 6
20140403064: 1 1 6 ; 8
20140403065: 1 5 6 ; 12
20140403066: 1 3 6 ; 10
20140403067: 1 4 4 ; 9
20140403068: 1 1 2 ; 4
20140403069: 2 6 6 ; 14
20140403070: 1 2 6 ; 9
20140403071: 1 3 6 ; 10
20140403072: 4 5 5 ; 14
20140403073: 3 5 5 ; 13
20140403074: 4 5 5 ; 14
20140403075: 2 3 3 ; 8
20140403076: 3 3 5 ; 11
20140403077: 1 1 5 ; 7
20140403078: 2 3 4 ; 9
