20140302001: 1 1 4 ; 6
20140302002: 2 5 6 ; 13
20140302003: 2 3 4 ; 9
20140302004: 1 3 5 ; 9
20140302005: 4 5 6 ; 15
20140302006: 2 3 4 ; 9
20140302007: 2 5 6 ; 13
20140302008: 3 5 6 ; 14
20140302009: 3 4 5 ; 12
20140302010: 1 2 4 ; 7
20140302011: 1 2 4 ; 7
20140302012: 1 2 4 ; 7
20140302013: 4 4 6 ; 14
20140302014: 4 4 5 ; 13
20140302015: 3 5 6 ; 14
20140302016: 6 6 6 ; 18
20140302017: 3 3 4 ; 10
20140302018: 1 2 4 ; 7
20140302019: 4 6 6 ; 16
20140302020: 2 5 6 ; 13
20140302021: 1 2 3 ; 6
20140302022: 1 3 6 ; 10
20140302023: 2 4 5 ; 11
20140302024: 1 2 3 ; 6
20140302025: 2 4 6 ; 12
20140302026: 3 4 4 ; 11
20140302027: 6 6 6 ; 18
20140302028: 1 2 2 ; 5
20140302029: 1 2 3 ; 6
20140302030: 3 4 6 ; 13
20140302031: 3 4 4 ; 11
20140302032: 1 3 6 ; 10
20140302033: 3 3 6 ; 12
20140302034: 3 6 6 ; 15
20140302035: 1 2 5 ; 8
20140302036: 2 5 6 ; 13
20140302037: 4 4 5 ; 13
20140302038: 1 1 5 ; 7
20140302039: 1 6 6 ; 13
20140302040: 1 2 2 ; 5
20140302041: 1 3 4 ; 8
20140302042: 3 4 5 ; 12
20140302043: 3 4 5 ; 12
20140302044: 1 2 6 ; 9
20140302045: 1 1 3 ; 5
20140302046: 1 4 4 ; 9
20140302047: 2 2 4 ; 8
20140302048: 4 5 6 ; 15
20140302049: 3 4 4 ; 11
20140302050: 2 3 6 ; 11
20140302051: 4 4 5 ; 13
20140302052: 3 3 4 ; 10
20140302053: 1 3 6 ; 10
20140302054: 4 6 6 ; 16
20140302055: 2 4 6 ; 12
20140302056: 2 3 4 ; 9
20140302057: 2 3 5 ; 10
20140302058: 2 4 5 ; 11
20140302059: 1 5 5 ; 11
20140302060: 1 2 6 ; 9
20140302061: 1 3 6 ; 10
20140302062: 2 3 4 ; 9
20140302063: 1 2 3 ; 6
20140302064: 3 5 5 ; 13
20140302065: 2 5 5 ; 12
20140302066: 1 3 4 ; 8
20140302067: 4 5 6 ; 15
20140302068: 1 2 3 ; 6
20140302069: 1 3 6 ; 10
20140302070: 4 5 6 ; 15
20140302071: 5 5 6 ; 16
20140302072: 3 3 5 ; 11
20140302073: 1 1 1 ; 3
20140302074: 1 2 2 ; 5
20140302075: 3 5 5 ; 13
20140302076: 5 5 5 ; 15
20140302077: 1 4 5 ; 10
20140302078: 4 6 6 ; 16
