20140416001: 3 3 6 ; 12
20140416002: 2 2 4 ; 8
20140416003: 1 5 5 ; 11
20140416004: 1 4 6 ; 11
20140416005: 1 1 2 ; 4
20140416006: 3 4 4 ; 11
20140416007: 2 3 4 ; 9
20140416008: 2 3 4 ; 9
20140416009: 1 3 6 ; 10
20140416010: 3 4 4 ; 11
20140416011: 1 4 4 ; 9
20140416012: 1 2 4 ; 7
20140416013: 2 3 6 ; 11
20140416014: 2 3 6 ; 11
20140416015: 1 2 3 ; 6
20140416016: 1 1 4 ; 6
20140416017: 1 1 5 ; 7
20140416018: 1 3 5 ; 9
20140416019: 1 4 6 ; 11
20140416020: 1 3 5 ; 9
20140416021: 5 5 6 ; 16
20140416022: 5 5 6 ; 16
20140416023: 1 1 5 ; 7
20140416024: 4 5 6 ; 15
20140416025: 1 2 4 ; 7
20140416026: 3 3 5 ; 11
20140416027: 2 3 4 ; 9
20140416028: 1 3 3 ; 7
20140416029: 2 2 3 ; 7
20140416030: 2 2 6 ; 10
20140416031: 4 5 6 ; 15
20140416032: 3 3 6 ; 12
20140416033: 5 6 6 ; 17
20140416034: 2 3 5 ; 10
20140416035: 1 3 5 ; 9
20140416036: 2 3 5 ; 10
20140416037: 2 3 4 ; 9
20140416038: 3 3 3 ; 9
20140416039: 1 2 4 ; 7
20140416040: 3 4 5 ; 12
20140416041: 2 4 6 ; 12
20140416042: 3 3 5 ; 11
20140416043: 3 6 6 ; 15
20140416044: 1 4 6 ; 11
20140416045: 2 5 6 ; 13
20140416046: 1 4 6 ; 11
20140416047: 1 1 3 ; 5
20140416048: 4 4 4 ; 12
20140416049: 3 3 3 ; 9
20140416050: 1 4 6 ; 11
20140416051: 1 2 6 ; 9
20140416052: 1 3 4 ; 8
20140416053: 2 3 4 ; 9
20140416054: 3 4 6 ; 13
20140416055: 1 4 6 ; 11
20140416056: 2 4 4 ; 10
20140416057: 1 4 5 ; 10
20140416058: 1 3 4 ; 8
20140416059: 1 3 4 ; 8
20140416060: 4 5 6 ; 15
20140416061: 1 4 5 ; 10
20140416062: 3 3 5 ; 11
20140416063: 1 5 5 ; 11
20140416064: 3 5 5 ; 13
20140416065: 4 5 5 ; 14
20140416066: 2 4 5 ; 11
20140416067: 1 2 6 ; 9
20140416068: 3 5 5 ; 13
20140416069: 1 2 6 ; 9
20140416070: 4 5 5 ; 14
20140416071: 2 3 3 ; 8
20140416072: 2 6 6 ; 14
20140416073: 1 3 6 ; 10
20140416074: 2 4 5 ; 11
20140416075: 1 4 5 ; 10
20140416076: 4 4 5 ; 13
20140416077: 1 1 2 ; 4
20140416078: 2 3 4 ; 9
