20140507001: 4 5 5 ; 14
20140507002: 3 4 6 ; 13
20140507003: 2 3 4 ; 9
20140507004: 3 4 6 ; 13
20140507005: 1 1 1 ; 3
20140507006: 4 4 5 ; 13
20140507007: 2 5 6 ; 13
20140507008: 4 6 6 ; 16
20140507009: 1 3 6 ; 10
20140507010: 1 3 5 ; 9
20140507011: 2 4 4 ; 10
20140507012: 2 4 4 ; 10
20140507013: 1 5 6 ; 12
20140507014: 1 4 5 ; 10
20140507015: 2 2 4 ; 8
20140507016: 3 4 6 ; 13
20140507017: 2 2 5 ; 9
20140507018: 2 2 4 ; 8
20140507019: 3 3 5 ; 11
20140507020: 4 6 6 ; 16
20140507021: 1 4 6 ; 11
20140507022: 1 2 5 ; 8
20140507023: 1 2 3 ; 6
20140507024: 2 4 5 ; 11
20140507025: 3 5 6 ; 14
20140507026: 1 2 5 ; 8
20140507027: 3 4 6 ; 13
20140507028: 4 5 6 ; 15
20140507029: 3 5 6 ; 14
20140507030: 1 3 6 ; 10
20140507031: 2 3 5 ; 10
20140507032: 2 4 5 ; 11
20140507033: 4 4 6 ; 14
20140507034: 1 3 6 ; 10
20140507035: 2 3 5 ; 10
20140507036: 3 5 6 ; 14
20140507037: 1 3 6 ; 10
20140507038: 1 3 6 ; 10
20140507039: 3 4 6 ; 13
20140507040: 3 4 6 ; 13
20140507041: 1 3 6 ; 10
20140507042: 1 3 4 ; 8
20140507043: 1 3 6 ; 10
20140507044: 3 6 6 ; 15
20140507045: 2 4 6 ; 12
20140507046: 2 4 5 ; 11
20140507047: 1 3 4 ; 8
20140507048: 2 4 5 ; 11
20140507049: 3 5 6 ; 14
20140507050: 3 4 4 ; 11
20140507051: 2 3 4 ; 9
20140507052: 3 4 6 ; 13
20140507053: 1 1 4 ; 6
20140507054: 1 2 2 ; 5
20140507055: 3 4 6 ; 13
20140507056: 1 4 5 ; 10
20140507057: 1 2 5 ; 8
20140507058: 3 5 6 ; 14
20140507059: 4 5 5 ; 14
20140507060: 1 3 5 ; 9
20140507061: 2 4 5 ; 11
20140507062: 2 5 5 ; 12
20140507063: 2 4 6 ; 12
20140507064: 3 4 6 ; 13
20140507065: 3 3 5 ; 11
20140507066: 1 3 4 ; 8
20140507067: 2 4 5 ; 11
20140507068: 2 4 6 ; 12
20140507069: 3 4 5 ; 12
20140507070: 1 5 6 ; 12
20140507071: 5 5 6 ; 16
20140507072: 2 5 5 ; 12
20140507073: 3 5 5 ; 13
20140507074: 1 3 6 ; 10
20140507075: 2 6 6 ; 14
20140507076: 4 4 6 ; 14
20140507077: 4 5 6 ; 15
20140507078: 2 4 6 ; 12
