20140801001: 1 2 4 ; 7
20140801002: 3 3 4 ; 10
20140801003: 2 4 6 ; 12
20140801004: 1 4 5 ; 10
20140801005: 2 2 5 ; 9
20140801006: 1 3 6 ; 10
20140801007: 1 1 6 ; 8
20140801008: 2 3 5 ; 10
20140801009: 1 5 6 ; 12
20140801010: 2 2 5 ; 9
20140801011: 1 5 6 ; 12
20140801012: 1 5 5 ; 11
20140801013: 1 4 5 ; 10
20140801014: 1 3 6 ; 10
20140801015: 1 2 3 ; 6
20140801016: 3 4 5 ; 12
20140801017: 1 2 2 ; 5
20140801018: 2 3 6 ; 11
20140801019: 4 6 6 ; 16
20140801020: 1 2 5 ; 8
20140801021: 3 3 6 ; 12
20140801022: 3 4 4 ; 11
20140801023: 1 1 4 ; 6
20140801024: 1 6 6 ; 13
20140801025: 5 5 6 ; 16
20140801026: 1 6 6 ; 13
20140801027: 2 4 4 ; 10
20140801028: 2 3 5 ; 10
20140801029: 1 2 5 ; 8
20140801030: 2 2 6 ; 10
20140801031: 1 2 2 ; 5
20140801032: 2 3 4 ; 9
20140801033: 2 4 5 ; 11
20140801034: 1 3 5 ; 9
20140801035: 4 4 6 ; 14
20140801036: 1 2 6 ; 9
20140801037: 3 4 4 ; 11
20140801038: 2 2 3 ; 7
20140801039: 1 1 5 ; 7
20140801040: 1 6 6 ; 13
20140801041: 5 5 6 ; 16
20140801042: 1 3 5 ; 9
20140801043: 1 1 4 ; 6
20140801044: 1 2 6 ; 9
20140801045: 3 3 3 ; 9
20140801046: 3 3 4 ; 10
20140801047: 1 3 6 ; 10
20140801048: 2 4 6 ; 12
20140801049: 3 6 6 ; 15
20140801050: 2 3 4 ; 9
20140801051: 2 3 6 ; 11
20140801052: 1 2 4 ; 7
20140801053: 1 1 5 ; 7
20140801054: 2 2 6 ; 10
20140801055: 3 3 5 ; 11
20140801056: 3 5 6 ; 14
20140801057: 1 2 6 ; 9
20140801058: 1 1 4 ; 6
20140801059: 1 2 3 ; 6
20140801060: 1 2 4 ; 7
20140801061: 2 3 4 ; 9
20140801062: 1 3 5 ; 9
20140801063: 1 3 4 ; 8
20140801064: 4 5 6 ; 15
20140801065: 1 4 4 ; 9
20140801066: 2 3 4 ; 9
20140801067: 2 3 5 ; 10
20140801068: 2 3 4 ; 9
20140801069: 1 2 4 ; 7
20140801070: 1 3 4 ; 8
20140801071: 1 2 5 ; 8
20140801072: 2 3 6 ; 11
20140801073: 2 4 6 ; 12
20140801074: 3 4 6 ; 13
20140801075: 3 5 5 ; 13
20140801076: 1 2 6 ; 9
20140801077: 1 5 5 ; 11
20140801078: 1 3 4 ; 8
