20140326001: 1 1 5 ; 7
20140326002: 2 3 5 ; 10
20140326003: 2 5 6 ; 13
20140326004: 1 1 4 ; 6
20140326005: 1 2 3 ; 6
20140326006: 1 1 5 ; 7
20140326007: 2 5 5 ; 12
20140326008: 4 5 5 ; 14
20140326009: 1 2 3 ; 6
20140326010: 2 3 5 ; 10
20140326011: 1 2 3 ; 6
20140326012: 2 3 6 ; 11
20140326013: 2 3 4 ; 9
20140326014: 2 5 6 ; 13
20140326015: 1 5 5 ; 11
20140326016: 2 4 5 ; 11
20140326017: 1 3 3 ; 7
20140326018: 1 2 4 ; 7
20140326019: 3 3 4 ; 10
20140326020: 1 5 6 ; 12
20140326021: 3 4 5 ; 12
20140326022: 2 3 5 ; 10
20140326023: 1 5 6 ; 12
20140326024: 2 3 4 ; 9
20140326025: 2 3 5 ; 10
20140326026: 1 2 3 ; 6
20140326027: 1 2 4 ; 7
20140326028: 2 3 6 ; 11
20140326029: 1 4 5 ; 10
20140326030: 1 1 4 ; 6
20140326031: 2 2 3 ; 7
20140326032: 3 5 6 ; 14
20140326033: 3 5 5 ; 13
20140326034: 1 2 3 ; 6
20140326035: 1 2 6 ; 9
20140326036: 1 6 6 ; 13
20140326037: 2 3 4 ; 9
20140326038: 1 6 6 ; 13
20140326039: 1 3 3 ; 7
20140326040: 1 2 4 ; 7
20140326041: 5 6 6 ; 17
20140326042: 2 4 4 ; 10
20140326043: 2 4 5 ; 11
20140326044: 1 3 6 ; 10
20140326045: 1 2 5 ; 8
20140326046: 3 5 6 ; 14
20140326047: 4 5 6 ; 15
20140326048: 2 3 4 ; 9
20140326049: 5 5 6 ; 16
20140326050: 2 5 5 ; 12
20140326051: 1 1 6 ; 8
20140326052: 1 3 4 ; 8
20140326053: 1 4 5 ; 10
20140326054: 2 4 4 ; 10
20140326055: 1 5 5 ; 11
20140326056: 1 2 5 ; 8
20140326057: 1 4 6 ; 11
20140326058: 2 3 6 ; 11
20140326059: 1 4 6 ; 11
20140326060: 1 3 3 ; 7
20140326061: 2 3 4 ; 9
20140326062: 1 3 3 ; 7
20140326063: 2 6 6 ; 14
20140326064: 3 3 5 ; 11
20140326065: 1 5 5 ; 11
20140326066: 1 4 6 ; 11
20140326067: 4 5 5 ; 14
20140326068: 1 6 6 ; 13
20140326069: 3 4 4 ; 11
20140326070: 3 5 6 ; 14
20140326071: 2 4 4 ; 10
20140326072: 2 4 5 ; 11
20140326073: 1 4 6 ; 11
20140326074: 3 4 5 ; 12
20140326075: 1 2 4 ; 7
20140326076: 4 4 5 ; 13
20140326077: 4 4 5 ; 13
20140326078: 2 5 6 ; 13
