20140215001: 1 2 2 ; 5
20140215002: 2 3 5 ; 10
20140215003: 1 3 4 ; 8
20140215004: 1 2 6 ; 9
20140215005: 4 4 4 ; 12
20140215006: 3 4 4 ; 11
20140215007: 1 1 6 ; 8
20140215008: 2 3 3 ; 8
20140215009: 2 5 6 ; 13
20140215010: 1 2 4 ; 7
20140215011: 4 4 5 ; 13
20140215012: 2 4 6 ; 12
20140215013: 3 4 5 ; 12
20140215014: 1 5 6 ; 12
20140215015: 4 4 4 ; 12
20140215016: 1 3 6 ; 10
20140215017: 1 5 6 ; 12
20140215018: 4 6 6 ; 16
20140215019: 1 2 6 ; 9
20140215020: 4 6 6 ; 16
20140215021: 1 3 4 ; 8
20140215022: 2 3 4 ; 9
20140215023: 1 3 3 ; 7
20140215024: 4 5 5 ; 14
20140215025: 1 1 2 ; 4
20140215026: 2 4 6 ; 12
20140215027: 1 5 5 ; 11
20140215028: 6 6 6 ; 18
20140215029: 1 1 2 ; 4
20140215030: 1 1 5 ; 7
20140215031: 3 4 4 ; 11
20140215032: 5 5 5 ; 15
20140215033: 1 2 5 ; 8
20140215034: 1 1 6 ; 8
20140215035: 3 3 5 ; 11
20140215036: 3 5 6 ; 14
20140215037: 2 3 3 ; 8
20140215038: 1 2 6 ; 9
20140215039: 4 5 6 ; 15
20140215040: 3 5 5 ; 13
20140215041: 2 2 3 ; 7
20140215042: 2 3 4 ; 9
20140215043: 2 6 6 ; 14
20140215044: 3 3 4 ; 10
20140215045: 3 4 6 ; 13
20140215046: 1 4 6 ; 11
20140215047: 3 6 6 ; 15
20140215048: 2 4 4 ; 10
20140215049: 1 2 3 ; 6
20140215050: 3 5 6 ; 14
20140215051: 1 5 6 ; 12
20140215052: 1 5 6 ; 12
20140215053: 2 4 5 ; 11
20140215054: 2 3 3 ; 8
20140215055: 2 2 4 ; 8
20140215056: 3 6 6 ; 15
20140215057: 3 3 4 ; 10
20140215058: 1 3 3 ; 7
20140215059: 2 2 6 ; 10
20140215060: 4 5 6 ; 15
20140215061: 2 2 3 ; 7
20140215062: 1 2 4 ; 7
20140215063: 4 5 6 ; 15
20140215064: 2 3 6 ; 11
20140215065: 1 2 5 ; 8
20140215066: 5 6 6 ; 17
20140215067: 2 3 6 ; 11
20140215068: 1 1 6 ; 8
20140215069: 2 4 6 ; 12
20140215070: 2 4 5 ; 11
20140215071: 3 4 6 ; 13
20140215072: 2 2 2 ; 6
20140215073: 3 4 4 ; 11
20140215074: 2 3 5 ; 10
20140215075: 3 3 3 ; 9
20140215076: 1 2 5 ; 8
20140215077: 1 5 5 ; 11
20140215078: 3 4 5 ; 12
