20140707001: 2 5 6 ; 13
20140707002: 2 3 3 ; 8
20140707003: 2 3 4 ; 9
20140707004: 1 3 4 ; 8
20140707005: 2 4 5 ; 11
20140707006: 2 4 4 ; 10
20140707007: 2 3 5 ; 10
20140707008: 1 3 4 ; 8
20140707009: 2 3 6 ; 11
20140707010: 2 4 6 ; 12
20140707011: 3 6 6 ; 15
20140707012: 1 3 6 ; 10
20140707013: 1 4 6 ; 11
20140707014: 1 2 4 ; 7
20140707015: 2 3 4 ; 9
20140707016: 1 1 4 ; 6
20140707017: 2 3 6 ; 11
20140707018: 4 5 6 ; 15
20140707019: 1 2 6 ; 9
20140707020: 1 5 6 ; 12
20140707021: 4 5 5 ; 14
20140707022: 1 3 5 ; 9
20140707023: 2 4 4 ; 10
20140707024: 1 3 4 ; 8
20140707025: 3 4 4 ; 11
20140707026: 3 4 6 ; 13
20140707027: 2 4 5 ; 11
20140707028: 1 5 6 ; 12
20140707029: 4 4 5 ; 13
20140707030: 2 4 5 ; 11
20140707031: 2 2 4 ; 8
20140707032: 2 2 6 ; 10
20140707033: 2 2 3 ; 7
20140707034: 1 5 5 ; 11
20140707035: 2 3 3 ; 8
20140707036: 1 5 6 ; 12
20140707037: 1 2 4 ; 7
20140707038: 3 4 5 ; 12
20140707039: 3 5 5 ; 13
20140707040: 1 5 5 ; 11
20140707041: 1 4 5 ; 10
20140707042: 3 4 6 ; 13
20140707043: 1 2 2 ; 5
20140707044: 2 5 6 ; 13
20140707045: 3 6 6 ; 15
20140707046: 3 3 5 ; 11
20140707047: 3 4 5 ; 12
20140707048: 1 6 6 ; 13
20140707049: 2 3 5 ; 10
20140707050: 4 4 5 ; 13
20140707051: 3 3 5 ; 11
20140707052: 2 3 6 ; 11
20140707053: 3 5 5 ; 13
20140707054: 4 4 4 ; 12
20140707055: 2 5 6 ; 13
20140707056: 3 3 4 ; 10
20140707057: 1 2 3 ; 6
20140707058: 3 3 4 ; 10
20140707059: 3 5 5 ; 13
20140707060: 2 2 5 ; 9
20140707061: 1 2 2 ; 5
20140707062: 1 2 5 ; 8
20140707063: 2 5 6 ; 13
20140707064: 3 4 5 ; 12
20140707065: 1 2 2 ; 5
20140707066: 5 5 6 ; 16
20140707067: 1 2 3 ; 6
20140707068: 5 6 6 ; 17
20140707069: 2 4 4 ; 10
20140707070: 2 4 4 ; 10
20140707071: 2 4 5 ; 11
20140707072: 1 2 6 ; 9
20140707073: 2 4 4 ; 10
20140707074: 2 5 5 ; 12
20140707075: 5 6 6 ; 17
20140707076: 1 2 6 ; 9
20140707077: 3 4 6 ; 13
20140707078: 2 5 5 ; 12
