20140709001: 3 3 6 ; 12
20140709002: 1 5 6 ; 12
20140709003: 1 3 4 ; 8
20140709004: 2 3 4 ; 9
20140709005: 4 5 6 ; 15
20140709006: 2 3 5 ; 10
20140709007: 1 5 6 ; 12
20140709008: 1 3 5 ; 9
20140709009: 1 2 6 ; 9
20140709010: 2 4 4 ; 10
20140709011: 3 4 6 ; 13
20140709012: 1 3 6 ; 10
20140709013: 2 2 4 ; 8
20140709014: 1 3 4 ; 8
20140709015: 1 4 6 ; 11
20140709016: 1 2 3 ; 6
20140709017: 1 2 3 ; 6
20140709018: 1 2 3 ; 6
20140709019: 2 5 6 ; 13
20140709020: 2 4 6 ; 12
20140709021: 2 4 4 ; 10
20140709022: 1 2 3 ; 6
20140709023: 2 3 5 ; 10
20140709024: 4 5 6 ; 15
20140709025: 1 2 6 ; 9
20140709026: 1 4 6 ; 11
20140709027: 2 4 4 ; 10
20140709028: 1 2 5 ; 8
20140709029: 1 3 6 ; 10
20140709030: 1 1 5 ; 7
20140709031: 1 5 5 ; 11
20140709032: 1 4 5 ; 10
20140709033: 3 4 5 ; 12
20140709034: 3 3 3 ; 9
20140709035: 1 4 5 ; 10
20140709036: 1 1 3 ; 5
20140709037: 3 5 6 ; 14
20140709038: 1 1 4 ; 6
20140709039: 1 2 2 ; 5
20140709040: 3 3 3 ; 9
20140709041: 5 6 6 ; 17
20140709042: 2 4 5 ; 11
20140709043: 2 4 6 ; 12
20140709044: 3 6 6 ; 15
20140709045: 2 5 6 ; 13
20140709046: 2 6 6 ; 14
20140709047: 1 4 5 ; 10
20140709048: 1 2 6 ; 9
20140709049: 2 4 6 ; 12
20140709050: 2 3 4 ; 9
20140709051: 5 5 6 ; 16
20140709052: 2 3 4 ; 9
20140709053: 1 4 6 ; 11
20140709054: 2 5 6 ; 13
20140709055: 2 5 5 ; 12
20140709056: 1 3 4 ; 8
20140709057: 2 6 6 ; 14
20140709058: 2 6 6 ; 14
20140709059: 2 4 4 ; 10
20140709060: 1 4 6 ; 11
20140709061: 2 3 4 ; 9
20140709062: 2 3 4 ; 9
20140709063: 4 6 6 ; 16
20140709064: 1 6 6 ; 13
20140709065: 4 4 6 ; 14
20140709066: 4 6 6 ; 16
20140709067: 2 3 5 ; 10
20140709068: 1 2 4 ; 7
20140709069: 1 2 3 ; 6
20140709070: 3 5 5 ; 13
20140709071: 1 2 5 ; 8
20140709072: 1 3 3 ; 7
20140709073: 3 4 5 ; 12
20140709074: 1 1 4 ; 6
20140709075: 2 3 4 ; 9
20140709076: 1 1 2 ; 4
20140709077: 2 3 6 ; 11
20140709078: 1 3 6 ; 10
