20140804001: 1 2 6 ; 9
20140804002: 2 2 5 ; 9
20140804003: 1 1 4 ; 6
20140804004: 2 5 6 ; 13
20140804005: 3 3 6 ; 12
20140804006: 1 4 5 ; 10
20140804007: 2 5 6 ; 13
20140804008: 1 3 4 ; 8
20140804009: 1 4 6 ; 11
20140804010: 4 6 6 ; 16
20140804011: 3 3 6 ; 12
20140804012: 1 2 5 ; 8
20140804013: 2 6 6 ; 14
20140804014: 1 2 5 ; 8
20140804015: 2 2 5 ; 9
20140804016: 2 2 6 ; 10
20140804017: 1 4 4 ; 9
20140804018: 2 4 4 ; 10
20140804019: 1 1 3 ; 5
20140804020: 5 5 6 ; 16
20140804021: 1 2 5 ; 8
20140804022: 1 2 3 ; 6
20140804023: 2 2 6 ; 10
20140804024: 1 3 5 ; 9
20140804025: 1 1 6 ; 8
20140804026: 4 5 5 ; 14
20140804027: 1 2 2 ; 5
20140804028: 1 4 5 ; 10
20140804029: 1 2 2 ; 5
20140804030: 1 4 5 ; 10
20140804031: 3 5 6 ; 14
20140804032: 4 5 6 ; 15
20140804033: 2 4 4 ; 10
20140804034: 4 4 4 ; 12
20140804035: 1 3 4 ; 8
20140804036: 1 1 4 ; 6
20140804037: 1 4 5 ; 10
20140804038: 2 3 6 ; 11
20140804039: 1 1 4 ; 6
20140804040: 3 5 5 ; 13
20140804041: 2 4 5 ; 11
20140804042: 1 1 4 ; 6
20140804043: 3 4 5 ; 12
20140804044: 1 2 4 ; 7
20140804045: 2 5 6 ; 13
20140804046: 2 2 3 ; 7
20140804047: 3 4 4 ; 11
20140804048: 4 6 6 ; 16
20140804049: 2 4 6 ; 12
20140804050: 1 1 1 ; 3
20140804051: 1 3 4 ; 8
20140804052: 3 5 6 ; 14
20140804053: 1 3 4 ; 8
20140804054: 2 4 4 ; 10
20140804055: 3 4 4 ; 11
20140804056: 2 5 6 ; 13
20140804057: 3 4 6 ; 13
20140804058: 3 4 4 ; 11
20140804059: 1 4 6 ; 11
20140804060: 1 1 6 ; 8
20140804061: 1 5 6 ; 12
20140804062: 3 3 6 ; 12
20140804063: 2 4 6 ; 12
20140804064: 3 4 6 ; 13
20140804065: 1 4 6 ; 11
20140804066: 1 4 5 ; 10
20140804067: 6 6 6 ; 18
20140804068: 2 5 5 ; 12
20140804069: 2 6 6 ; 14
20140804070: 4 5 5 ; 14
20140804071: 2 3 3 ; 8
20140804072: 2 4 5 ; 11
20140804073: 3 6 6 ; 15
20140804074: 1 4 4 ; 9
20140804075: 1 3 4 ; 8
20140804076: 4 5 6 ; 15
20140804077: 2 4 6 ; 12
20140804078: 3 4 5 ; 12
