20140107001: 4 4 6 ; 14
20140107002: 1 2 6 ; 9
20140107003: 1 4 6 ; 11
20140107004: 1 2 6 ; 9
20140107005: 1 2 6 ; 9
20140107006: 2 2 5 ; 9
20140107007: 1 2 5 ; 8
20140107008: 1 2 4 ; 7
20140107009: 1 3 5 ; 9
20140107010: 1 3 6 ; 10
20140107011: 1 2 6 ; 9
20140107012: 1 3 5 ; 9
20140107013: 1 1 6 ; 8
20140107014: 1 3 5 ; 9
20140107015: 4 4 6 ; 14
20140107016: 1 4 6 ; 11
20140107017: 1 1 5 ; 7
20140107018: 1 5 6 ; 12
20140107019: 1 5 6 ; 12
20140107020: 1 2 6 ; 9
20140107021: 3 4 5 ; 12
20140107022: 3 5 6 ; 14
20140107023: 5 5 6 ; 16
20140107024: 6 6 6 ; 18
20140107025: 2 5 6 ; 13
20140107026: 2 3 4 ; 9
20140107027: 1 2 6 ; 9
20140107028: 4 4 6 ; 14
20140107029: 1 1 5 ; 7
20140107030: 2 3 6 ; 11
20140107031: 1 3 5 ; 9
20140107032: 1 2 4 ; 7
20140107033: 2 2 5 ; 9
20140107034: 2 2 2 ; 6
20140107035: 1 1 1 ; 3
20140107036: 1 6 6 ; 13
20140107037: 4 4 6 ; 14
20140107038: 1 6 6 ; 13
20140107039: 1 2 3 ; 6
20140107040: 2 3 3 ; 8
20140107041: 2 3 6 ; 11
20140107042: 1 1 2 ; 4
20140107043: 1 1 2 ; 4
20140107044: 1 2 3 ; 6
20140107045: 1 1 2 ; 4
20140107046: 1 3 5 ; 9
20140107047: 1 4 5 ; 10
20140107048: 2 4 5 ; 11
20140107049: 2 4 6 ; 12
20140107050: 2 5 5 ; 12
20140107051: 1 2 4 ; 7
20140107052: 1 2 2 ; 5
20140107053: 1 4 6 ; 11
20140107054: 1 1 3 ; 5
20140107055: 3 3 5 ; 11
20140107056: 1 3 3 ; 7
20140107057: 2 3 5 ; 10
20140107058: 1 3 4 ; 8
20140107059: 2 2 3 ; 7
20140107060: 3 3 6 ; 12
20140107061: 1 1 3 ; 5
20140107062: 2 5 5 ; 12
20140107063: 1 1 5 ; 7
20140107064: 4 5 6 ; 15
20140107065: 3 3 5 ; 11
20140107066: 3 6 6 ; 15
20140107067: 4 4 5 ; 13
20140107068: 3 4 6 ; 13
20140107069: 1 3 6 ; 10
20140107070: 1 4 5 ; 10
20140107071: 1 1 4 ; 6
20140107072: 2 4 5 ; 11
20140107073: 5 5 5 ; 15
20140107074: 4 4 6 ; 14
20140107075: 4 4 6 ; 14
20140107076: 1 2 3 ; 6
20140107077: 1 5 6 ; 12
20140107078: 3 4 5 ; 12
