20140717001: 2 2 3 ; 7
20140717002: 1 4 6 ; 11
20140717003: 2 2 6 ; 10
20140717004: 2 4 5 ; 11
20140717005: 2 5 6 ; 13
20140717006: 1 2 2 ; 5
20140717007: 1 2 5 ; 8
20140717008: 4 5 6 ; 15
20140717009: 4 6 6 ; 16
20140717010: 5 5 6 ; 16
20140717011: 1 2 3 ; 6
20140717012: 1 5 6 ; 12
20140717013: 2 3 3 ; 8
20140717014: 1 5 5 ; 11
20140717015: 1 5 6 ; 12
20140717016: 2 6 6 ; 14
20140717017: 2 3 4 ; 9
20140717018: 1 2 4 ; 7
20140717019: 1 1 4 ; 6
20140717020: 2 4 6 ; 12
20140717021: 1 1 6 ; 8
20140717022: 4 4 6 ; 14
20140717023: 3 3 6 ; 12
20140717024: 1 3 5 ; 9
20140717025: 2 2 3 ; 7
20140717026: 2 3 5 ; 10
20140717027: 1 5 5 ; 11
20140717028: 1 2 5 ; 8
20140717029: 2 3 6 ; 11
20140717030: 2 3 6 ; 11
20140717031: 1 3 5 ; 9
20140717032: 3 6 6 ; 15
20140717033: 4 4 4 ; 12
20140717034: 1 3 3 ; 7
20140717035: 1 4 6 ; 11
20140717036: 1 3 5 ; 9
20140717037: 2 4 5 ; 11
20140717038: 2 3 3 ; 8
20140717039: 1 1 6 ; 8
20140717040: 3 3 3 ; 9
20140717041: 2 4 5 ; 11
20140717042: 2 4 5 ; 11
20140717043: 5 5 6 ; 16
20140717044: 2 6 6 ; 14
20140717045: 2 2 6 ; 10
20140717046: 4 5 6 ; 15
20140717047: 1 2 5 ; 8
20140717048: 3 3 4 ; 10
20140717049: 2 4 5 ; 11
20140717050: 3 5 6 ; 14
20140717051: 4 4 5 ; 13
20140717052: 3 4 6 ; 13
20140717053: 2 4 5 ; 11
20140717054: 4 4 5 ; 13
20140717055: 4 6 6 ; 16
20140717056: 2 4 5 ; 11
20140717057: 1 3 3 ; 7
20140717058: 2 4 6 ; 12
20140717059: 3 4 4 ; 11
20140717060: 1 4 5 ; 10
20140717061: 5 5 5 ; 15
20140717062: 1 2 3 ; 6
20140717063: 4 6 6 ; 16
20140717064: 3 4 5 ; 12
20140717065: 3 3 4 ; 10
20140717066: 2 2 3 ; 7
20140717067: 3 3 6 ; 12
20140717068: 2 4 6 ; 12
20140717069: 2 2 5 ; 9
20140717070: 2 2 2 ; 6
20140717071: 2 3 5 ; 10
20140717072: 1 4 4 ; 9
20140717073: 2 3 6 ; 11
20140717074: 1 1 6 ; 8
20140717075: 1 4 4 ; 9
20140717076: 5 6 6 ; 17
20140717077: 1 2 6 ; 9
20140717078: 2 3 4 ; 9
