20140811001: 2 2 5 ; 9
20140811002: 3 3 4 ; 10
20140811003: 1 2 2 ; 5
20140811004: 5 6 6 ; 17
20140811005: 1 5 6 ; 12
20140811006: 3 4 5 ; 12
20140811007: 1 5 5 ; 11
20140811008: 2 3 3 ; 8
20140811009: 1 3 3 ; 7
20140811010: 2 4 6 ; 12
20140811011: 1 2 4 ; 7
20140811012: 1 1 2 ; 4
20140811013: 2 3 4 ; 9
20140811014: 1 5 6 ; 12
20140811015: 1 2 5 ; 8
20140811016: 1 3 6 ; 10
20140811017: 3 5 6 ; 14
20140811018: 2 3 4 ; 9
20140811019: 2 4 4 ; 10
20140811020: 1 2 2 ; 5
20140811021: 1 3 3 ; 7
20140811022: 5 5 6 ; 16
20140811023: 1 3 5 ; 9
20140811024: 2 3 5 ; 10
20140811025: 5 5 6 ; 16
20140811026: 1 2 5 ; 8
20140811027: 2 5 6 ; 13
20140811028: 5 6 6 ; 17
20140811029: 1 5 5 ; 11
20140811030: 1 5 5 ; 11
20140811031: 1 1 2 ; 4
20140811032: 1 1 6 ; 8
20140811033: 4 5 6 ; 15
20140811034: 5 5 6 ; 16
20140811035: 1 3 5 ; 9
20140811036: 1 3 5 ; 9
20140811037: 1 3 6 ; 10
20140811038: 2 6 6 ; 14
20140811039: 3 4 6 ; 13
20140811040: 3 4 6 ; 13
20140811041: 2 2 4 ; 8
20140811042: 3 4 6 ; 13
20140811043: 4 5 5 ; 14
20140811044: 2 5 5 ; 12
20140811045: 2 4 5 ; 11
20140811046: 1 4 5 ; 10
20140811047: 1 4 6 ; 11
20140811048: 2 5 6 ; 13
20140811049: 1 4 6 ; 11
20140811050: 1 4 5 ; 10
20140811051: 4 5 5 ; 14
20140811052: 3 3 3 ; 9
20140811053: 4 6 6 ; 16
20140811054: 2 3 6 ; 11
20140811055: 4 4 6 ; 14
20140811056: 4 4 4 ; 12
20140811057: 2 2 4 ; 8
20140811058: 1 3 6 ; 10
20140811059: 1 3 5 ; 9
20140811060: 1 3 5 ; 9
20140811061: 1 1 6 ; 8
20140811062: 2 3 5 ; 10
20140811063: 2 5 6 ; 13
20140811064: 1 3 4 ; 8
20140811065: 1 3 4 ; 8
20140811066: 1 3 4 ; 8
20140811067: 2 4 6 ; 12
20140811068: 1 2 4 ; 7
20140811069: 2 6 6 ; 14
20140811070: 2 6 6 ; 14
20140811071: 4 4 6 ; 14
20140811072: 1 2 2 ; 5
20140811073: 1 4 4 ; 9
20140811074: 3 5 6 ; 14
20140811075: 2 6 6 ; 14
20140811076: 1 2 6 ; 9
20140811077: 1 1 3 ; 5
20140811078: 3 6 6 ; 15
