20140406001: 1 2 3 ; 6
20140406002: 3 5 5 ; 13
20140406003: 1 3 5 ; 9
20140406004: 1 1 3 ; 5
20140406005: 2 2 3 ; 7
20140406006: 1 2 5 ; 8
20140406007: 1 1 2 ; 4
20140406008: 5 5 6 ; 16
20140406009: 1 3 5 ; 9
20140406010: 4 5 6 ; 15
20140406011: 1 2 4 ; 7
20140406012: 1 2 3 ; 6
20140406013: 2 4 5 ; 11
20140406014: 2 2 6 ; 10
20140406015: 5 5 6 ; 16
20140406016: 2 4 5 ; 11
20140406017: 1 2 3 ; 6
20140406018: 2 5 6 ; 13
20140406019: 1 2 5 ; 8
20140406020: 4 5 6 ; 15
20140406021: 3 3 4 ; 10
20140406022: 2 3 4 ; 9
20140406023: 2 3 3 ; 8
20140406024: 2 4 6 ; 12
20140406025: 1 3 6 ; 10
20140406026: 2 4 6 ; 12
20140406027: 2 3 6 ; 11
20140406028: 1 6 6 ; 13
20140406029: 1 1 4 ; 6
20140406030: 1 4 5 ; 10
20140406031: 1 2 6 ; 9
20140406032: 1 3 4 ; 8
20140406033: 1 1 5 ; 7
20140406034: 1 1 5 ; 7
20140406035: 2 4 4 ; 10
20140406036: 4 6 6 ; 16
20140406037: 3 6 6 ; 15
20140406038: 2 5 6 ; 13
20140406039: 5 5 5 ; 15
20140406040: 2 3 4 ; 9
20140406041: 3 4 5 ; 12
20140406042: 1 4 5 ; 10
20140406043: 2 3 4 ; 9
20140406044: 2 3 5 ; 10
20140406045: 2 2 4 ; 8
20140406046: 3 5 6 ; 14
20140406047: 1 3 4 ; 8
20140406048: 2 6 6 ; 14
20140406049: 1 3 3 ; 7
20140406050: 1 3 6 ; 10
20140406051: 6 6 6 ; 18
20140406052: 1 6 6 ; 13
20140406053: 3 5 5 ; 13
20140406054: 1 2 2 ; 5
20140406055: 3 3 3 ; 9
20140406056: 2 2 6 ; 10
20140406057: 3 5 5 ; 13
20140406058: 1 4 6 ; 11
20140406059: 1 4 6 ; 11
20140406060: 4 4 6 ; 14
20140406061: 4 4 6 ; 14
20140406062: 1 4 6 ; 11
20140406063: 1 1 2 ; 4
20140406064: 6 6 6 ; 18
20140406065: 3 4 6 ; 13
20140406066: 1 1 6 ; 8
20140406067: 1 1 4 ; 6
20140406068: 1 4 5 ; 10
20140406069: 5 6 6 ; 17
20140406070: 2 4 5 ; 11
20140406071: 1 1 4 ; 6
20140406072: 1 1 5 ; 7
20140406073: 1 2 6 ; 9
20140406074: 2 4 5 ; 11
20140406075: 3 5 5 ; 13
20140406076: 1 1 4 ; 6
20140406077: 2 2 6 ; 10
20140406078: 1 1 4 ; 6
