20140118001: 2 4 6 ; 12
20140118002: 4 5 5 ; 14
20140118003: 2 6 6 ; 14
20140118004: 4 6 6 ; 16
20140118005: 1 1 2 ; 4
20140118006: 3 4 4 ; 11
20140118007: 2 2 4 ; 8
20140118008: 2 3 6 ; 11
20140118009: 1 2 4 ; 7
20140118010: 1 1 1 ; 3
20140118011: 3 4 5 ; 12
20140118012: 4 4 4 ; 12
20140118013: 2 4 5 ; 11
20140118014: 2 5 6 ; 13
20140118015: 3 4 4 ; 11
20140118016: 1 2 4 ; 7
20140118017: 3 3 3 ; 9
20140118018: 1 5 6 ; 12
20140118019: 2 3 5 ; 10
20140118020: 2 4 5 ; 11
20140118021: 2 4 4 ; 10
20140118022: 2 2 3 ; 7
20140118023: 2 4 6 ; 12
20140118024: 1 2 4 ; 7
20140118025: 1 5 5 ; 11
20140118026: 1 2 4 ; 7
20140118027: 3 4 6 ; 13
20140118028: 2 2 6 ; 10
20140118029: 2 2 6 ; 10
20140118030: 2 6 6 ; 14
20140118031: 4 4 5 ; 13
20140118032: 1 1 6 ; 8
20140118033: 3 3 6 ; 12
20140118034: 2 2 4 ; 8
20140118035: 2 3 3 ; 8
20140118036: 2 5 6 ; 13
20140118037: 2 3 6 ; 11
20140118038: 3 3 6 ; 12
20140118039: 1 3 4 ; 8
20140118040: 3 3 6 ; 12
20140118041: 3 4 6 ; 13
20140118042: 1 2 4 ; 7
20140118043: 1 4 5 ; 10
20140118044: 1 1 2 ; 4
20140118045: 1 1 5 ; 7
20140118046: 3 3 4 ; 10
20140118047: 1 3 6 ; 10
20140118048: 3 5 6 ; 14
20140118049: 3 3 5 ; 11
20140118050: 1 3 4 ; 8
20140118051: 1 3 4 ; 8
20140118052: 4 5 6 ; 15
20140118053: 2 2 5 ; 9
20140118054: 2 2 4 ; 8
20140118055: 2 2 2 ; 6
20140118056: 1 3 5 ; 9
20140118057: 1 3 4 ; 8
20140118058: 4 6 6 ; 16
20140118059: 1 4 4 ; 9
20140118060: 1 3 5 ; 9
20140118061: 1 2 4 ; 7
20140118062: 3 3 6 ; 12
20140118063: 1 2 2 ; 5
20140118064: 2 3 4 ; 9
20140118065: 2 3 5 ; 10
20140118066: 2 5 6 ; 13
20140118067: 1 2 6 ; 9
20140118068: 2 6 6 ; 14
20140118069: 1 3 5 ; 9
20140118070: 1 2 4 ; 7
20140118071: 1 4 5 ; 10
20140118072: 2 3 5 ; 10
20140118073: 1 1 5 ; 7
20140118074: 2 4 5 ; 11
20140118075: 3 5 6 ; 14
20140118076: 1 3 5 ; 9
20140118077: 1 4 6 ; 11
20140118078: 2 3 3 ; 8
