20140329001: 5 6 6 ; 17
20140329002: 1 1 3 ; 5
20140329003: 2 2 6 ; 10
20140329004: 3 3 6 ; 12
20140329005: 3 4 5 ; 12
20140329006: 1 4 4 ; 9
20140329007: 1 1 6 ; 8
20140329008: 1 2 6 ; 9
20140329009: 1 4 5 ; 10
20140329010: 1 3 5 ; 9
20140329011: 1 1 4 ; 6
20140329012: 2 4 5 ; 11
20140329013: 2 3 6 ; 11
20140329014: 1 4 5 ; 10
20140329015: 1 3 6 ; 10
20140329016: 1 3 4 ; 8
20140329017: 2 3 3 ; 8
20140329018: 2 3 3 ; 8
20140329019: 4 5 5 ; 14
20140329020: 1 5 6 ; 12
20140329021: 3 4 5 ; 12
20140329022: 3 5 6 ; 14
20140329023: 1 2 6 ; 9
20140329024: 4 4 5 ; 13
20140329025: 1 1 4 ; 6
20140329026: 1 1 2 ; 4
20140329027: 2 2 3 ; 7
20140329028: 2 4 6 ; 12
20140329029: 1 1 5 ; 7
20140329030: 1 3 5 ; 9
20140329031: 1 3 6 ; 10
20140329032: 1 2 4 ; 7
20140329033: 2 4 6 ; 12
20140329034: 2 2 6 ; 10
20140329035: 4 5 6 ; 15
20140329036: 1 4 6 ; 11
20140329037: 3 4 4 ; 11
20140329038: 1 3 6 ; 10
20140329039: 3 5 5 ; 13
20140329040: 3 4 5 ; 12
20140329041: 1 4 5 ; 10
20140329042: 4 5 6 ; 15
20140329043: 1 3 3 ; 7
20140329044: 4 5 5 ; 14
20140329045: 1 5 6 ; 12
20140329046: 2 3 6 ; 11
20140329047: 1 5 6 ; 12
20140329048: 2 6 6 ; 14
20140329049: 3 4 4 ; 11
20140329050: 4 5 5 ; 14
20140329051: 1 5 6 ; 12
20140329052: 1 2 4 ; 7
20140329053: 2 4 5 ; 11
20140329054: 1 4 6 ; 11
20140329055: 3 4 6 ; 13
20140329056: 4 4 5 ; 13
20140329057: 4 5 6 ; 15
20140329058: 2 2 6 ; 10
20140329059: 3 3 4 ; 10
20140329060: 2 3 6 ; 11
20140329061: 2 5 6 ; 13
20140329062: 1 3 6 ; 10
20140329063: 2 3 6 ; 11
20140329064: 1 1 5 ; 7
20140329065: 3 4 6 ; 13
20140329066: 2 3 6 ; 11
20140329067: 1 4 5 ; 10
20140329068: 2 3 6 ; 11
20140329069: 1 2 6 ; 9
20140329070: 2 5 5 ; 12
20140329071: 2 3 5 ; 10
20140329072: 1 6 6 ; 13
20140329073: 3 5 6 ; 14
20140329074: 4 4 5 ; 13
20140329075: 2 4 6 ; 12
20140329076: 3 4 5 ; 12
20140329077: 2 3 6 ; 11
20140329078: 2 3 4 ; 9
