20140427001: 3 4 4 ; 11
20140427002: 2 4 5 ; 11
20140427003: 2 2 5 ; 9
20140427004: 3 3 6 ; 12
20140427005: 2 3 6 ; 11
20140427006: 1 3 6 ; 10
20140427007: 3 4 6 ; 13
20140427008: 1 1 2 ; 4
20140427009: 3 4 6 ; 13
20140427010: 1 2 6 ; 9
20140427011: 2 5 5 ; 12
20140427012: 2 3 3 ; 8
20140427013: 1 1 1 ; 3
20140427014: 3 4 6 ; 13
20140427015: 2 3 3 ; 8
20140427016: 3 4 6 ; 13
20140427017: 3 4 6 ; 13
20140427018: 1 1 6 ; 8
20140427019: 1 3 3 ; 7
20140427020: 3 4 6 ; 13
20140427021: 2 5 6 ; 13
20140427022: 2 4 6 ; 12
20140427023: 1 4 5 ; 10
20140427024: 2 3 6 ; 11
20140427025: 1 2 4 ; 7
20140427026: 1 1 5 ; 7
20140427027: 1 2 6 ; 9
20140427028: 1 2 2 ; 5
20140427029: 1 1 5 ; 7
20140427030: 1 2 2 ; 5
20140427031: 1 2 4 ; 7
20140427032: 4 5 5 ; 14
20140427033: 1 3 6 ; 10
20140427034: 1 2 3 ; 6
20140427035: 2 4 5 ; 11
20140427036: 4 5 5 ; 14
20140427037: 1 2 4 ; 7
20140427038: 5 5 6 ; 16
20140427039: 1 1 6 ; 8
20140427040: 2 2 6 ; 10
20140427041: 5 6 6 ; 17
20140427042: 1 3 6 ; 10
20140427043: 2 2 3 ; 7
20140427044: 4 4 6 ; 14
20140427045: 2 5 5 ; 12
20140427046: 1 5 6 ; 12
20140427047: 3 4 4 ; 11
20140427048: 1 3 3 ; 7
20140427049: 1 4 6 ; 11
20140427050: 1 2 6 ; 9
20140427051: 1 3 3 ; 7
20140427052: 2 5 6 ; 13
20140427053: 1 1 6 ; 8
20140427054: 2 2 4 ; 8
20140427055: 2 3 6 ; 11
20140427056: 1 2 5 ; 8
20140427057: 2 4 5 ; 11
20140427058: 2 3 5 ; 10
20140427059: 1 2 3 ; 6
20140427060: 2 5 6 ; 13
20140427061: 5 5 6 ; 16
20140427062: 1 4 5 ; 10
20140427063: 2 4 5 ; 11
20140427064: 1 2 6 ; 9
20140427065: 1 2 4 ; 7
20140427066: 2 4 6 ; 12
20140427067: 2 5 6 ; 13
20140427068: 5 6 6 ; 17
20140427069: 1 2 4 ; 7
20140427070: 3 3 5 ; 11
20140427071: 2 3 5 ; 10
20140427072: 1 1 5 ; 7
20140427073: 1 5 6 ; 12
20140427074: 1 2 6 ; 9
20140427075: 2 5 6 ; 13
20140427076: 2 2 4 ; 8
20140427077: 1 3 6 ; 10
20140427078: 3 5 6 ; 14
