20140110001: 4 4 5 ; 13
20140110002: 2 4 4 ; 10
20140110003: 2 2 5 ; 9
20140110004: 1 2 3 ; 6
20140110005: 2 3 6 ; 11
20140110006: 2 5 6 ; 13
20140110007: 1 2 4 ; 7
20140110008: 5 6 6 ; 17
20140110009: 1 1 3 ; 5
20140110010: 3 3 4 ; 10
20140110011: 2 5 6 ; 13
20140110012: 1 2 4 ; 7
20140110013: 3 3 6 ; 12
20140110014: 3 6 6 ; 15
20140110015: 1 4 5 ; 10
20140110016: 5 6 6 ; 17
20140110017: 1 2 4 ; 7
20140110018: 3 4 4 ; 11
20140110019: 1 1 4 ; 6
20140110020: 1 3 5 ; 9
20140110021: 1 4 5 ; 10
20140110022: 2 5 5 ; 12
20140110023: 4 5 6 ; 15
20140110024: 1 1 4 ; 6
20140110025: 1 3 5 ; 9
20140110026: 2 3 4 ; 9
20140110027: 2 2 3 ; 7
20140110028: 1 5 5 ; 11
20140110029: 1 3 5 ; 9
20140110030: 1 3 5 ; 9
20140110031: 3 5 5 ; 13
20140110032: 3 3 4 ; 10
20140110033: 1 2 4 ; 7
20140110034: 2 3 5 ; 10
20140110035: 1 2 5 ; 8
20140110036: 4 4 6 ; 14
20140110037: 2 3 4 ; 9
20140110038: 4 5 6 ; 15
20140110039: 2 4 4 ; 10
20140110040: 4 5 6 ; 15
20140110041: 3 4 5 ; 12
20140110042: 2 2 3 ; 7
20140110043: 1 3 6 ; 10
20140110044: 1 3 6 ; 10
20140110045: 2 2 4 ; 8
20140110046: 3 4 6 ; 13
20140110047: 4 4 6 ; 14
20140110048: 1 4 4 ; 9
20140110049: 1 4 4 ; 9
20140110050: 1 2 3 ; 6
20140110051: 5 5 6 ; 16
20140110052: 3 3 4 ; 10
20140110053: 1 3 6 ; 10
20140110054: 1 4 5 ; 10
20140110055: 1 6 6 ; 13
20140110056: 1 2 6 ; 9
20140110057: 1 3 6 ; 10
20140110058: 5 5 6 ; 16
20140110059: 1 3 4 ; 8
20140110060: 1 5 6 ; 12
20140110061: 1 3 6 ; 10
20140110062: 1 3 3 ; 7
20140110063: 2 4 5 ; 11
20140110064: 1 2 3 ; 6
20140110065: 1 3 6 ; 10
20140110066: 1 2 6 ; 9
20140110067: 4 4 6 ; 14
20140110068: 3 4 5 ; 12
20140110069: 4 4 5 ; 13
20140110070: 2 2 6 ; 10
20140110071: 1 1 2 ; 4
20140110072: 1 4 5 ; 10
20140110073: 1 4 6 ; 11
20140110074: 1 2 5 ; 8
20140110075: 1 2 2 ; 5
20140110076: 3 4 5 ; 12
20140110077: 4 4 4 ; 12
20140110078: 1 3 5 ; 9
