20140508001: 2 4 5 ; 11
20140508002: 1 1 5 ; 7
20140508003: 2 3 5 ; 10
20140508004: 1 2 4 ; 7
20140508005: 3 3 3 ; 9
20140508006: 1 5 5 ; 11
20140508007: 1 6 6 ; 13
20140508008: 1 5 6 ; 12
20140508009: 4 4 5 ; 13
20140508010: 5 5 6 ; 16
20140508011: 2 3 5 ; 10
20140508012: 1 2 6 ; 9
20140508013: 1 3 4 ; 8
20140508014: 3 4 4 ; 11
20140508015: 3 4 4 ; 11
20140508016: 1 2 5 ; 8
20140508017: 1 5 6 ; 12
20140508018: 1 1 2 ; 4
20140508019: 2 4 6 ; 12
20140508020: 1 2 4 ; 7
20140508021: 1 4 5 ; 10
20140508022: 1 2 3 ; 6
20140508023: 2 3 5 ; 10
20140508024: 2 4 6 ; 12
20140508025: 2 6 6 ; 14
20140508026: 1 5 6 ; 12
20140508027: 3 5 6 ; 14
20140508028: 3 3 4 ; 10
20140508029: 2 4 6 ; 12
20140508030: 1 2 4 ; 7
20140508031: 1 2 5 ; 8
20140508032: 1 4 6 ; 11
20140508033: 1 4 4 ; 9
20140508034: 5 6 6 ; 17
20140508035: 2 3 4 ; 9
20140508036: 1 2 5 ; 8
20140508037: 2 3 4 ; 9
20140508038: 2 3 5 ; 10
20140508039: 1 1 2 ; 4
20140508040: 1 4 5 ; 10
20140508041: 3 3 6 ; 12
20140508042: 2 4 4 ; 10
20140508043: 5 5 5 ; 15
20140508044: 2 4 5 ; 11
20140508045: 3 5 6 ; 14
20140508046: 1 2 2 ; 5
20140508047: 2 4 6 ; 12
20140508048: 2 3 6 ; 11
20140508049: 4 4 5 ; 13
20140508050: 1 3 6 ; 10
20140508051: 3 5 6 ; 14
20140508052: 1 3 6 ; 10
20140508053: 2 3 3 ; 8
20140508054: 4 5 6 ; 15
20140508055: 4 4 6 ; 14
20140508056: 4 6 6 ; 16
20140508057: 1 1 4 ; 6
20140508058: 1 2 6 ; 9
20140508059: 2 3 4 ; 9
20140508060: 4 5 6 ; 15
20140508061: 1 2 2 ; 5
20140508062: 1 4 4 ; 9
20140508063: 1 4 6 ; 11
20140508064: 2 2 5 ; 9
20140508065: 1 2 4 ; 7
20140508066: 1 2 4 ; 7
20140508067: 1 1 1 ; 3
20140508068: 1 3 6 ; 10
20140508069: 5 5 5 ; 15
20140508070: 2 2 5 ; 9
20140508071: 4 6 6 ; 16
20140508072: 3 4 4 ; 11
20140508073: 1 5 6 ; 12
20140508074: 1 2 3 ; 6
20140508075: 3 3 3 ; 9
20140508076: 3 3 3 ; 9
20140508077: 1 2 3 ; 6
20140508078: 2 2 5 ; 9
