20140402001: 1 2 6 ; 9
20140402002: 1 4 4 ; 9
20140402003: 1 2 5 ; 8
20140402004: 2 3 3 ; 8
20140402005: 2 2 3 ; 7
20140402006: 1 5 5 ; 11
20140402007: 1 5 6 ; 12
20140402008: 1 4 6 ; 11
20140402009: 1 1 1 ; 3
20140402010: 3 4 6 ; 13
20140402011: 1 1 3 ; 5
20140402012: 1 3 4 ; 8
20140402013: 3 4 6 ; 13
20140402014: 5 6 6 ; 17
20140402015: 6 6 6 ; 18
20140402016: 3 3 5 ; 11
20140402017: 1 3 3 ; 7
20140402018: 4 4 6 ; 14
20140402019: 1 2 5 ; 8
20140402020: 3 4 6 ; 13
20140402021: 1 3 6 ; 10
20140402022: 1 4 4 ; 9
20140402023: 3 5 6 ; 14
20140402024: 1 5 6 ; 12
20140402025: 2 4 4 ; 10
20140402026: 4 4 5 ; 13
20140402027: 2 4 6 ; 12
20140402028: 2 4 6 ; 12
20140402029: 1 4 5 ; 10
20140402030: 1 5 5 ; 11
20140402031: 3 4 5 ; 12
20140402032: 2 3 6 ; 11
20140402033: 2 2 6 ; 10
20140402034: 2 3 4 ; 9
20140402035: 1 1 5 ; 7
20140402036: 1 1 4 ; 6
20140402037: 5 5 5 ; 15
20140402038: 1 1 1 ; 3
20140402039: 2 5 5 ; 12
20140402040: 1 4 4 ; 9
20140402041: 3 4 5 ; 12
20140402042: 3 5 5 ; 13
20140402043: 1 2 4 ; 7
20140402044: 2 3 5 ; 10
20140402045: 1 2 6 ; 9
20140402046: 3 3 5 ; 11
20140402047: 2 3 4 ; 9
20140402048: 3 5 6 ; 14
20140402049: 1 3 3 ; 7
20140402050: 1 3 6 ; 10
20140402051: 1 4 5 ; 10
20140402052: 3 5 6 ; 14
20140402053: 1 3 5 ; 9
20140402054: 4 5 5 ; 14
20140402055: 4 6 6 ; 16
20140402056: 2 2 3 ; 7
20140402057: 3 3 3 ; 9
20140402058: 1 2 5 ; 8
20140402059: 2 2 4 ; 8
20140402060: 3 4 4 ; 11
20140402061: 1 2 4 ; 7
20140402062: 1 3 5 ; 9
20140402063: 2 2 4 ; 8
20140402064: 1 2 5 ; 8
20140402065: 4 5 5 ; 14
20140402066: 4 5 6 ; 15
20140402067: 4 4 6 ; 14
20140402068: 2 2 4 ; 8
20140402069: 2 4 6 ; 12
20140402070: 3 4 5 ; 12
20140402071: 3 4 6 ; 13
20140402072: 1 2 5 ; 8
20140402073: 2 2 4 ; 8
20140402074: 2 4 5 ; 11
20140402075: 3 4 4 ; 11
20140402076: 1 3 5 ; 9
20140402077: 2 5 5 ; 12
20140402078: 1 4 6 ; 11
