20140614001: 1 3 5 ; 9
20140614002: 1 2 6 ; 9
20140614003: 1 3 3 ; 7
20140614004: 1 3 3 ; 7
20140614005: 1 1 3 ; 5
20140614006: 1 2 6 ; 9
20140614007: 3 4 5 ; 12
20140614008: 4 4 6 ; 14
20140614009: 2 5 6 ; 13
20140614010: 1 3 5 ; 9
20140614011: 5 5 6 ; 16
20140614012: 3 3 5 ; 11
20140614013: 1 1 6 ; 8
20140614014: 2 3 5 ; 10
20140614015: 1 3 3 ; 7
20140614016: 3 4 6 ; 13
20140614017: 2 3 6 ; 11
20140614018: 3 4 5 ; 12
20140614019: 2 3 5 ; 10
20140614020: 1 4 5 ; 10
20140614021: 4 4 5 ; 13
20140614022: 3 4 6 ; 13
20140614023: 1 5 5 ; 11
20140614024: 2 3 4 ; 9
20140614025: 2 4 6 ; 12
20140614026: 1 2 5 ; 8
20140614027: 2 5 5 ; 12
20140614028: 1 2 2 ; 5
20140614029: 1 2 2 ; 5
20140614030: 1 1 5 ; 7
20140614031: 2 6 6 ; 14
20140614032: 2 4 6 ; 12
20140614033: 4 5 6 ; 15
20140614034: 2 5 6 ; 13
20140614035: 4 4 5 ; 13
20140614036: 1 3 5 ; 9
20140614037: 1 2 4 ; 7
20140614038: 2 3 4 ; 9
20140614039: 1 3 6 ; 10
20140614040: 1 3 3 ; 7
20140614041: 1 3 4 ; 8
20140614042: 1 3 6 ; 10
20140614043: 3 3 6 ; 12
20140614044: 1 6 6 ; 13
20140614045: 1 1 4 ; 6
20140614046: 1 2 6 ; 9
20140614047: 2 4 4 ; 10
20140614048: 5 6 6 ; 17
20140614049: 4 4 5 ; 13
20140614050: 2 4 6 ; 12
20140614051: 2 2 3 ; 7
20140614052: 2 4 5 ; 11
20140614053: 1 3 4 ; 8
20140614054: 1 3 4 ; 8
20140614055: 1 1 6 ; 8
20140614056: 2 6 6 ; 14
20140614057: 2 2 5 ; 9
20140614058: 4 5 6 ; 15
20140614059: 2 4 5 ; 11
20140614060: 2 2 6 ; 10
20140614061: 1 2 5 ; 8
20140614062: 1 2 5 ; 8
20140614063: 1 2 5 ; 8
20140614064: 2 4 5 ; 11
20140614065: 1 2 6 ; 9
20140614066: 2 2 2 ; 6
20140614067: 3 3 4 ; 10
20140614068: 1 3 4 ; 8
20140614069: 2 2 4 ; 8
20140614070: 4 5 6 ; 15
20140614071: 1 2 5 ; 8
20140614072: 2 3 3 ; 8
20140614073: 1 2 3 ; 6
20140614074: 1 2 6 ; 9
20140614075: 1 2 4 ; 7
20140614076: 3 5 6 ; 14
20140614077: 2 4 4 ; 10
20140614078: 1 2 4 ; 7
