20140321001: 1 2 3 ; 6
20140321002: 1 1 5 ; 7
20140321003: 4 5 5 ; 14
20140321004: 1 2 4 ; 7
20140321005: 1 1 3 ; 5
20140321006: 1 3 3 ; 7
20140321007: 1 5 6 ; 12
20140321008: 2 3 4 ; 9
20140321009: 1 1 6 ; 8
20140321010: 2 3 5 ; 10
20140321011: 2 3 5 ; 10
20140321012: 2 4 4 ; 10
20140321013: 5 6 6 ; 17
20140321014: 2 2 5 ; 9
20140321015: 1 2 4 ; 7
20140321016: 1 1 5 ; 7
20140321017: 3 3 5 ; 11
20140321018: 1 4 5 ; 10
20140321019: 2 4 6 ; 12
20140321020: 3 3 5 ; 11
20140321021: 1 3 3 ; 7
20140321022: 1 4 6 ; 11
20140321023: 1 3 6 ; 10
20140321024: 1 4 6 ; 11
20140321025: 3 5 5 ; 13
20140321026: 1 3 4 ; 8
20140321027: 4 4 6 ; 14
20140321028: 2 2 6 ; 10
20140321029: 1 1 3 ; 5
20140321030: 2 3 6 ; 11
20140321031: 2 5 6 ; 13
20140321032: 1 2 5 ; 8
20140321033: 1 6 6 ; 13
20140321034: 1 1 3 ; 5
20140321035: 1 5 6 ; 12
20140321036: 2 3 5 ; 10
20140321037: 5 5 5 ; 15
20140321038: 1 3 5 ; 9
20140321039: 1 3 5 ; 9
20140321040: 2 3 6 ; 11
20140321041: 1 1 6 ; 8
20140321042: 1 5 5 ; 11
20140321043: 3 5 6 ; 14
20140321044: 1 1 6 ; 8
20140321045: 4 5 5 ; 14
20140321046: 1 1 5 ; 7
20140321047: 1 2 6 ; 9
20140321048: 3 6 6 ; 15
20140321049: 3 4 6 ; 13
20140321050: 1 2 5 ; 8
20140321051: 1 2 4 ; 7
20140321052: 1 5 6 ; 12
20140321053: 1 2 4 ; 7
20140321054: 1 2 6 ; 9
20140321055: 1 1 2 ; 4
20140321056: 2 5 5 ; 12
20140321057: 1 2 6 ; 9
20140321058: 3 4 6 ; 13
20140321059: 2 3 5 ; 10
20140321060: 3 3 3 ; 9
20140321061: 2 5 6 ; 13
20140321062: 1 3 5 ; 9
20140321063: 5 5 6 ; 16
20140321064: 2 2 4 ; 8
20140321065: 1 4 6 ; 11
20140321066: 1 1 4 ; 6
20140321067: 4 4 6 ; 14
20140321068: 2 2 5 ; 9
20140321069: 3 4 6 ; 13
20140321070: 3 3 5 ; 11
20140321071: 1 2 2 ; 5
20140321072: 2 3 4 ; 9
20140321073: 1 2 3 ; 6
20140321074: 2 4 5 ; 11
20140321075: 1 5 6 ; 12
20140321076: 1 2 5 ; 8
20140321077: 1 2 3 ; 6
20140321078: 1 3 5 ; 9
