20140514001: 1 3 4 ; 8
20140514002: 1 3 4 ; 8
20140514003: 3 4 6 ; 13
20140514004: 3 5 5 ; 13
20140514005: 1 2 6 ; 9
20140514006: 3 6 6 ; 15
20140514007: 2 5 5 ; 12
20140514008: 3 4 6 ; 13
20140514009: 1 4 5 ; 10
20140514010: 3 5 6 ; 14
20140514011: 3 3 4 ; 10
20140514012: 1 2 3 ; 6
20140514013: 2 4 5 ; 11
20140514014: 3 4 6 ; 13
20140514015: 2 5 6 ; 13
20140514016: 3 3 4 ; 10
20140514017: 1 3 5 ; 9
20140514018: 2 4 4 ; 10
20140514019: 4 5 6 ; 15
20140514020: 1 3 5 ; 9
20140514021: 4 5 5 ; 14
20140514022: 4 5 5 ; 14
20140514023: 1 5 5 ; 11
20140514024: 2 3 5 ; 10
20140514025: 3 3 5 ; 11
20140514026: 3 4 6 ; 13
20140514027: 3 4 6 ; 13
20140514028: 3 5 6 ; 14
20140514029: 1 2 4 ; 7
20140514030: 2 2 3 ; 7
20140514031: 1 2 2 ; 5
20140514032: 3 3 5 ; 11
20140514033: 3 5 6 ; 14
20140514034: 1 3 4 ; 8
20140514035: 2 4 5 ; 11
20140514036: 2 3 4 ; 9
20140514037: 1 1 3 ; 5
20140514038: 2 5 6 ; 13
20140514039: 4 4 5 ; 13
20140514040: 2 5 6 ; 13
20140514041: 4 4 6 ; 14
20140514042: 3 4 6 ; 13
20140514043: 1 1 6 ; 8
20140514044: 4 5 5 ; 14
20140514045: 2 4 5 ; 11
20140514046: 2 4 6 ; 12
20140514047: 2 3 5 ; 10
20140514048: 1 3 3 ; 7
20140514049: 1 2 6 ; 9
20140514050: 3 4 5 ; 12
20140514051: 1 4 5 ; 10
20140514052: 1 2 5 ; 8
20140514053: 1 2 6 ; 9
20140514054: 2 5 6 ; 13
20140514055: 3 3 4 ; 10
20140514056: 1 1 3 ; 5
20140514057: 3 4 6 ; 13
20140514058: 1 6 6 ; 13
20140514059: 2 4 5 ; 11
20140514060: 3 4 6 ; 13
20140514061: 2 3 4 ; 9
20140514062: 5 6 6 ; 17
20140514063: 2 3 5 ; 10
20140514064: 2 6 6 ; 14
20140514065: 1 3 3 ; 7
20140514066: 1 2 4 ; 7
20140514067: 2 2 5 ; 9
20140514068: 3 6 6 ; 15
20140514069: 1 5 6 ; 12
20140514070: 1 2 3 ; 6
20140514071: 2 4 6 ; 12
20140514072: 1 2 4 ; 7
20140514073: 1 4 6 ; 11
20140514074: 1 1 2 ; 4
20140514075: 3 4 5 ; 12
20140514076: 1 3 6 ; 10
20140514077: 4 5 5 ; 14
20140514078: 2 4 4 ; 10
