20140902001: 1 4 5 ; 10
20140902002: 1 2 6 ; 9
20140902003: 2 4 6 ; 12
20140902004: 3 3 5 ; 11
20140902005: 4 6 6 ; 16
20140902006: 2 4 4 ; 10
20140902007: 1 2 5 ; 8
20140902008: 4 5 6 ; 15
20140902009: 1 2 5 ; 8
20140902010: 1 3 6 ; 10
20140902011: 5 5 6 ; 16
20140902012: 3 4 6 ; 13
20140902013: 3 4 5 ; 12
20140902014: 1 2 2 ; 5
20140902015: 1 2 3 ; 6
20140902016: 1 6 6 ; 13
20140902017: 3 4 4 ; 11
20140902018: 1 2 4 ; 7
20140902019: 1 3 3 ; 7
20140902020: 1 3 6 ; 10
20140902021: 4 4 5 ; 13
20140902022: 1 2 4 ; 7
20140902023: 1 2 3 ; 6
20140902024: 3 6 6 ; 15
20140902025: 1 2 6 ; 9
20140902026: 2 5 6 ; 13
20140902027: 2 2 2 ; 6
20140902028: 3 6 6 ; 15
20140902029: 2 3 6 ; 11
20140902030: 1 2 4 ; 7
20140902031: 1 3 5 ; 9
20140902032: 2 3 3 ; 8
20140902033: 2 4 6 ; 12
20140902034: 5 6 6 ; 17
20140902035: 1 2 2 ; 5
20140902036: 1 3 6 ; 10
20140902037: 1 2 5 ; 8
20140902038: 2 4 6 ; 12
20140902039: 2 6 6 ; 14
20140902040: 2 6 6 ; 14
20140902041: 2 5 6 ; 13
20140902042: 1 5 5 ; 11
20140902043: 5 6 6 ; 17
20140902044: 5 5 5 ; 15
20140902045: 4 5 6 ; 15
20140902046: 1 3 4 ; 8
20140902047: 5 5 6 ; 16
20140902048: 3 4 6 ; 13
20140902049: 2 4 4 ; 10
20140902050: 1 5 6 ; 12
20140902051: 2 6 6 ; 14
20140902052: 3 6 6 ; 15
20140902053: 3 3 6 ; 12
20140902054: 1 4 6 ; 11
20140902055: 3 3 5 ; 11
20140902056: 2 4 6 ; 12
20140902057: 2 2 6 ; 10
20140902058: 5 5 6 ; 16
20140902059: 2 3 5 ; 10
20140902060: 1 2 4 ; 7
20140902061: 3 4 5 ; 12
20140902062: 4 5 5 ; 14
20140902063: 4 5 6 ; 15
20140902064: 1 1 3 ; 5
20140902065: 3 4 5 ; 12
20140902066: 1 4 5 ; 10
20140902067: 1 3 3 ; 7
20140902068: 1 3 6 ; 10
20140902069: 2 5 6 ; 13
20140902070: 1 3 6 ; 10
20140902071: 2 4 4 ; 10
20140902072: 3 3 6 ; 12
20140902073: 1 1 6 ; 8
20140902074: 5 5 6 ; 16
20140902075: 1 3 6 ; 10
20140902076: 1 3 3 ; 7
20140902077: 2 4 5 ; 11
20140902078: 2 2 6 ; 10
