20140620001: 2 2 3 ; 7
20140620002: 1 5 5 ; 11
20140620003: 2 2 3 ; 7
20140620004: 1 4 5 ; 10
20140620005: 2 4 5 ; 11
20140620006: 1 2 2 ; 5
20140620007: 1 3 3 ; 7
20140620008: 2 3 6 ; 11
20140620009: 2 4 6 ; 12
20140620010: 1 4 5 ; 10
20140620011: 2 4 5 ; 11
20140620012: 1 1 3 ; 5
20140620013: 1 1 5 ; 7
20140620014: 4 6 6 ; 16
20140620015: 2 2 4 ; 8
20140620016: 1 4 4 ; 9
20140620017: 1 3 4 ; 8
20140620018: 2 2 5 ; 9
20140620019: 1 3 5 ; 9
20140620020: 1 5 6 ; 12
20140620021: 2 2 6 ; 10
20140620022: 2 4 6 ; 12
20140620023: 3 4 4 ; 11
20140620024: 4 5 6 ; 15
20140620025: 1 4 5 ; 10
20140620026: 1 5 6 ; 12
20140620027: 1 2 6 ; 9
20140620028: 1 5 6 ; 12
20140620029: 2 2 5 ; 9
20140620030: 2 3 4 ; 9
20140620031: 1 2 4 ; 7
20140620032: 1 1 6 ; 8
20140620033: 1 3 5 ; 9
20140620034: 3 3 3 ; 9
20140620035: 3 5 6 ; 14
20140620036: 4 5 6 ; 15
20140620037: 1 3 3 ; 7
20140620038: 1 3 3 ; 7
20140620039: 2 2 4 ; 8
20140620040: 2 4 4 ; 10
20140620041: 3 3 5 ; 11
20140620042: 3 5 6 ; 14
20140620043: 1 2 3 ; 6
20140620044: 5 5 6 ; 16
20140620045: 2 3 5 ; 10
20140620046: 2 3 3 ; 8
20140620047: 2 4 5 ; 11
20140620048: 2 6 6 ; 14
20140620049: 3 3 6 ; 12
20140620050: 4 5 6 ; 15
20140620051: 2 2 5 ; 9
20140620052: 4 6 6 ; 16
20140620053: 4 4 6 ; 14
20140620054: 1 3 4 ; 8
20140620055: 1 2 3 ; 6
20140620056: 3 4 5 ; 12
20140620057: 1 5 6 ; 12
20140620058: 1 4 5 ; 10
20140620059: 1 2 6 ; 9
20140620060: 1 2 4 ; 7
20140620061: 1 4 5 ; 10
20140620062: 1 4 5 ; 10
20140620063: 2 3 5 ; 10
20140620064: 1 3 4 ; 8
20140620065: 3 5 5 ; 13
20140620066: 1 2 5 ; 8
20140620067: 2 6 6 ; 14
20140620068: 3 3 6 ; 12
20140620069: 1 5 5 ; 11
20140620070: 2 5 6 ; 13
20140620071: 5 5 6 ; 16
20140620072: 1 5 5 ; 11
20140620073: 1 4 6 ; 11
20140620074: 2 5 6 ; 13
20140620075: 4 6 6 ; 16
20140620076: 2 5 6 ; 13
20140620077: 2 4 5 ; 11
20140620078: 2 3 5 ; 10
