20140722001: 5 5 6 ; 16
20140722002: 1 2 3 ; 6
20140722003: 1 4 6 ; 11
20140722004: 1 3 3 ; 7
20140722005: 1 4 6 ; 11
20140722006: 5 6 6 ; 17
20140722007: 2 2 5 ; 9
20140722008: 2 2 6 ; 10
20140722009: 1 2 5 ; 8
20140722010: 5 5 5 ; 15
20140722011: 2 5 5 ; 12
20140722012: 3 4 4 ; 11
20140722013: 2 3 4 ; 9
20140722014: 2 4 6 ; 12
20140722015: 3 4 6 ; 13
20140722016: 2 4 6 ; 12
20140722017: 4 4 5 ; 13
20140722018: 2 2 3 ; 7
20140722019: 2 3 4 ; 9
20140722020: 1 2 5 ; 8
20140722021: 4 4 6 ; 14
20140722022: 2 5 5 ; 12
20140722023: 1 2 5 ; 8
20140722024: 1 4 6 ; 11
20140722025: 5 6 6 ; 17
20140722026: 5 5 5 ; 15
20140722027: 3 4 6 ; 13
20140722028: 3 4 5 ; 12
20140722029: 1 2 3 ; 6
20140722030: 4 4 5 ; 13
20140722031: 1 2 6 ; 9
20140722032: 3 4 5 ; 12
20140722033: 1 2 4 ; 7
20140722034: 1 3 3 ; 7
20140722035: 2 5 5 ; 12
20140722036: 2 4 6 ; 12
20140722037: 1 2 2 ; 5
20140722038: 3 4 6 ; 13
20140722039: 1 1 6 ; 8
20140722040: 2 3 6 ; 11
20140722041: 1 1 4 ; 6
20140722042: 1 5 6 ; 12
20140722043: 2 3 5 ; 10
20140722044: 2 3 6 ; 11
20140722045: 2 3 5 ; 10
20140722046: 1 3 4 ; 8
20140722047: 3 4 5 ; 12
20140722048: 1 4 5 ; 10
20140722049: 4 6 6 ; 16
20140722050: 1 2 5 ; 8
20140722051: 3 3 6 ; 12
20140722052: 1 5 5 ; 11
20140722053: 1 2 3 ; 6
20140722054: 1 1 2 ; 4
20140722055: 2 5 6 ; 13
20140722056: 1 1 5 ; 7
20140722057: 2 5 5 ; 12
20140722058: 4 5 6 ; 15
20140722059: 2 5 5 ; 12
20140722060: 2 5 5 ; 12
20140722061: 2 5 5 ; 12
20140722062: 1 2 5 ; 8
20140722063: 2 3 6 ; 11
20140722064: 4 6 6 ; 16
20140722065: 2 2 3 ; 7
20140722066: 2 4 6 ; 12
20140722067: 3 3 4 ; 10
20140722068: 1 4 6 ; 11
20140722069: 1 4 6 ; 11
20140722070: 2 3 5 ; 10
20140722071: 2 3 6 ; 11
20140722072: 1 3 5 ; 9
20140722073: 1 2 5 ; 8
20140722074: 1 1 3 ; 5
20140722075: 1 2 6 ; 9
20140722076: 2 4 6 ; 12
20140722077: 2 2 4 ; 8
20140722078: 2 4 5 ; 11
