20140613001: 2 4 6 ; 12
20140613002: 2 3 6 ; 11
20140613003: 2 4 5 ; 11
20140613004: 1 4 5 ; 10
20140613005: 2 4 6 ; 12
20140613006: 1 4 5 ; 10
20140613007: 2 4 6 ; 12
20140613008: 1 4 5 ; 10
20140613009: 3 3 3 ; 9
20140613010: 4 5 6 ; 15
20140613011: 3 5 5 ; 13
20140613012: 2 3 5 ; 10
20140613013: 1 2 3 ; 6
20140613014: 4 5 6 ; 15
20140613015: 4 5 6 ; 15
20140613016: 1 2 4 ; 7
20140613017: 1 3 3 ; 7
20140613018: 1 2 5 ; 8
20140613019: 2 4 5 ; 11
20140613020: 3 4 5 ; 12
20140613021: 2 5 6 ; 13
20140613022: 4 5 6 ; 15
20140613023: 3 5 6 ; 14
20140613024: 1 1 5 ; 7
20140613025: 1 3 6 ; 10
20140613026: 1 5 5 ; 11
20140613027: 3 4 5 ; 12
20140613028: 1 4 5 ; 10
20140613029: 1 2 5 ; 8
20140613030: 2 3 5 ; 10
20140613031: 2 3 5 ; 10
20140613032: 2 4 5 ; 11
20140613033: 2 4 6 ; 12
20140613034: 2 5 6 ; 13
20140613035: 1 1 6 ; 8
20140613036: 1 6 6 ; 13
20140613037: 1 4 5 ; 10
20140613038: 3 3 6 ; 12
20140613039: 1 3 5 ; 9
20140613040: 4 4 4 ; 12
20140613041: 2 2 3 ; 7
20140613042: 1 1 2 ; 4
20140613043: 1 1 3 ; 5
20140613044: 2 3 4 ; 9
20140613045: 1 2 5 ; 8
20140613046: 1 4 4 ; 9
20140613047: 2 2 5 ; 9
20140613048: 5 5 5 ; 15
20140613049: 1 2 5 ; 8
20140613050: 2 5 5 ; 12
20140613051: 2 3 3 ; 8
20140613052: 2 6 6 ; 14
20140613053: 3 4 4 ; 11
20140613054: 4 5 5 ; 14
20140613055: 2 3 5 ; 10
20140613056: 2 3 3 ; 8
20140613057: 1 2 5 ; 8
20140613058: 1 2 6 ; 9
20140613059: 2 4 4 ; 10
20140613060: 3 4 5 ; 12
20140613061: 2 3 6 ; 11
20140613062: 2 4 5 ; 11
20140613063: 3 6 6 ; 15
20140613064: 1 1 4 ; 6
20140613065: 1 3 6 ; 10
20140613066: 1 2 6 ; 9
20140613067: 1 4 5 ; 10
20140613068: 1 1 6 ; 8
20140613069: 3 4 5 ; 12
20140613070: 1 6 6 ; 13
20140613071: 3 5 6 ; 14
20140613072: 1 3 3 ; 7
20140613073: 1 5 6 ; 12
20140613074: 2 3 4 ; 9
20140613075: 1 1 2 ; 4
20140613076: 1 1 4 ; 6
20140613077: 1 3 4 ; 8
20140613078: 1 1 2 ; 4
