20140419001: 1 3 4 ; 8
20140419002: 3 4 5 ; 12
20140419003: 1 6 6 ; 13
20140419004: 3 3 6 ; 12
20140419005: 2 5 6 ; 13
20140419006: 3 3 5 ; 11
20140419007: 4 4 6 ; 14
20140419008: 1 4 4 ; 9
20140419009: 1 3 3 ; 7
20140419010: 1 3 5 ; 9
20140419011: 1 2 4 ; 7
20140419012: 5 6 6 ; 17
20140419013: 2 4 6 ; 12
20140419014: 3 3 3 ; 9
20140419015: 1 6 6 ; 13
20140419016: 4 5 5 ; 14
20140419017: 1 5 5 ; 11
20140419018: 2 4 5 ; 11
20140419019: 1 2 3 ; 6
20140419020: 1 2 4 ; 7
20140419021: 2 6 6 ; 14
20140419022: 2 5 6 ; 13
20140419023: 1 5 5 ; 11
20140419024: 3 5 6 ; 14
20140419025: 3 3 6 ; 12
20140419026: 1 1 5 ; 7
20140419027: 1 1 2 ; 4
20140419028: 1 4 5 ; 10
20140419029: 2 4 5 ; 11
20140419030: 1 4 5 ; 10
20140419031: 1 2 5 ; 8
20140419032: 1 2 6 ; 9
20140419033: 3 4 5 ; 12
20140419034: 2 3 5 ; 10
20140419035: 2 3 4 ; 9
20140419036: 3 5 6 ; 14
20140419037: 1 3 4 ; 8
20140419038: 3 5 6 ; 14
20140419039: 2 2 3 ; 7
20140419040: 1 4 5 ; 10
20140419041: 1 4 6 ; 11
20140419042: 3 5 6 ; 14
20140419043: 1 5 6 ; 12
20140419044: 2 3 4 ; 9
20140419045: 2 5 6 ; 13
20140419046: 3 3 6 ; 12
20140419047: 3 6 6 ; 15
20140419048: 2 2 2 ; 6
20140419049: 3 3 6 ; 12
20140419050: 2 2 6 ; 10
20140419051: 4 6 6 ; 16
20140419052: 2 2 4 ; 8
20140419053: 1 5 5 ; 11
20140419054: 1 4 5 ; 10
20140419055: 1 5 6 ; 12
20140419056: 1 1 1 ; 3
20140419057: 2 4 6 ; 12
20140419058: 2 3 6 ; 11
20140419059: 4 5 5 ; 14
20140419060: 1 5 5 ; 11
20140419061: 4 4 5 ; 13
20140419062: 2 4 5 ; 11
20140419063: 3 3 5 ; 11
20140419064: 1 4 4 ; 9
20140419065: 3 4 5 ; 12
20140419066: 5 6 6 ; 17
20140419067: 3 4 5 ; 12
20140419068: 1 4 5 ; 10
20140419069: 2 3 4 ; 9
20140419070: 1 1 3 ; 5
20140419071: 1 1 6 ; 8
20140419072: 2 2 6 ; 10
20140419073: 1 3 6 ; 10
20140419074: 2 6 6 ; 14
20140419075: 5 5 6 ; 16
20140419076: 2 3 4 ; 9
20140419077: 1 5 6 ; 12
20140419078: 3 6 6 ; 15
