20140626001: 2 3 3 ; 8
20140626002: 1 3 5 ; 9
20140626003: 2 3 4 ; 9
20140626004: 3 5 5 ; 13
20140626005: 2 2 6 ; 10
20140626006: 2 4 6 ; 12
20140626007: 3 3 6 ; 12
20140626008: 5 6 6 ; 17
20140626009: 3 4 6 ; 13
20140626010: 1 1 4 ; 6
20140626011: 2 3 6 ; 11
20140626012: 2 5 6 ; 13
20140626013: 1 1 4 ; 6
20140626014: 1 3 6 ; 10
20140626015: 3 4 6 ; 13
20140626016: 2 4 4 ; 10
20140626017: 3 5 6 ; 14
20140626018: 1 2 3 ; 6
20140626019: 1 2 4 ; 7
20140626020: 4 4 4 ; 12
20140626021: 4 5 6 ; 15
20140626022: 4 5 6 ; 15
20140626023: 2 4 5 ; 11
20140626024: 1 1 6 ; 8
20140626025: 1 3 5 ; 9
20140626026: 1 4 5 ; 10
20140626027: 1 2 3 ; 6
20140626028: 4 5 6 ; 15
20140626029: 2 2 4 ; 8
20140626030: 5 6 6 ; 17
20140626031: 3 4 6 ; 13
20140626032: 2 3 3 ; 8
20140626033: 1 2 6 ; 9
20140626034: 2 5 6 ; 13
20140626035: 2 2 6 ; 10
20140626036: 1 3 5 ; 9
20140626037: 2 4 6 ; 12
20140626038: 3 5 6 ; 14
20140626039: 4 5 5 ; 14
20140626040: 1 1 4 ; 6
20140626041: 2 3 5 ; 10
20140626042: 3 4 4 ; 11
20140626043: 3 5 6 ; 14
20140626044: 2 3 4 ; 9
20140626045: 5 6 6 ; 17
20140626046: 3 4 5 ; 12
20140626047: 1 4 6 ; 11
20140626048: 2 3 6 ; 11
20140626049: 1 2 5 ; 8
20140626050: 1 2 2 ; 5
20140626051: 1 4 4 ; 9
20140626052: 1 2 6 ; 9
20140626053: 1 3 6 ; 10
20140626054: 1 3 4 ; 8
20140626055: 5 6 6 ; 17
20140626056: 4 6 6 ; 16
20140626057: 1 1 5 ; 7
20140626058: 1 2 5 ; 8
20140626059: 2 4 6 ; 12
20140626060: 3 4 6 ; 13
20140626061: 1 2 4 ; 7
20140626062: 1 2 4 ; 7
20140626063: 2 3 5 ; 10
20140626064: 3 4 4 ; 11
20140626065: 3 3 6 ; 12
20140626066: 1 2 5 ; 8
20140626067: 2 5 6 ; 13
20140626068: 1 2 6 ; 9
20140626069: 3 3 6 ; 12
20140626070: 1 2 4 ; 7
20140626071: 1 1 6 ; 8
20140626072: 3 3 6 ; 12
20140626073: 2 6 6 ; 14
20140626074: 1 4 5 ; 10
20140626075: 2 3 5 ; 10
20140626076: 1 3 4 ; 8
20140626077: 1 2 6 ; 9
20140626078: 3 6 6 ; 15
