20140821001: 1 1 5 ; 7
20140821002: 4 4 6 ; 14
20140821003: 1 2 3 ; 6
20140821004: 2 5 6 ; 13
20140821005: 1 2 4 ; 7
20140821006: 3 3 5 ; 11
20140821007: 2 4 4 ; 10
20140821008: 2 4 5 ; 11
20140821009: 2 3 5 ; 10
20140821010: 1 3 4 ; 8
20140821011: 1 1 5 ; 7
20140821012: 2 4 6 ; 12
20140821013: 4 5 6 ; 15
20140821014: 2 4 4 ; 10
20140821015: 4 5 6 ; 15
20140821016: 1 6 6 ; 13
20140821017: 1 3 3 ; 7
20140821018: 2 5 6 ; 13
20140821019: 1 1 2 ; 4
20140821020: 2 4 5 ; 11
20140821021: 1 2 3 ; 6
20140821022: 1 3 6 ; 10
20140821023: 1 4 4 ; 9
20140821024: 2 2 3 ; 7
20140821025: 3 4 6 ; 13
20140821026: 3 5 6 ; 14
20140821027: 1 2 4 ; 7
20140821028: 3 3 4 ; 10
20140821029: 2 4 4 ; 10
20140821030: 1 3 5 ; 9
20140821031: 3 3 6 ; 12
20140821032: 2 4 5 ; 11
20140821033: 1 1 6 ; 8
20140821034: 4 5 5 ; 14
20140821035: 2 3 4 ; 9
20140821036: 3 5 6 ; 14
20140821037: 2 2 4 ; 8
20140821038: 2 5 6 ; 13
20140821039: 4 6 6 ; 16
20140821040: 1 1 3 ; 5
20140821041: 2 2 4 ; 8
20140821042: 4 5 6 ; 15
20140821043: 2 2 5 ; 9
20140821044: 2 2 6 ; 10
20140821045: 3 4 5 ; 12
20140821046: 2 3 5 ; 10
20140821047: 2 2 3 ; 7
20140821048: 2 2 5 ; 9
20140821049: 1 5 5 ; 11
20140821050: 1 2 2 ; 5
20140821051: 2 4 6 ; 12
20140821052: 1 6 6 ; 13
20140821053: 1 4 5 ; 10
20140821054: 6 6 6 ; 18
20140821055: 1 2 5 ; 8
20140821056: 1 2 2 ; 5
20140821057: 1 4 5 ; 10
20140821058: 1 4 6 ; 11
20140821059: 2 4 6 ; 12
20140821060: 3 4 6 ; 13
20140821061: 1 1 6 ; 8
20140821062: 3 4 6 ; 13
20140821063: 2 3 4 ; 9
20140821064: 2 3 6 ; 11
20140821065: 1 1 5 ; 7
20140821066: 2 4 6 ; 12
20140821067: 1 4 4 ; 9
20140821068: 2 4 4 ; 10
20140821069: 1 3 5 ; 9
20140821070: 2 4 5 ; 11
20140821071: 4 6 6 ; 16
20140821072: 2 2 5 ; 9
20140821073: 2 3 5 ; 10
20140821074: 1 2 5 ; 8
20140821075: 1 3 5 ; 9
20140821076: 1 4 5 ; 10
20140821077: 1 1 6 ; 8
20140821078: 2 6 6 ; 14
