20140702001: 1 3 5 ; 9
20140702002: 1 2 2 ; 5
20140702003: 1 2 2 ; 5
20140702004: 2 3 6 ; 11
20140702005: 2 3 4 ; 9
20140702006: 1 2 2 ; 5
20140702007: 3 4 4 ; 11
20140702008: 1 3 6 ; 10
20140702009: 3 4 5 ; 12
20140702010: 1 1 3 ; 5
20140702011: 1 6 6 ; 13
20140702012: 4 4 5 ; 13
20140702013: 1 5 6 ; 12
20140702014: 4 4 5 ; 13
20140702015: 1 4 4 ; 9
20140702016: 1 3 3 ; 7
20140702017: 1 3 4 ; 8
20140702018: 4 5 5 ; 14
20140702019: 2 2 3 ; 7
20140702020: 3 4 4 ; 11
20140702021: 2 2 5 ; 9
20140702022: 1 2 4 ; 7
20140702023: 1 4 5 ; 10
20140702024: 2 2 5 ; 9
20140702025: 3 4 4 ; 11
20140702026: 1 2 5 ; 8
20140702027: 1 1 3 ; 5
20140702028: 2 3 5 ; 10
20140702029: 1 4 6 ; 11
20140702030: 4 4 6 ; 14
20140702031: 1 6 6 ; 13
20140702032: 2 2 5 ; 9
20140702033: 4 4 6 ; 14
20140702034: 1 3 6 ; 10
20140702035: 3 5 6 ; 14
20140702036: 3 4 5 ; 12
20140702037: 1 2 3 ; 6
20140702038: 5 5 6 ; 16
20140702039: 1 5 6 ; 12
20140702040: 2 3 3 ; 8
20140702041: 1 3 5 ; 9
20140702042: 1 2 4 ; 7
20140702043: 2 5 6 ; 13
20140702044: 2 4 6 ; 12
20140702045: 3 4 6 ; 13
20140702046: 1 2 5 ; 8
20140702047: 3 5 6 ; 14
20140702048: 2 4 5 ; 11
20140702049: 1 2 6 ; 9
20140702050: 1 4 5 ; 10
20140702051: 2 4 4 ; 10
20140702052: 2 5 5 ; 12
20140702053: 1 4 6 ; 11
20140702054: 1 1 4 ; 6
20140702055: 2 3 5 ; 10
20140702056: 5 5 6 ; 16
20140702057: 1 4 5 ; 10
20140702058: 1 3 4 ; 8
20140702059: 3 4 6 ; 13
20140702060: 2 3 4 ; 9
20140702061: 2 3 4 ; 9
20140702062: 2 2 6 ; 10
20140702063: 3 4 6 ; 13
20140702064: 3 6 6 ; 15
20140702065: 3 4 5 ; 12
20140702066: 4 5 5 ; 14
20140702067: 3 4 5 ; 12
20140702068: 2 3 5 ; 10
20140702069: 1 1 2 ; 4
20140702070: 2 5 6 ; 13
20140702071: 1 3 6 ; 10
20140702072: 1 4 6 ; 11
20140702073: 3 5 6 ; 14
20140702074: 2 2 5 ; 9
20140702075: 2 3 5 ; 10
20140702076: 1 5 6 ; 12
20140702077: 2 4 4 ; 10
20140702078: 2 2 6 ; 10
