20140807001: 5 6 6 ; 17
20140807002: 1 1 5 ; 7
20140807003: 2 5 5 ; 12
20140807004: 3 4 4 ; 11
20140807005: 1 3 5 ; 9
20140807006: 1 1 6 ; 8
20140807007: 1 2 4 ; 7
20140807008: 1 5 6 ; 12
20140807009: 2 2 3 ; 7
20140807010: 2 5 5 ; 12
20140807011: 1 2 4 ; 7
20140807012: 1 2 5 ; 8
20140807013: 3 6 6 ; 15
20140807014: 1 3 5 ; 9
20140807015: 1 3 4 ; 8
20140807016: 1 3 5 ; 9
20140807017: 4 6 6 ; 16
20140807018: 2 6 6 ; 14
20140807019: 2 5 6 ; 13
20140807020: 1 6 6 ; 13
20140807021: 2 4 6 ; 12
20140807022: 1 4 5 ; 10
20140807023: 3 5 6 ; 14
20140807024: 1 3 4 ; 8
20140807025: 2 2 5 ; 9
20140807026: 1 3 5 ; 9
20140807027: 1 3 6 ; 10
20140807028: 3 4 5 ; 12
20140807029: 1 2 2 ; 5
20140807030: 1 4 6 ; 11
20140807031: 3 5 6 ; 14
20140807032: 3 4 5 ; 12
20140807033: 4 4 5 ; 13
20140807034: 1 2 5 ; 8
20140807035: 1 5 6 ; 12
20140807036: 1 4 6 ; 11
20140807037: 1 3 5 ; 9
20140807038: 4 5 5 ; 14
20140807039: 4 6 6 ; 16
20140807040: 2 3 4 ; 9
20140807041: 4 4 6 ; 14
20140807042: 1 1 6 ; 8
20140807043: 2 2 4 ; 8
20140807044: 3 4 6 ; 13
20140807045: 2 4 5 ; 11
20140807046: 1 4 6 ; 11
20140807047: 4 5 6 ; 15
20140807048: 2 4 5 ; 11
20140807049: 3 5 6 ; 14
20140807050: 1 3 4 ; 8
20140807051: 1 2 6 ; 9
20140807052: 2 2 3 ; 7
20140807053: 2 5 6 ; 13
20140807054: 1 2 5 ; 8
20140807055: 2 3 4 ; 9
20140807056: 2 4 5 ; 11
20140807057: 3 5 6 ; 14
20140807058: 1 1 2 ; 4
20140807059: 1 5 5 ; 11
20140807060: 2 4 4 ; 10
20140807061: 2 2 5 ; 9
20140807062: 2 4 5 ; 11
20140807063: 3 4 5 ; 12
20140807064: 2 3 4 ; 9
20140807065: 1 3 4 ; 8
20140807066: 1 2 3 ; 6
20140807067: 1 4 5 ; 10
20140807068: 1 3 5 ; 9
20140807069: 3 3 4 ; 10
20140807070: 1 1 6 ; 8
20140807071: 2 4 5 ; 11
20140807072: 1 3 5 ; 9
20140807073: 1 6 6 ; 13
20140807074: 1 3 4 ; 8
20140807075: 1 1 2 ; 4
20140807076: 1 1 3 ; 5
20140807077: 1 1 3 ; 5
20140807078: 3 3 4 ; 10
