20140122001: 2 3 6 ; 11
20140122002: 1 2 4 ; 7
20140122003: 2 3 5 ; 10
20140122004: 2 5 6 ; 13
20140122005: 2 3 5 ; 10
20140122006: 3 5 5 ; 13
20140122007: 1 2 4 ; 7
20140122008: 3 3 5 ; 11
20140122009: 1 2 6 ; 9
20140122010: 3 4 6 ; 13
20140122011: 1 6 6 ; 13
20140122012: 2 6 6 ; 14
20140122013: 1 2 3 ; 6
20140122014: 1 3 6 ; 10
20140122015: 2 2 2 ; 6
20140122016: 3 4 5 ; 12
20140122017: 1 2 3 ; 6
20140122018: 2 3 5 ; 10
20140122019: 3 4 5 ; 12
20140122020: 2 5 6 ; 13
20140122021: 2 2 5 ; 9
20140122022: 2 5 6 ; 13
20140122023: 2 6 6 ; 14
20140122024: 1 3 5 ; 9
20140122025: 4 5 6 ; 15
20140122026: 4 4 6 ; 14
20140122027: 1 2 2 ; 5
20140122028: 1 3 6 ; 10
20140122029: 1 1 2 ; 4
20140122030: 1 2 5 ; 8
20140122031: 2 5 6 ; 13
20140122032: 3 4 5 ; 12
20140122033: 1 4 4 ; 9
20140122034: 4 5 6 ; 15
20140122035: 2 4 5 ; 11
20140122036: 5 5 6 ; 16
20140122037: 5 5 6 ; 16
20140122038: 1 1 4 ; 6
20140122039: 1 5 6 ; 12
20140122040: 1 2 2 ; 5
20140122041: 1 2 5 ; 8
20140122042: 2 6 6 ; 14
20140122043: 1 1 4 ; 6
20140122044: 2 5 5 ; 12
20140122045: 2 2 3 ; 7
20140122046: 1 2 4 ; 7
20140122047: 1 5 6 ; 12
20140122048: 3 4 5 ; 12
20140122049: 1 4 4 ; 9
20140122050: 1 4 6 ; 11
20140122051: 1 2 6 ; 9
20140122052: 1 2 6 ; 9
20140122053: 2 4 6 ; 12
20140122054: 4 5 5 ; 14
20140122055: 1 4 6 ; 11
20140122056: 1 3 5 ; 9
20140122057: 3 3 6 ; 12
20140122058: 3 3 5 ; 11
20140122059: 2 3 6 ; 11
20140122060: 1 2 4 ; 7
20140122061: 2 3 6 ; 11
20140122062: 1 1 2 ; 4
20140122063: 1 1 3 ; 5
20140122064: 2 3 4 ; 9
20140122065: 1 3 3 ; 7
20140122066: 2 3 6 ; 11
20140122067: 3 4 4 ; 11
20140122068: 1 4 4 ; 9
20140122069: 1 3 6 ; 10
20140122070: 1 1 3 ; 5
20140122071: 1 3 4 ; 8
20140122072: 5 5 6 ; 16
20140122073: 3 4 5 ; 12
20140122074: 2 3 6 ; 11
20140122075: 3 3 5 ; 11
20140122076: 3 4 4 ; 11
20140122077: 1 2 3 ; 6
20140122078: 1 2 3 ; 6
