20140111001: 3 4 5 ; 12
20140111002: 3 4 5 ; 12
20140111003: 3 4 6 ; 13
20140111004: 1 3 4 ; 8
20140111005: 3 4 6 ; 13
20140111006: 3 4 5 ; 12
20140111007: 1 2 5 ; 8
20140111008: 2 3 6 ; 11
20140111009: 1 4 4 ; 9
20140111010: 1 2 2 ; 5
20140111011: 1 3 5 ; 9
20140111012: 1 3 6 ; 10
20140111013: 3 3 6 ; 12
20140111014: 4 5 5 ; 14
20140111015: 2 3 6 ; 11
20140111016: 2 4 4 ; 10
20140111017: 1 5 6 ; 12
20140111018: 2 2 5 ; 9
20140111019: 1 3 6 ; 10
20140111020: 1 3 4 ; 8
20140111021: 3 5 5 ; 13
20140111022: 2 3 6 ; 11
20140111023: 1 1 4 ; 6
20140111024: 1 3 6 ; 10
20140111025: 2 3 6 ; 11
20140111026: 3 5 6 ; 14
20140111027: 4 5 6 ; 15
20140111028: 6 6 6 ; 18
20140111029: 2 3 6 ; 11
20140111030: 2 2 3 ; 7
20140111031: 2 3 4 ; 9
20140111032: 1 1 4 ; 6
20140111033: 1 2 4 ; 7
20140111034: 2 4 6 ; 12
20140111035: 1 4 5 ; 10
20140111036: 1 3 6 ; 10
20140111037: 1 2 3 ; 6
20140111038: 3 3 6 ; 12
20140111039: 3 4 6 ; 13
20140111040: 3 4 5 ; 12
20140111041: 3 6 6 ; 15
20140111042: 1 1 2 ; 4
20140111043: 2 3 4 ; 9
20140111044: 3 5 6 ; 14
20140111045: 2 4 6 ; 12
20140111046: 2 5 5 ; 12
20140111047: 3 6 6 ; 15
20140111048: 2 4 5 ; 11
20140111049: 1 1 1 ; 3
20140111050: 1 2 3 ; 6
20140111051: 1 3 5 ; 9
20140111052: 1 4 5 ; 10
20140111053: 2 2 4 ; 8
20140111054: 3 4 6 ; 13
20140111055: 1 5 6 ; 12
20140111056: 3 3 5 ; 11
20140111057: 2 4 5 ; 11
20140111058: 2 5 5 ; 12
20140111059: 2 4 5 ; 11
20140111060: 4 6 6 ; 16
20140111061: 2 3 3 ; 8
20140111062: 1 2 6 ; 9
20140111063: 1 6 6 ; 13
20140111064: 2 4 6 ; 12
20140111065: 2 2 4 ; 8
20140111066: 1 1 6 ; 8
20140111067: 4 5 6 ; 15
20140111068: 1 1 6 ; 8
20140111069: 2 4 4 ; 10
20140111070: 4 6 6 ; 16
20140111071: 4 5 6 ; 15
20140111072: 2 5 6 ; 13
20140111073: 1 2 3 ; 6
20140111074: 1 3 6 ; 10
20140111075: 4 5 5 ; 14
20140111076: 1 1 3 ; 5
20140111077: 5 6 6 ; 17
20140111078: 2 2 5 ; 9
