20140207001: 3 3 6 ; 12
20140207002: 2 3 5 ; 10
20140207003: 4 5 6 ; 15
20140207004: 1 1 5 ; 7
20140207005: 2 3 6 ; 11
20140207006: 2 3 4 ; 9
20140207007: 5 6 6 ; 17
20140207008: 1 2 4 ; 7
20140207009: 3 4 5 ; 12
20140207010: 2 5 5 ; 12
20140207011: 2 2 5 ; 9
20140207012: 1 1 5 ; 7
20140207013: 2 4 6 ; 12
20140207014: 2 5 5 ; 12
20140207015: 3 4 6 ; 13
20140207016: 2 3 6 ; 11
20140207017: 2 3 4 ; 9
20140207018: 4 4 5 ; 13
20140207019: 4 5 6 ; 15
20140207020: 3 4 6 ; 13
20140207021: 5 5 5 ; 15
20140207022: 1 2 5 ; 8
20140207023: 2 4 5 ; 11
20140207024: 3 6 6 ; 15
20140207025: 2 3 4 ; 9
20140207026: 2 3 5 ; 10
20140207027: 2 3 5 ; 10
20140207028: 1 5 6 ; 12
20140207029: 3 3 5 ; 11
20140207030: 1 3 5 ; 9
20140207031: 4 5 6 ; 15
20140207032: 1 2 3 ; 6
20140207033: 1 2 4 ; 7
20140207034: 4 5 6 ; 15
20140207035: 3 4 6 ; 13
20140207036: 1 4 4 ; 9
20140207037: 2 3 4 ; 9
20140207038: 1 2 6 ; 9
20140207039: 2 3 5 ; 10
20140207040: 4 5 6 ; 15
20140207041: 1 3 4 ; 8
20140207042: 3 6 6 ; 15
20140207043: 2 3 3 ; 8
20140207044: 4 6 6 ; 16
20140207045: 3 3 6 ; 12
20140207046: 1 5 5 ; 11
20140207047: 4 4 5 ; 13
20140207048: 4 4 6 ; 14
20140207049: 1 2 4 ; 7
20140207050: 1 4 4 ; 9
20140207051: 1 1 3 ; 5
20140207052: 2 4 6 ; 12
20140207053: 2 3 6 ; 11
20140207054: 2 3 4 ; 9
20140207055: 5 6 6 ; 17
20140207056: 6 6 6 ; 18
20140207057: 1 2 6 ; 9
20140207058: 4 5 6 ; 15
20140207059: 1 3 6 ; 10
20140207060: 2 3 3 ; 8
20140207061: 1 1 2 ; 4
20140207062: 2 3 4 ; 9
20140207063: 1 2 5 ; 8
20140207064: 1 2 4 ; 7
20140207065: 2 5 6 ; 13
20140207066: 2 4 5 ; 11
20140207067: 2 4 6 ; 12
20140207068: 2 3 4 ; 9
20140207069: 1 2 5 ; 8
20140207070: 1 5 5 ; 11
20140207071: 1 2 3 ; 6
20140207072: 1 4 4 ; 9
20140207073: 5 6 6 ; 17
20140207074: 1 4 6 ; 11
20140207075: 4 4 6 ; 14
20140207076: 2 5 6 ; 13
20140207077: 2 4 5 ; 11
20140207078: 3 4 6 ; 13
