20140813001: 3 6 6 ; 15
20140813002: 1 5 5 ; 11
20140813003: 1 1 5 ; 7
20140813004: 2 3 6 ; 11
20140813005: 1 2 6 ; 9
20140813006: 3 3 4 ; 10
20140813007: 5 6 6 ; 17
20140813008: 3 4 6 ; 13
20140813009: 1 4 5 ; 10
20140813010: 1 1 1 ; 3
20140813011: 1 2 3 ; 6
20140813012: 1 2 4 ; 7
20140813013: 1 2 5 ; 8
20140813014: 2 6 6 ; 14
20140813015: 2 3 3 ; 8
20140813016: 2 3 5 ; 10
20140813017: 1 3 6 ; 10
20140813018: 1 2 2 ; 5
20140813019: 1 2 2 ; 5
20140813020: 2 5 6 ; 13
20140813021: 2 2 6 ; 10
20140813022: 2 5 5 ; 12
20140813023: 1 1 3 ; 5
20140813024: 2 6 6 ; 14
20140813025: 2 6 6 ; 14
20140813026: 6 6 6 ; 18
20140813027: 1 1 3 ; 5
20140813028: 1 4 4 ; 9
20140813029: 3 4 5 ; 12
20140813030: 1 2 5 ; 8
20140813031: 2 4 6 ; 12
20140813032: 1 3 5 ; 9
20140813033: 1 4 4 ; 9
20140813034: 3 4 6 ; 13
20140813035: 6 6 6 ; 18
20140813036: 1 5 6 ; 12
20140813037: 3 5 6 ; 14
20140813038: 2 2 5 ; 9
20140813039: 1 2 4 ; 7
20140813040: 1 1 4 ; 6
20140813041: 3 3 5 ; 11
20140813042: 2 3 6 ; 11
20140813043: 1 3 4 ; 8
20140813044: 1 5 5 ; 11
20140813045: 4 4 5 ; 13
20140813046: 4 5 6 ; 15
20140813047: 2 3 5 ; 10
20140813048: 1 1 5 ; 7
20140813049: 1 6 6 ; 13
20140813050: 1 5 6 ; 12
20140813051: 2 2 3 ; 7
20140813052: 1 1 3 ; 5
20140813053: 1 1 6 ; 8
20140813054: 2 3 4 ; 9
20140813055: 3 4 6 ; 13
20140813056: 1 5 6 ; 12
20140813057: 1 2 6 ; 9
20140813058: 1 4 5 ; 10
20140813059: 1 2 4 ; 7
20140813060: 1 5 5 ; 11
20140813061: 2 3 5 ; 10
20140813062: 4 5 5 ; 14
20140813063: 4 5 6 ; 15
20140813064: 1 5 6 ; 12
20140813065: 2 2 4 ; 8
20140813066: 2 3 6 ; 11
20140813067: 2 5 6 ; 13
20140813068: 1 2 2 ; 5
20140813069: 3 4 6 ; 13
20140813070: 1 1 2 ; 4
20140813071: 2 3 4 ; 9
20140813072: 2 3 5 ; 10
20140813073: 1 2 5 ; 8
20140813074: 1 2 4 ; 7
20140813075: 5 6 6 ; 17
20140813076: 3 4 5 ; 12
20140813077: 2 2 6 ; 10
20140813078: 2 2 2 ; 6
