20140506001: 3 5 5 ; 13
20140506002: 1 4 4 ; 9
20140506003: 2 5 6 ; 13
20140506004: 1 2 6 ; 9
20140506005: 4 5 6 ; 15
20140506006: 3 3 5 ; 11
20140506007: 1 2 5 ; 8
20140506008: 1 1 6 ; 8
20140506009: 1 3 6 ; 10
20140506010: 4 4 5 ; 13
20140506011: 1 2 4 ; 7
20140506012: 1 2 3 ; 6
20140506013: 3 5 6 ; 14
20140506014: 4 4 6 ; 14
20140506015: 2 3 5 ; 10
20140506016: 1 2 6 ; 9
20140506017: 4 5 6 ; 15
20140506018: 2 3 4 ; 9
20140506019: 3 4 5 ; 12
20140506020: 2 2 6 ; 10
20140506021: 2 2 5 ; 9
20140506022: 2 4 4 ; 10
20140506023: 1 3 6 ; 10
20140506024: 4 4 5 ; 13
20140506025: 3 4 5 ; 12
20140506026: 1 3 6 ; 10
20140506027: 1 4 6 ; 11
20140506028: 3 3 5 ; 11
20140506029: 1 2 6 ; 9
20140506030: 1 2 4 ; 7
20140506031: 2 3 5 ; 10
20140506032: 2 5 6 ; 13
20140506033: 1 6 6 ; 13
20140506034: 3 4 6 ; 13
20140506035: 1 5 6 ; 12
20140506036: 2 2 4 ; 8
20140506037: 3 4 6 ; 13
20140506038: 5 5 5 ; 15
20140506039: 1 2 6 ; 9
20140506040: 2 3 4 ; 9
20140506041: 1 2 5 ; 8
20140506042: 1 2 4 ; 7
20140506043: 2 2 4 ; 8
20140506044: 1 1 6 ; 8
20140506045: 1 4 4 ; 9
20140506046: 4 4 5 ; 13
20140506047: 1 3 4 ; 8
20140506048: 3 3 5 ; 11
20140506049: 3 4 6 ; 13
20140506050: 1 2 6 ; 9
20140506051: 2 4 6 ; 12
20140506052: 1 1 2 ; 4
20140506053: 1 3 3 ; 7
20140506054: 1 2 5 ; 8
20140506055: 2 4 5 ; 11
20140506056: 1 6 6 ; 13
20140506057: 2 4 4 ; 10
20140506058: 1 2 6 ; 9
20140506059: 1 1 4 ; 6
20140506060: 2 4 6 ; 12
20140506061: 4 5 6 ; 15
20140506062: 4 5 5 ; 14
20140506063: 2 4 4 ; 10
20140506064: 2 2 4 ; 8
20140506065: 1 6 6 ; 13
20140506066: 2 4 5 ; 11
20140506067: 4 5 6 ; 15
20140506068: 1 2 2 ; 5
20140506069: 4 6 6 ; 16
20140506070: 1 2 5 ; 8
20140506071: 3 4 5 ; 12
20140506072: 1 2 6 ; 9
20140506073: 3 4 6 ; 13
20140506074: 1 1 6 ; 8
20140506075: 1 4 6 ; 11
20140506076: 3 5 6 ; 14
20140506077: 1 4 6 ; 11
20140506078: 1 3 5 ; 9
