20140716001: 1 3 6 ; 10
20140716002: 1 4 6 ; 11
20140716003: 4 4 6 ; 14
20140716004: 2 4 4 ; 10
20140716005: 1 2 4 ; 7
20140716006: 4 6 6 ; 16
20140716007: 3 4 5 ; 12
20140716008: 1 3 3 ; 7
20140716009: 3 3 4 ; 10
20140716010: 1 3 3 ; 7
20140716011: 4 4 6 ; 14
20140716012: 5 6 6 ; 17
20140716013: 3 5 5 ; 13
20140716014: 1 3 5 ; 9
20140716015: 1 4 5 ; 10
20140716016: 6 6 6 ; 18
20140716017: 1 2 5 ; 8
20140716018: 4 4 5 ; 13
20140716019: 3 4 5 ; 12
20140716020: 1 1 2 ; 4
20140716021: 1 1 4 ; 6
20140716022: 4 5 5 ; 14
20140716023: 3 5 6 ; 14
20140716024: 1 2 5 ; 8
20140716025: 2 4 6 ; 12
20140716026: 1 4 6 ; 11
20140716027: 5 5 6 ; 16
20140716028: 5 5 5 ; 15
20140716029: 3 3 5 ; 11
20140716030: 1 6 6 ; 13
20140716031: 4 5 6 ; 15
20140716032: 3 5 6 ; 14
20140716033: 2 3 6 ; 11
20140716034: 1 1 3 ; 5
20140716035: 1 6 6 ; 13
20140716036: 2 6 6 ; 14
20140716037: 1 4 4 ; 9
20140716038: 1 4 4 ; 9
20140716039: 3 4 4 ; 11
20140716040: 3 4 5 ; 12
20140716041: 2 3 6 ; 11
20140716042: 2 4 6 ; 12
20140716043: 2 5 5 ; 12
20140716044: 1 5 6 ; 12
20140716045: 1 1 5 ; 7
20140716046: 1 4 5 ; 10
20140716047: 1 1 4 ; 6
20140716048: 1 5 6 ; 12
20140716049: 1 1 2 ; 4
20140716050: 4 5 6 ; 15
20140716051: 2 2 6 ; 10
20140716052: 2 3 5 ; 10
20140716053: 2 3 6 ; 11
20140716054: 3 6 6 ; 15
20140716055: 1 2 4 ; 7
20140716056: 1 2 6 ; 9
20140716057: 1 2 6 ; 9
20140716058: 2 5 6 ; 13
20140716059: 1 2 2 ; 5
20140716060: 2 3 4 ; 9
20140716061: 4 4 6 ; 14
20140716062: 2 3 6 ; 11
20140716063: 1 4 5 ; 10
20140716064: 2 2 2 ; 6
20140716065: 1 3 3 ; 7
20140716066: 5 5 6 ; 16
20140716067: 2 2 5 ; 9
20140716068: 1 1 3 ; 5
20140716069: 4 5 6 ; 15
20140716070: 1 2 3 ; 6
20140716071: 1 2 6 ; 9
20140716072: 1 3 4 ; 8
20140716073: 1 6 6 ; 13
20140716074: 1 4 5 ; 10
20140716075: 5 6 6 ; 17
20140716076: 1 2 5 ; 8
20140716077: 3 3 5 ; 11
20140716078: 3 3 3 ; 9
