20140511001: 1 2 5 ; 8
20140511002: 3 6 6 ; 15
20140511003: 1 3 4 ; 8
20140511004: 2 4 6 ; 12
20140511005: 2 3 4 ; 9
20140511006: 1 1 5 ; 7
20140511007: 4 4 6 ; 14
20140511008: 2 5 5 ; 12
20140511009: 3 4 5 ; 12
20140511010: 2 3 6 ; 11
20140511011: 1 2 6 ; 9
20140511012: 3 4 6 ; 13
20140511013: 1 2 6 ; 9
20140511014: 2 4 6 ; 12
20140511015: 3 4 6 ; 13
20140511016: 1 1 3 ; 5
20140511017: 1 2 2 ; 5
20140511018: 2 5 6 ; 13
20140511019: 1 2 3 ; 6
20140511020: 2 4 6 ; 12
20140511021: 1 2 5 ; 8
20140511022: 2 4 5 ; 11
20140511023: 1 5 6 ; 12
20140511024: 2 5 6 ; 13
20140511025: 2 5 6 ; 13
20140511026: 1 1 5 ; 7
20140511027: 3 3 3 ; 9
20140511028: 1 3 4 ; 8
20140511029: 3 4 5 ; 12
20140511030: 1 3 4 ; 8
20140511031: 3 4 6 ; 13
20140511032: 1 4 6 ; 11
20140511033: 3 4 6 ; 13
20140511034: 5 6 6 ; 17
20140511035: 2 3 4 ; 9
20140511036: 4 5 6 ; 15
20140511037: 1 1 6 ; 8
20140511038: 1 3 5 ; 9
20140511039: 4 5 5 ; 14
20140511040: 2 5 6 ; 13
20140511041: 1 5 5 ; 11
20140511042: 3 4 4 ; 11
20140511043: 4 4 6 ; 14
20140511044: 1 1 4 ; 6
20140511045: 2 6 6 ; 14
20140511046: 2 2 4 ; 8
20140511047: 3 4 5 ; 12
20140511048: 2 5 6 ; 13
20140511049: 2 4 4 ; 10
20140511050: 1 1 6 ; 8
20140511051: 2 4 6 ; 12
20140511052: 4 4 5 ; 13
20140511053: 1 5 5 ; 11
20140511054: 1 1 4 ; 6
20140511055: 1 5 6 ; 12
20140511056: 3 4 5 ; 12
20140511057: 2 4 6 ; 12
20140511058: 1 2 3 ; 6
20140511059: 1 1 5 ; 7
20140511060: 2 3 4 ; 9
20140511061: 2 4 6 ; 12
20140511062: 4 5 5 ; 14
20140511063: 2 4 6 ; 12
20140511064: 3 4 6 ; 13
20140511065: 4 6 6 ; 16
20140511066: 1 3 4 ; 8
20140511067: 1 3 4 ; 8
20140511068: 1 2 5 ; 8
20140511069: 2 3 5 ; 10
20140511070: 1 4 4 ; 9
20140511071: 1 3 5 ; 9
20140511072: 1 3 6 ; 10
20140511073: 1 3 5 ; 9
20140511074: 1 3 4 ; 8
20140511075: 3 6 6 ; 15
20140511076: 1 4 6 ; 11
20140511077: 1 1 6 ; 8
20140511078: 2 6 6 ; 14
