20140105001: 1 3 6 ; 10
20140105002: 1 1 5 ; 7
20140105003: 2 6 6 ; 14
20140105004: 5 5 5 ; 15
20140105005: 2 5 5 ; 12
20140105006: 2 4 4 ; 10
20140105007: 3 4 6 ; 13
20140105008: 2 6 6 ; 14
20140105009: 2 4 5 ; 11
20140105010: 1 1 6 ; 8
20140105011: 1 2 6 ; 9
20140105012: 3 4 6 ; 13
20140105013: 3 4 6 ; 13
20140105014: 1 2 4 ; 7
20140105015: 2 4 5 ; 11
20140105016: 2 3 5 ; 10
20140105017: 2 2 3 ; 7
20140105018: 2 3 5 ; 10
20140105019: 2 4 6 ; 12
20140105020: 1 1 3 ; 5
20140105021: 4 4 6 ; 14
20140105022: 2 4 6 ; 12
20140105023: 2 3 3 ; 8
20140105024: 1 3 4 ; 8
20140105025: 1 4 4 ; 9
20140105026: 2 4 6 ; 12
20140105027: 2 5 6 ; 13
20140105028: 3 3 4 ; 10
20140105029: 1 5 5 ; 11
20140105030: 3 4 4 ; 11
20140105031: 1 5 6 ; 12
20140105032: 2 2 5 ; 9
20140105033: 1 1 3 ; 5
20140105034: 1 6 6 ; 13
20140105035: 2 3 5 ; 10
20140105036: 2 3 4 ; 9
20140105037: 4 4 5 ; 13
20140105038: 3 4 6 ; 13
20140105039: 1 2 2 ; 5
20140105040: 3 4 6 ; 13
20140105041: 5 5 6 ; 16
20140105042: 3 3 4 ; 10
20140105043: 2 6 6 ; 14
20140105044: 2 6 6 ; 14
20140105045: 1 3 5 ; 9
20140105046: 3 3 6 ; 12
20140105047: 2 4 4 ; 10
20140105048: 2 3 6 ; 11
20140105049: 1 1 4 ; 6
20140105050: 3 4 6 ; 13
20140105051: 2 4 6 ; 12
20140105052: 2 2 3 ; 7
20140105053: 4 5 6 ; 15
20140105054: 2 2 6 ; 10
20140105055: 1 5 6 ; 12
20140105056: 2 4 5 ; 11
20140105057: 1 1 5 ; 7
20140105058: 3 5 6 ; 14
20140105059: 1 1 3 ; 5
20140105060: 1 2 4 ; 7
20140105061: 2 3 5 ; 10
20140105062: 4 4 4 ; 12
20140105063: 2 3 3 ; 8
20140105064: 1 5 6 ; 12
20140105065: 1 1 2 ; 4
20140105066: 5 5 6 ; 16
20140105067: 1 6 6 ; 13
20140105068: 1 2 3 ; 6
20140105069: 2 2 5 ; 9
20140105070: 1 1 1 ; 3
20140105071: 2 2 4 ; 8
20140105072: 3 6 6 ; 15
20140105073: 2 3 6 ; 11
20140105074: 2 3 5 ; 10
20140105075: 2 3 5 ; 10
20140105076: 2 2 3 ; 7
20140105077: 1 1 2 ; 4
20140105078: 2 3 3 ; 8
