20140530001: 4 6 6 ; 16
20140530002: 1 5 6 ; 12
20140530003: 2 3 4 ; 9
20140530004: 2 3 5 ; 10
20140530005: 1 4 4 ; 9
20140530006: 5 5 6 ; 16
20140530007: 2 2 3 ; 7
20140530008: 1 2 4 ; 7
20140530009: 2 5 6 ; 13
20140530010: 1 4 4 ; 9
20140530011: 5 5 5 ; 15
20140530012: 3 6 6 ; 15
20140530013: 4 6 6 ; 16
20140530014: 5 6 6 ; 17
20140530015: 4 5 5 ; 14
20140530016: 1 2 6 ; 9
20140530017: 1 4 5 ; 10
20140530018: 1 6 6 ; 13
20140530019: 5 6 6 ; 17
20140530020: 2 3 3 ; 8
20140530021: 2 2 2 ; 6
20140530022: 1 2 3 ; 6
20140530023: 1 3 6 ; 10
20140530024: 3 4 6 ; 13
20140530025: 2 3 5 ; 10
20140530026: 1 3 4 ; 8
20140530027: 4 6 6 ; 16
20140530028: 1 2 2 ; 5
20140530029: 3 3 6 ; 12
20140530030: 2 5 6 ; 13
20140530031: 3 3 6 ; 12
20140530032: 4 4 6 ; 14
20140530033: 4 5 6 ; 15
20140530034: 2 5 6 ; 13
20140530035: 2 5 5 ; 12
20140530036: 3 4 4 ; 11
20140530037: 1 4 4 ; 9
20140530038: 2 6 6 ; 14
20140530039: 4 5 6 ; 15
20140530040: 1 4 6 ; 11
20140530041: 2 3 3 ; 8
20140530042: 3 4 5 ; 12
20140530043: 3 4 4 ; 11
20140530044: 1 3 5 ; 9
20140530045: 1 2 5 ; 8
20140530046: 2 5 6 ; 13
20140530047: 1 1 6 ; 8
20140530048: 1 2 2 ; 5
20140530049: 1 1 5 ; 7
20140530050: 1 2 3 ; 6
20140530051: 2 4 5 ; 11
20140530052: 3 3 6 ; 12
20140530053: 1 3 5 ; 9
20140530054: 3 3 4 ; 10
20140530055: 2 3 4 ; 9
20140530056: 3 5 6 ; 14
20140530057: 1 3 6 ; 10
20140530058: 3 5 6 ; 14
20140530059: 3 4 5 ; 12
20140530060: 3 5 6 ; 14
20140530061: 2 5 5 ; 12
20140530062: 1 4 4 ; 9
20140530063: 1 4 4 ; 9
20140530064: 1 3 6 ; 10
20140530065: 2 6 6 ; 14
20140530066: 1 3 4 ; 8
20140530067: 6 6 6 ; 18
20140530068: 1 3 6 ; 10
20140530069: 3 5 5 ; 13
20140530070: 2 2 5 ; 9
20140530071: 3 5 6 ; 14
20140530072: 1 3 4 ; 8
20140530073: 1 2 6 ; 9
20140530074: 4 4 5 ; 13
20140530075: 3 4 6 ; 13
20140530076: 4 6 6 ; 16
20140530077: 2 3 3 ; 8
20140530078: 2 2 5 ; 9
