20140114001: 1 1 2 ; 4
20140114002: 2 3 6 ; 11
20140114003: 1 3 6 ; 10
20140114004: 2 3 3 ; 8
20140114005: 3 5 6 ; 14
20140114006: 2 6 6 ; 14
20140114007: 1 4 6 ; 11
20140114008: 1 3 3 ; 7
20140114009: 3 5 6 ; 14
20140114010: 2 4 6 ; 12
20140114011: 4 5 5 ; 14
20140114012: 3 5 6 ; 14
20140114013: 1 2 5 ; 8
20140114014: 2 3 4 ; 9
20140114015: 1 4 5 ; 10
20140114016: 1 5 5 ; 11
20140114017: 1 1 4 ; 6
20140114018: 2 3 6 ; 11
20140114019: 1 2 4 ; 7
20140114020: 1 1 3 ; 5
20140114021: 2 3 6 ; 11
20140114022: 2 2 4 ; 8
20140114023: 2 3 5 ; 10
20140114024: 1 1 4 ; 6
20140114025: 1 2 4 ; 7
20140114026: 3 3 5 ; 11
20140114027: 4 4 6 ; 14
20140114028: 5 6 6 ; 17
20140114029: 1 5 6 ; 12
20140114030: 1 2 6 ; 9
20140114031: 2 4 5 ; 11
20140114032: 4 5 6 ; 15
20140114033: 3 4 5 ; 12
20140114034: 1 3 4 ; 8
20140114035: 4 4 4 ; 12
20140114036: 2 4 5 ; 11
20140114037: 1 6 6 ; 13
20140114038: 2 5 6 ; 13
20140114039: 5 5 6 ; 16
20140114040: 5 5 6 ; 16
20140114041: 2 4 6 ; 12
20140114042: 2 3 6 ; 11
20140114043: 1 4 5 ; 10
20140114044: 1 2 6 ; 9
20140114045: 1 3 6 ; 10
20140114046: 2 2 3 ; 7
20140114047: 4 6 6 ; 16
20140114048: 1 2 6 ; 9
20140114049: 4 4 4 ; 12
20140114050: 1 1 6 ; 8
20140114051: 2 5 6 ; 13
20140114052: 5 5 5 ; 15
20140114053: 2 2 4 ; 8
20140114054: 1 4 4 ; 9
20140114055: 1 5 6 ; 12
20140114056: 1 2 6 ; 9
20140114057: 2 2 4 ; 8
20140114058: 1 3 6 ; 10
20140114059: 2 4 5 ; 11
20140114060: 3 3 5 ; 11
20140114061: 3 4 5 ; 12
20140114062: 2 6 6 ; 14
20140114063: 2 4 5 ; 11
20140114064: 5 5 6 ; 16
20140114065: 1 1 3 ; 5
20140114066: 4 6 6 ; 16
20140114067: 3 3 5 ; 11
20140114068: 3 4 4 ; 11
20140114069: 1 1 6 ; 8
20140114070: 2 6 6 ; 14
20140114071: 1 3 3 ; 7
20140114072: 3 5 6 ; 14
20140114073: 3 4 4 ; 11
20140114074: 1 2 6 ; 9
20140114075: 1 2 5 ; 8
20140114076: 1 2 2 ; 5
20140114077: 1 2 5 ; 8
20140114078: 1 3 4 ; 8
