20140221001: 3 3 3 ; 9
20140221002: 4 5 6 ; 15
20140221003: 2 3 6 ; 11
20140221004: 3 5 5 ; 13
20140221005: 4 5 6 ; 15
20140221006: 3 4 6 ; 13
20140221007: 1 1 4 ; 6
20140221008: 4 6 6 ; 16
20140221009: 1 2 3 ; 6
20140221010: 3 4 6 ; 13
20140221011: 4 5 6 ; 15
20140221012: 1 5 5 ; 11
20140221013: 1 6 6 ; 13
20140221014: 1 5 5 ; 11
20140221015: 4 6 6 ; 16
20140221016: 1 1 2 ; 4
20140221017: 3 5 6 ; 14
20140221018: 2 4 6 ; 12
20140221019: 3 4 4 ; 11
20140221020: 2 5 6 ; 13
20140221021: 1 3 5 ; 9
20140221022: 1 5 5 ; 11
20140221023: 1 2 4 ; 7
20140221024: 1 1 1 ; 3
20140221025: 3 6 6 ; 15
20140221026: 3 3 5 ; 11
20140221027: 1 2 3 ; 6
20140221028: 2 4 6 ; 12
20140221029: 1 5 5 ; 11
20140221030: 3 4 6 ; 13
20140221031: 5 5 6 ; 16
20140221032: 1 1 2 ; 4
20140221033: 1 3 5 ; 9
20140221034: 3 3 3 ; 9
20140221035: 5 5 6 ; 16
20140221036: 3 5 5 ; 13
20140221037: 1 3 5 ; 9
20140221038: 2 4 5 ; 11
20140221039: 2 2 5 ; 9
20140221040: 2 3 5 ; 10
20140221041: 1 4 6 ; 11
20140221042: 1 3 4 ; 8
20140221043: 2 3 5 ; 10
20140221044: 3 4 6 ; 13
20140221045: 4 4 6 ; 14
20140221046: 2 3 5 ; 10
20140221047: 1 2 6 ; 9
20140221048: 3 5 6 ; 14
20140221049: 4 6 6 ; 16
20140221050: 5 5 5 ; 15
20140221051: 1 5 6 ; 12
20140221052: 1 2 5 ; 8
20140221053: 2 2 3 ; 7
20140221054: 3 3 4 ; 10
20140221055: 3 4 5 ; 12
20140221056: 3 4 6 ; 13
20140221057: 1 1 4 ; 6
20140221058: 1 3 5 ; 9
20140221059: 1 3 5 ; 9
20140221060: 2 3 5 ; 10
20140221061: 3 6 6 ; 15
20140221062: 2 5 5 ; 12
20140221063: 6 6 6 ; 18
20140221064: 1 1 6 ; 8
20140221065: 2 5 6 ; 13
20140221066: 1 2 4 ; 7
20140221067: 1 3 5 ; 9
20140221068: 2 4 6 ; 12
20140221069: 3 4 4 ; 11
20140221070: 6 6 6 ; 18
20140221071: 3 3 4 ; 10
20140221072: 2 6 6 ; 14
20140221073: 6 6 6 ; 18
20140221074: 2 5 6 ; 13
20140221075: 2 4 5 ; 11
20140221076: 2 3 3 ; 8
20140221077: 1 3 5 ; 9
20140221078: 2 3 4 ; 9
