20140610001: 1 2 2 ; 5
20140610002: 1 3 4 ; 8
20140610003: 2 4 5 ; 11
20140610004: 1 2 3 ; 6
20140610005: 3 4 5 ; 12
20140610006: 1 6 6 ; 13
20140610007: 1 1 2 ; 4
20140610008: 2 4 6 ; 12
20140610009: 1 1 5 ; 7
20140610010: 1 2 5 ; 8
20140610011: 3 3 4 ; 10
20140610012: 1 3 4 ; 8
20140610013: 3 4 6 ; 13
20140610014: 1 5 6 ; 12
20140610015: 2 2 6 ; 10
20140610016: 3 3 5 ; 11
20140610017: 1 3 4 ; 8
20140610018: 4 5 6 ; 15
20140610019: 2 3 6 ; 11
20140610020: 4 5 6 ; 15
20140610021: 4 6 6 ; 16
20140610022: 1 2 6 ; 9
20140610023: 1 2 4 ; 7
20140610024: 2 2 3 ; 7
20140610025: 1 3 4 ; 8
20140610026: 2 3 4 ; 9
20140610027: 5 5 5 ; 15
20140610028: 2 2 6 ; 10
20140610029: 2 5 6 ; 13
20140610030: 1 4 6 ; 11
20140610031: 5 5 6 ; 16
20140610032: 1 5 6 ; 12
20140610033: 4 5 5 ; 14
20140610034: 1 1 3 ; 5
20140610035: 2 2 5 ; 9
20140610036: 2 4 5 ; 11
20140610037: 1 3 6 ; 10
20140610038: 5 6 6 ; 17
20140610039: 3 3 6 ; 12
20140610040: 1 1 5 ; 7
20140610041: 2 6 6 ; 14
20140610042: 2 2 5 ; 9
20140610043: 1 4 5 ; 10
20140610044: 1 4 6 ; 11
20140610045: 1 4 4 ; 9
20140610046: 1 2 5 ; 8
20140610047: 1 5 5 ; 11
20140610048: 2 5 5 ; 12
20140610049: 2 4 6 ; 12
20140610050: 1 5 6 ; 12
20140610051: 2 3 4 ; 9
20140610052: 2 3 5 ; 10
20140610053: 1 1 6 ; 8
20140610054: 3 4 6 ; 13
20140610055: 3 4 5 ; 12
20140610056: 1 3 5 ; 9
20140610057: 5 6 6 ; 17
20140610058: 1 6 6 ; 13
20140610059: 2 4 6 ; 12
20140610060: 2 4 5 ; 11
20140610061: 2 3 4 ; 9
20140610062: 2 3 5 ; 10
20140610063: 4 6 6 ; 16
20140610064: 1 1 3 ; 5
20140610065: 3 3 3 ; 9
20140610066: 2 4 5 ; 11
20140610067: 1 1 2 ; 4
20140610068: 1 3 6 ; 10
20140610069: 1 2 5 ; 8
20140610070: 2 6 6 ; 14
20140610071: 2 2 5 ; 9
20140610072: 1 3 5 ; 9
20140610073: 2 4 6 ; 12
20140610074: 1 5 6 ; 12
20140610075: 3 3 4 ; 10
20140610076: 2 3 4 ; 9
20140610077: 2 3 6 ; 11
20140610078: 4 5 6 ; 15
