20140519001: 1 2 4 ; 7
20140519002: 2 2 4 ; 8
20140519003: 1 3 5 ; 9
20140519004: 1 4 4 ; 9
20140519005: 2 4 5 ; 11
20140519006: 2 4 5 ; 11
20140519007: 1 5 5 ; 11
20140519008: 1 2 3 ; 6
20140519009: 1 2 2 ; 5
20140519010: 1 3 3 ; 7
20140519011: 6 6 6 ; 18
20140519012: 2 5 5 ; 12
20140519013: 4 5 6 ; 15
20140519014: 2 3 4 ; 9
20140519015: 2 2 2 ; 6
20140519016: 1 5 6 ; 12
20140519017: 1 4 6 ; 11
20140519018: 4 4 4 ; 12
20140519019: 2 5 5 ; 12
20140519020: 2 3 5 ; 10
20140519021: 2 2 2 ; 6
20140519022: 4 4 6 ; 14
20140519023: 1 3 6 ; 10
20140519024: 1 1 2 ; 4
20140519025: 1 4 6 ; 11
20140519026: 2 3 3 ; 8
20140519027: 1 1 4 ; 6
20140519028: 1 3 6 ; 10
20140519029: 3 3 4 ; 10
20140519030: 1 1 2 ; 4
20140519031: 1 3 5 ; 9
20140519032: 4 6 6 ; 16
20140519033: 3 4 5 ; 12
20140519034: 1 3 4 ; 8
20140519035: 2 3 6 ; 11
20140519036: 4 4 5 ; 13
20140519037: 3 3 4 ; 10
20140519038: 1 4 6 ; 11
20140519039: 1 4 4 ; 9
20140519040: 1 2 6 ; 9
20140519041: 1 1 3 ; 5
20140519042: 1 3 6 ; 10
20140519043: 2 3 3 ; 8
20140519044: 2 4 5 ; 11
20140519045: 2 4 6 ; 12
20140519046: 3 3 3 ; 9
20140519047: 3 5 6 ; 14
20140519048: 1 1 4 ; 6
20140519049: 2 2 5 ; 9
20140519050: 4 4 6 ; 14
20140519051: 2 2 3 ; 7
20140519052: 2 4 5 ; 11
20140519053: 2 3 5 ; 10
20140519054: 1 3 4 ; 8
20140519055: 3 4 5 ; 12
20140519056: 1 1 4 ; 6
20140519057: 2 3 4 ; 9
20140519058: 4 5 5 ; 14
20140519059: 3 5 5 ; 13
20140519060: 2 5 6 ; 13
20140519061: 3 4 4 ; 11
20140519062: 2 2 6 ; 10
20140519063: 2 3 3 ; 8
20140519064: 1 5 5 ; 11
20140519065: 3 4 6 ; 13
20140519066: 3 4 6 ; 13
20140519067: 2 3 4 ; 9
20140519068: 1 4 5 ; 10
20140519069: 1 1 4 ; 6
20140519070: 4 4 5 ; 13
20140519071: 1 2 4 ; 7
20140519072: 1 2 4 ; 7
20140519073: 1 4 5 ; 10
20140519074: 4 5 6 ; 15
20140519075: 1 3 6 ; 10
20140519076: 3 4 5 ; 12
20140519077: 3 4 6 ; 13
20140519078: 2 4 6 ; 12
