20140713001: 1 2 3 ; 6
20140713002: 1 1 4 ; 6
20140713003: 2 4 6 ; 12
20140713004: 2 2 6 ; 10
20140713005: 2 3 5 ; 10
20140713006: 1 4 6 ; 11
20140713007: 1 3 5 ; 9
20140713008: 5 5 6 ; 16
20140713009: 2 5 6 ; 13
20140713010: 4 4 4 ; 12
20140713011: 1 1 6 ; 8
20140713012: 4 5 5 ; 14
20140713013: 2 4 6 ; 12
20140713014: 3 5 6 ; 14
20140713015: 1 1 4 ; 6
20140713016: 2 4 6 ; 12
20140713017: 1 2 3 ; 6
20140713018: 2 3 5 ; 10
20140713019: 1 4 5 ; 10
20140713020: 3 4 4 ; 11
20140713021: 2 4 5 ; 11
20140713022: 1 4 6 ; 11
20140713023: 2 3 4 ; 9
20140713024: 1 2 5 ; 8
20140713025: 2 3 3 ; 8
20140713026: 2 3 6 ; 11
20140713027: 1 1 5 ; 7
20140713028: 4 5 5 ; 14
20140713029: 4 5 6 ; 15
20140713030: 1 6 6 ; 13
20140713031: 5 6 6 ; 17
20140713032: 1 5 5 ; 11
20140713033: 4 4 6 ; 14
20140713034: 1 1 5 ; 7
20140713035: 2 2 5 ; 9
20140713036: 2 2 3 ; 7
20140713037: 1 3 6 ; 10
20140713038: 2 4 6 ; 12
20140713039: 1 1 2 ; 4
20140713040: 2 3 4 ; 9
20140713041: 2 3 6 ; 11
20140713042: 2 2 6 ; 10
20140713043: 1 1 1 ; 3
20140713044: 2 5 6 ; 13
20140713045: 5 6 6 ; 17
20140713046: 2 3 5 ; 10
20140713047: 2 6 6 ; 14
20140713048: 3 5 5 ; 13
20140713049: 1 1 2 ; 4
20140713050: 1 3 6 ; 10
20140713051: 1 2 3 ; 6
20140713052: 3 5 6 ; 14
20140713053: 2 3 5 ; 10
20140713054: 2 3 6 ; 11
20140713055: 1 1 3 ; 5
20140713056: 3 4 6 ; 13
20140713057: 1 4 6 ; 11
20140713058: 5 5 6 ; 16
20140713059: 3 5 5 ; 13
20140713060: 2 3 3 ; 8
20140713061: 1 3 4 ; 8
20140713062: 1 3 5 ; 9
20140713063: 1 5 5 ; 11
20140713064: 2 5 6 ; 13
20140713065: 2 2 3 ; 7
20140713066: 1 2 4 ; 7
20140713067: 1 2 6 ; 9
20140713068: 2 3 6 ; 11
20140713069: 1 2 3 ; 6
20140713070: 2 6 6 ; 14
20140713071: 1 6 6 ; 13
20140713072: 1 2 5 ; 8
20140713073: 4 4 6 ; 14
20140713074: 1 2 3 ; 6
20140713075: 4 5 6 ; 15
20140713076: 2 5 6 ; 13
20140713077: 1 2 3 ; 6
20140713078: 1 4 5 ; 10
