20140408001: 1 4 5 ; 10
20140408002: 2 2 3 ; 7
20140408003: 5 6 6 ; 17
20140408004: 1 3 4 ; 8
20140408005: 3 5 5 ; 13
20140408006: 1 1 5 ; 7
20140408007: 2 3 4 ; 9
20140408008: 1 4 5 ; 10
20140408009: 3 4 5 ; 12
20140408010: 2 4 6 ; 12
20140408011: 1 3 4 ; 8
20140408012: 3 4 5 ; 12
20140408013: 1 2 4 ; 7
20140408014: 1 1 3 ; 5
20140408015: 3 5 6 ; 14
20140408016: 1 4 5 ; 10
20140408017: 3 3 5 ; 11
20140408018: 1 5 6 ; 12
20140408019: 4 4 6 ; 14
20140408020: 2 2 5 ; 9
20140408021: 2 2 6 ; 10
20140408022: 1 3 5 ; 9
20140408023: 1 5 5 ; 11
20140408024: 3 3 4 ; 10
20140408025: 3 4 5 ; 12
20140408026: 1 2 5 ; 8
20140408027: 2 3 6 ; 11
20140408028: 4 6 6 ; 16
20140408029: 1 3 6 ; 10
20140408030: 3 5 5 ; 13
20140408031: 2 4 4 ; 10
20140408032: 2 3 5 ; 10
20140408033: 1 1 6 ; 8
20140408034: 2 3 5 ; 10
20140408035: 2 3 3 ; 8
20140408036: 3 3 4 ; 10
20140408037: 1 3 4 ; 8
20140408038: 3 3 5 ; 11
20140408039: 3 5 6 ; 14
20140408040: 1 5 5 ; 11
20140408041: 1 2 5 ; 8
20140408042: 3 5 5 ; 13
20140408043: 1 5 6 ; 12
20140408044: 3 4 5 ; 12
20140408045: 1 1 1 ; 3
20140408046: 1 5 6 ; 12
20140408047: 3 4 6 ; 13
20140408048: 1 3 4 ; 8
20140408049: 1 1 5 ; 7
20140408050: 1 4 5 ; 10
20140408051: 1 2 5 ; 8
20140408052: 3 3 4 ; 10
20140408053: 2 2 6 ; 10
20140408054: 2 5 6 ; 13
20140408055: 3 5 6 ; 14
20140408056: 1 2 4 ; 7
20140408057: 1 2 4 ; 7
20140408058: 2 3 3 ; 8
20140408059: 2 6 6 ; 14
20140408060: 6 6 6 ; 18
20140408061: 1 2 5 ; 8
20140408062: 2 2 6 ; 10
20140408063: 1 2 6 ; 9
20140408064: 3 5 6 ; 14
20140408065: 2 5 6 ; 13
20140408066: 1 4 6 ; 11
20140408067: 2 3 3 ; 8
20140408068: 2 5 6 ; 13
20140408069: 1 5 6 ; 12
20140408070: 1 1 3 ; 5
20140408071: 3 5 6 ; 14
20140408072: 2 2 4 ; 8
20140408073: 3 6 6 ; 15
20140408074: 3 3 6 ; 12
20140408075: 3 4 4 ; 11
20140408076: 1 2 6 ; 9
20140408077: 4 4 5 ; 13
20140408078: 1 3 5 ; 9
