20140815001: 1 4 5 ; 10
20140815002: 4 6 6 ; 16
20140815003: 1 3 6 ; 10
20140815004: 4 5 6 ; 15
20140815005: 2 4 6 ; 12
20140815006: 1 2 4 ; 7
20140815007: 1 4 5 ; 10
20140815008: 1 1 5 ; 7
20140815009: 5 5 6 ; 16
20140815010: 1 4 6 ; 11
20140815011: 2 2 6 ; 10
20140815012: 3 4 4 ; 11
20140815013: 2 6 6 ; 14
20140815014: 2 5 5 ; 12
20140815015: 1 1 5 ; 7
20140815016: 1 3 5 ; 9
20140815017: 3 4 6 ; 13
20140815018: 3 4 6 ; 13
20140815019: 1 4 5 ; 10
20140815020: 1 3 6 ; 10
20140815021: 1 2 6 ; 9
20140815022: 1 3 6 ; 10
20140815023: 2 3 3 ; 8
20140815024: 1 2 2 ; 5
20140815025: 1 1 3 ; 5
20140815026: 2 3 4 ; 9
20140815027: 3 3 5 ; 11
20140815028: 3 4 5 ; 12
20140815029: 1 4 5 ; 10
20140815030: 1 2 3 ; 6
20140815031: 2 6 6 ; 14
20140815032: 3 5 6 ; 14
20140815033: 1 5 6 ; 12
20140815034: 3 3 5 ; 11
20140815035: 4 4 6 ; 14
20140815036: 1 2 2 ; 5
20140815037: 1 5 6 ; 12
20140815038: 2 3 6 ; 11
20140815039: 4 4 5 ; 13
20140815040: 1 2 5 ; 8
20140815041: 3 3 4 ; 10
20140815042: 2 5 6 ; 13
20140815043: 1 3 6 ; 10
20140815044: 2 4 4 ; 10
20140815045: 1 2 6 ; 9
20140815046: 3 5 6 ; 14
20140815047: 2 3 6 ; 11
20140815048: 1 2 4 ; 7
20140815049: 3 5 6 ; 14
20140815050: 1 2 5 ; 8
20140815051: 1 2 3 ; 6
20140815052: 4 4 5 ; 13
20140815053: 2 3 4 ; 9
20140815054: 3 4 4 ; 11
20140815055: 1 3 6 ; 10
20140815056: 1 5 6 ; 12
20140815057: 1 1 3 ; 5
20140815058: 3 5 6 ; 14
20140815059: 3 4 6 ; 13
20140815060: 1 3 5 ; 9
20140815061: 2 3 4 ; 9
20140815062: 1 4 5 ; 10
20140815063: 2 4 5 ; 11
20140815064: 3 6 6 ; 15
20140815065: 2 3 6 ; 11
20140815066: 2 4 6 ; 12
20140815067: 2 3 6 ; 11
20140815068: 2 4 4 ; 10
20140815069: 1 6 6 ; 13
20140815070: 1 3 3 ; 7
20140815071: 2 2 5 ; 9
20140815072: 2 3 4 ; 9
20140815073: 5 6 6 ; 17
20140815074: 4 4 5 ; 13
20140815075: 1 1 4 ; 6
20140815076: 1 3 4 ; 8
20140815077: 2 6 6 ; 14
20140815078: 3 5 5 ; 13
