20140727001: 1 4 4 ; 9
20140727002: 2 3 5 ; 10
20140727003: 2 3 3 ; 8
20140727004: 1 5 6 ; 12
20140727005: 1 3 4 ; 8
20140727006: 2 5 5 ; 12
20140727007: 1 2 3 ; 6
20140727008: 2 2 4 ; 8
20140727009: 3 4 5 ; 12
20140727010: 2 2 6 ; 10
20140727011: 1 3 4 ; 8
20140727012: 1 5 6 ; 12
20140727013: 1 3 5 ; 9
20140727014: 1 4 5 ; 10
20140727015: 1 2 2 ; 5
20140727016: 2 3 6 ; 11
20140727017: 1 2 4 ; 7
20140727018: 1 2 3 ; 6
20140727019: 3 3 6 ; 12
20140727020: 1 3 5 ; 9
20140727021: 2 3 5 ; 10
20140727022: 3 3 6 ; 12
20140727023: 2 5 6 ; 13
20140727024: 4 4 4 ; 12
20140727025: 3 4 6 ; 13
20140727026: 1 2 6 ; 9
20140727027: 1 3 5 ; 9
20140727028: 1 2 6 ; 9
20140727029: 2 3 5 ; 10
20140727030: 1 5 6 ; 12
20140727031: 1 4 5 ; 10
20140727032: 1 3 5 ; 9
20140727033: 4 5 6 ; 15
20140727034: 3 6 6 ; 15
20140727035: 2 4 6 ; 12
20140727036: 1 5 5 ; 11
20140727037: 3 4 6 ; 13
20140727038: 3 4 5 ; 12
20140727039: 1 3 5 ; 9
20140727040: 2 3 5 ; 10
20140727041: 1 4 4 ; 9
20140727042: 1 5 6 ; 12
20140727043: 1 3 4 ; 8
20140727044: 2 3 5 ; 10
20140727045: 2 3 4 ; 9
20140727046: 1 2 4 ; 7
20140727047: 2 3 3 ; 8
20140727048: 1 4 5 ; 10
20140727049: 1 1 4 ; 6
20140727050: 3 3 4 ; 10
20140727051: 2 4 5 ; 11
20140727052: 1 3 6 ; 10
20140727053: 5 5 6 ; 16
20140727054: 3 5 5 ; 13
20140727055: 1 3 4 ; 8
20140727056: 5 5 6 ; 16
20140727057: 3 4 5 ; 12
20140727058: 3 5 6 ; 14
20140727059: 2 2 6 ; 10
20140727060: 1 2 6 ; 9
20140727061: 2 5 5 ; 12
20140727062: 2 4 6 ; 12
20140727063: 2 4 6 ; 12
20140727064: 2 5 5 ; 12
20140727065: 2 3 5 ; 10
20140727066: 4 5 6 ; 15
20140727067: 2 4 5 ; 11
20140727068: 1 1 2 ; 4
20140727069: 1 1 5 ; 7
20140727070: 2 5 6 ; 13
20140727071: 1 2 2 ; 5
20140727072: 1 2 6 ; 9
20140727073: 4 5 6 ; 15
20140727074: 2 6 6 ; 14
20140727075: 1 2 2 ; 5
20140727076: 1 3 6 ; 10
20140727077: 1 3 5 ; 9
20140727078: 3 3 6 ; 12
