20140521001: 1 3 6 ; 10
20140521002: 2 2 6 ; 10
20140521003: 2 2 2 ; 6
20140521004: 2 4 6 ; 12
20140521005: 2 3 6 ; 11
20140521006: 1 5 6 ; 12
20140521007: 3 3 4 ; 10
20140521008: 2 2 3 ; 7
20140521009: 1 4 6 ; 11
20140521010: 1 3 5 ; 9
20140521011: 2 6 6 ; 14
20140521012: 1 3 3 ; 7
20140521013: 2 3 4 ; 9
20140521014: 1 3 5 ; 9
20140521015: 3 5 5 ; 13
20140521016: 2 6 6 ; 14
20140521017: 1 2 6 ; 9
20140521018: 2 2 4 ; 8
20140521019: 4 5 6 ; 15
20140521020: 1 3 5 ; 9
20140521021: 1 6 6 ; 13
20140521022: 6 6 6 ; 18
20140521023: 2 3 6 ; 11
20140521024: 3 4 4 ; 11
20140521025: 2 5 6 ; 13
20140521026: 1 2 2 ; 5
20140521027: 1 6 6 ; 13
20140521028: 2 4 6 ; 12
20140521029: 1 2 5 ; 8
20140521030: 1 1 6 ; 8
20140521031: 1 2 4 ; 7
20140521032: 2 2 5 ; 9
20140521033: 2 4 4 ; 10
20140521034: 1 2 5 ; 8
20140521035: 1 3 5 ; 9
20140521036: 1 1 3 ; 5
20140521037: 1 5 6 ; 12
20140521038: 1 3 5 ; 9
20140521039: 2 3 4 ; 9
20140521040: 2 3 5 ; 10
20140521041: 1 1 4 ; 6
20140521042: 3 3 4 ; 10
20140521043: 1 2 3 ; 6
20140521044: 4 6 6 ; 16
20140521045: 1 3 4 ; 8
20140521046: 2 6 6 ; 14
20140521047: 1 3 4 ; 8
20140521048: 1 1 4 ; 6
20140521049: 2 2 4 ; 8
20140521050: 2 3 5 ; 10
20140521051: 1 6 6 ; 13
20140521052: 3 3 6 ; 12
20140521053: 1 1 6 ; 8
20140521054: 1 2 3 ; 6
20140521055: 1 3 6 ; 10
20140521056: 3 4 4 ; 11
20140521057: 3 4 4 ; 11
20140521058: 1 2 6 ; 9
20140521059: 1 4 5 ; 10
20140521060: 4 4 6 ; 14
20140521061: 1 5 6 ; 12
20140521062: 1 5 6 ; 12
20140521063: 2 4 6 ; 12
20140521064: 2 4 5 ; 11
20140521065: 1 6 6 ; 13
20140521066: 2 4 6 ; 12
20140521067: 1 1 1 ; 3
20140521068: 2 3 6 ; 11
20140521069: 1 4 4 ; 9
20140521070: 3 4 6 ; 13
20140521071: 3 4 5 ; 12
20140521072: 3 5 6 ; 14
20140521073: 2 4 4 ; 10
20140521074: 2 4 5 ; 11
20140521075: 3 4 6 ; 13
20140521076: 5 6 6 ; 17
20140521077: 2 4 6 ; 12
20140521078: 2 2 3 ; 7
