20140314001: 2 4 6 ; 12
20140314002: 1 2 2 ; 5
20140314003: 1 3 6 ; 10
20140314004: 2 4 5 ; 11
20140314005: 2 4 4 ; 10
20140314006: 4 6 6 ; 16
20140314007: 1 6 6 ; 13
20140314008: 2 2 3 ; 7
20140314009: 3 6 6 ; 15
20140314010: 2 3 3 ; 8
20140314011: 1 2 5 ; 8
20140314012: 2 4 5 ; 11
20140314013: 2 3 6 ; 11
20140314014: 2 3 6 ; 11
20140314015: 2 3 4 ; 9
20140314016: 3 5 6 ; 14
20140314017: 2 3 5 ; 10
20140314018: 3 4 5 ; 12
20140314019: 1 1 6 ; 8
20140314020: 1 2 6 ; 9
20140314021: 1 5 6 ; 12
20140314022: 2 4 6 ; 12
20140314023: 1 2 2 ; 5
20140314024: 3 5 6 ; 14
20140314025: 3 5 5 ; 13
20140314026: 2 4 5 ; 11
20140314027: 1 3 4 ; 8
20140314028: 4 5 6 ; 15
20140314029: 2 2 4 ; 8
20140314030: 2 3 6 ; 11
20140314031: 1 6 6 ; 13
20140314032: 5 6 6 ; 17
20140314033: 1 1 4 ; 6
20140314034: 2 3 3 ; 8
20140314035: 1 2 6 ; 9
20140314036: 1 2 4 ; 7
20140314037: 1 3 5 ; 9
20140314038: 2 4 5 ; 11
20140314039: 1 2 5 ; 8
20140314040: 1 3 4 ; 8
20140314041: 2 6 6 ; 14
20140314042: 1 1 2 ; 4
20140314043: 4 5 5 ; 14
20140314044: 1 1 4 ; 6
20140314045: 1 1 5 ; 7
20140314046: 2 3 4 ; 9
20140314047: 2 3 3 ; 8
20140314048: 1 3 5 ; 9
20140314049: 1 5 5 ; 11
20140314050: 3 4 5 ; 12
20140314051: 3 6 6 ; 15
20140314052: 2 3 3 ; 8
20140314053: 1 3 6 ; 10
20140314054: 2 2 3 ; 7
20140314055: 4 5 5 ; 14
20140314056: 1 2 3 ; 6
20140314057: 1 3 6 ; 10
20140314058: 1 2 4 ; 7
20140314059: 1 3 4 ; 8
20140314060: 3 4 5 ; 12
20140314061: 3 3 3 ; 9
20140314062: 1 1 4 ; 6
20140314063: 2 5 5 ; 12
20140314064: 2 5 6 ; 13
20140314065: 1 2 4 ; 7
20140314066: 2 3 6 ; 11
20140314067: 2 2 3 ; 7
20140314068: 1 1 2 ; 4
20140314069: 2 4 5 ; 11
20140314070: 2 3 3 ; 8
20140314071: 1 3 4 ; 8
20140314072: 3 3 3 ; 9
20140314073: 2 4 6 ; 12
20140314074: 2 3 6 ; 11
20140314075: 1 2 6 ; 9
20140314076: 2 6 6 ; 14
20140314077: 2 2 3 ; 7
20140314078: 3 6 6 ; 15
