20140816001: 1 1 6 ; 8
20140816002: 2 2 4 ; 8
20140816003: 1 4 5 ; 10
20140816004: 3 3 4 ; 10
20140816005: 2 3 6 ; 11
20140816006: 2 4 5 ; 11
20140816007: 1 2 3 ; 6
20140816008: 1 3 6 ; 10
20140816009: 1 1 2 ; 4
20140816010: 3 5 6 ; 14
20140816011: 2 2 6 ; 10
20140816012: 4 4 5 ; 13
20140816013: 3 4 5 ; 12
20140816014: 1 1 5 ; 7
20140816015: 1 1 6 ; 8
20140816016: 6 6 6 ; 18
20140816017: 1 3 6 ; 10
20140816018: 2 4 6 ; 12
20140816019: 4 4 4 ; 12
20140816020: 1 2 3 ; 6
20140816021: 2 4 6 ; 12
20140816022: 1 2 3 ; 6
20140816023: 1 3 6 ; 10
20140816024: 3 5 5 ; 13
20140816025: 1 2 4 ; 7
20140816026: 3 6 6 ; 15
20140816027: 1 2 6 ; 9
20140816028: 1 3 5 ; 9
20140816029: 2 4 5 ; 11
20140816030: 1 4 5 ; 10
20140816031: 2 3 4 ; 9
20140816032: 3 3 4 ; 10
20140816033: 3 5 6 ; 14
20140816034: 2 4 5 ; 11
20140816035: 2 2 5 ; 9
20140816036: 2 6 6 ; 14
20140816037: 2 4 6 ; 12
20140816038: 3 4 6 ; 13
20140816039: 5 5 5 ; 15
20140816040: 5 5 5 ; 15
20140816041: 2 4 5 ; 11
20140816042: 3 4 5 ; 12
20140816043: 4 6 6 ; 16
20140816044: 2 3 6 ; 11
20140816045: 1 3 4 ; 8
20140816046: 2 4 6 ; 12
20140816047: 3 4 5 ; 12
20140816048: 2 3 5 ; 10
20140816049: 2 4 5 ; 11
20140816050: 1 1 2 ; 4
20140816051: 1 3 4 ; 8
20140816052: 1 2 2 ; 5
20140816053: 1 3 5 ; 9
20140816054: 2 3 6 ; 11
20140816055: 5 6 6 ; 17
20140816056: 1 2 5 ; 8
20140816057: 2 6 6 ; 14
20140816058: 2 3 6 ; 11
20140816059: 1 2 4 ; 7
20140816060: 2 3 3 ; 8
20140816061: 1 3 5 ; 9
20140816062: 2 3 4 ; 9
20140816063: 1 2 4 ; 7
20140816064: 1 1 3 ; 5
20140816065: 1 3 6 ; 10
20140816066: 2 2 3 ; 7
20140816067: 1 2 5 ; 8
20140816068: 3 3 4 ; 10
20140816069: 1 3 4 ; 8
20140816070: 5 5 6 ; 16
20140816071: 1 1 6 ; 8
20140816072: 1 3 4 ; 8
20140816073: 3 4 5 ; 12
20140816074: 1 5 6 ; 12
20140816075: 1 4 6 ; 11
20140816076: 2 3 4 ; 9
20140816077: 1 2 4 ; 7
20140816078: 2 3 4 ; 9
