20140212001: 2 4 4 ; 10
20140212002: 1 1 1 ; 3
20140212003: 2 2 4 ; 8
20140212004: 1 2 2 ; 5
20140212005: 4 4 5 ; 13
20140212006: 1 3 3 ; 7
20140212007: 1 1 3 ; 5
20140212008: 4 4 5 ; 13
20140212009: 3 3 6 ; 12
20140212010: 6 6 6 ; 18
20140212011: 1 4 6 ; 11
20140212012: 2 2 3 ; 7
20140212013: 3 4 5 ; 12
20140212014: 3 3 3 ; 9
20140212015: 3 5 6 ; 14
20140212016: 1 4 6 ; 11
20140212017: 3 3 6 ; 12
20140212018: 1 1 5 ; 7
20140212019: 1 3 6 ; 10
20140212020: 2 2 5 ; 9
20140212021: 1 2 3 ; 6
20140212022: 1 3 4 ; 8
20140212023: 1 2 6 ; 9
20140212024: 4 5 6 ; 15
20140212025: 2 3 5 ; 10
20140212026: 2 3 4 ; 9
20140212027: 1 3 5 ; 9
20140212028: 2 3 6 ; 11
20140212029: 3 3 4 ; 10
20140212030: 1 3 4 ; 8
20140212031: 5 5 6 ; 16
20140212032: 2 3 6 ; 11
20140212033: 3 4 6 ; 13
20140212034: 3 5 5 ; 13
20140212035: 1 2 3 ; 6
20140212036: 2 6 6 ; 14
20140212037: 1 3 5 ; 9
20140212038: 1 1 6 ; 8
20140212039: 1 1 2 ; 4
20140212040: 1 2 4 ; 7
20140212041: 2 3 5 ; 10
20140212042: 3 3 6 ; 12
20140212043: 2 4 6 ; 12
20140212044: 1 3 5 ; 9
20140212045: 3 5 5 ; 13
20140212046: 3 3 6 ; 12
20140212047: 1 2 3 ; 6
20140212048: 1 5 6 ; 12
20140212049: 1 5 6 ; 12
20140212050: 4 6 6 ; 16
20140212051: 2 3 5 ; 10
20140212052: 2 4 5 ; 11
20140212053: 4 4 5 ; 13
20140212054: 1 3 6 ; 10
20140212055: 1 2 3 ; 6
20140212056: 1 5 6 ; 12
20140212057: 2 3 5 ; 10
20140212058: 1 3 4 ; 8
20140212059: 2 4 6 ; 12
20140212060: 4 5 5 ; 14
20140212061: 1 3 4 ; 8
20140212062: 2 4 6 ; 12
20140212063: 1 3 4 ; 8
20140212064: 1 1 1 ; 3
20140212065: 4 6 6 ; 16
20140212066: 1 4 4 ; 9
20140212067: 1 1 3 ; 5
20140212068: 3 4 6 ; 13
20140212069: 2 3 5 ; 10
20140212070: 1 2 3 ; 6
20140212071: 1 5 6 ; 12
20140212072: 1 3 4 ; 8
20140212073: 3 5 6 ; 14
20140212074: 1 2 4 ; 7
20140212075: 3 4 4 ; 11
20140212076: 3 3 6 ; 12
20140212077: 3 5 6 ; 14
20140212078: 3 4 4 ; 11
