20140219001: 2 3 6 ; 11
20140219002: 2 3 6 ; 11
20140219003: 3 4 6 ; 13
20140219004: 5 5 6 ; 16
20140219005: 3 4 5 ; 12
20140219006: 2 2 5 ; 9
20140219007: 2 5 6 ; 13
20140219008: 1 3 4 ; 8
20140219009: 2 2 3 ; 7
20140219010: 2 3 4 ; 9
20140219011: 1 4 6 ; 11
20140219012: 2 6 6 ; 14
20140219013: 2 5 5 ; 12
20140219014: 3 4 6 ; 13
20140219015: 1 3 4 ; 8
20140219016: 4 4 6 ; 14
20140219017: 1 4 6 ; 11
20140219018: 2 4 4 ; 10
20140219019: 4 4 4 ; 12
20140219020: 2 4 6 ; 12
20140219021: 5 5 6 ; 16
20140219022: 1 1 6 ; 8
20140219023: 1 4 5 ; 10
20140219024: 3 5 6 ; 14
20140219025: 1 2 5 ; 8
20140219026: 1 3 5 ; 9
20140219027: 3 4 5 ; 12
20140219028: 2 2 3 ; 7
20140219029: 1 3 6 ; 10
20140219030: 1 2 4 ; 7
20140219031: 1 3 6 ; 10
20140219032: 1 3 4 ; 8
20140219033: 1 4 4 ; 9
20140219034: 2 5 6 ; 13
20140219035: 2 4 5 ; 11
20140219036: 2 3 6 ; 11
20140219037: 4 4 5 ; 13
20140219038: 1 2 2 ; 5
20140219039: 2 3 5 ; 10
20140219040: 1 5 5 ; 11
20140219041: 1 2 2 ; 5
20140219042: 2 2 3 ; 7
20140219043: 2 3 5 ; 10
20140219044: 2 2 6 ; 10
20140219045: 2 5 6 ; 13
20140219046: 1 2 4 ; 7
20140219047: 2 5 6 ; 13
20140219048: 3 3 4 ; 10
20140219049: 1 2 5 ; 8
20140219050: 2 4 4 ; 10
20140219051: 2 3 6 ; 11
20140219052: 1 2 3 ; 6
20140219053: 5 5 5 ; 15
20140219054: 1 4 6 ; 11
20140219055: 1 3 6 ; 10
20140219056: 1 5 6 ; 12
20140219057: 3 4 4 ; 11
20140219058: 1 2 6 ; 9
20140219059: 1 3 6 ; 10
20140219060: 1 1 5 ; 7
20140219061: 1 4 5 ; 10
20140219062: 1 3 6 ; 10
20140219063: 1 1 2 ; 4
20140219064: 5 6 6 ; 17
20140219065: 1 5 5 ; 11
20140219066: 2 4 6 ; 12
20140219067: 2 3 5 ; 10
20140219068: 3 5 6 ; 14
20140219069: 1 2 6 ; 9
20140219070: 2 2 3 ; 7
20140219071: 4 5 6 ; 15
20140219072: 2 3 6 ; 11
20140219073: 4 5 6 ; 15
20140219074: 1 3 6 ; 10
20140219075: 1 2 3 ; 6
20140219076: 4 5 6 ; 15
20140219077: 2 2 4 ; 8
20140219078: 1 2 3 ; 6
