20140518001: 1 2 6 ; 9
20140518002: 1 5 6 ; 12
20140518003: 2 4 6 ; 12
20140518004: 1 1 3 ; 5
20140518005: 2 5 6 ; 13
20140518006: 2 5 6 ; 13
20140518007: 4 5 6 ; 15
20140518008: 1 4 4 ; 9
20140518009: 1 2 6 ; 9
20140518010: 2 3 5 ; 10
20140518011: 1 1 5 ; 7
20140518012: 5 5 6 ; 16
20140518013: 2 4 4 ; 10
20140518014: 2 3 3 ; 8
20140518015: 1 4 4 ; 9
20140518016: 2 2 5 ; 9
20140518017: 1 4 4 ; 9
20140518018: 1 3 5 ; 9
20140518019: 3 3 6 ; 12
20140518020: 1 3 4 ; 8
20140518021: 1 2 2 ; 5
20140518022: 1 1 3 ; 5
20140518023: 1 4 6 ; 11
20140518024: 5 6 6 ; 17
20140518025: 1 4 6 ; 11
20140518026: 4 6 6 ; 16
20140518027: 2 6 6 ; 14
20140518028: 1 1 6 ; 8
20140518029: 1 1 6 ; 8
20140518030: 2 3 5 ; 10
20140518031: 3 3 6 ; 12
20140518032: 3 5 6 ; 14
20140518033: 4 4 6 ; 14
20140518034: 5 5 5 ; 15
20140518035: 1 1 3 ; 5
20140518036: 3 5 6 ; 14
20140518037: 1 5 5 ; 11
20140518038: 5 6 6 ; 17
20140518039: 2 2 4 ; 8
20140518040: 1 1 3 ; 5
20140518041: 4 5 6 ; 15
20140518042: 2 4 4 ; 10
20140518043: 3 4 5 ; 12
20140518044: 2 2 2 ; 6
20140518045: 3 4 5 ; 12
20140518046: 3 4 4 ; 11
20140518047: 1 2 6 ; 9
20140518048: 2 2 3 ; 7
20140518049: 4 5 6 ; 15
20140518050: 1 1 6 ; 8
20140518051: 1 1 3 ; 5
20140518052: 1 2 3 ; 6
20140518053: 2 3 5 ; 10
20140518054: 2 4 5 ; 11
20140518055: 2 2 6 ; 10
20140518056: 1 3 3 ; 7
20140518057: 2 5 6 ; 13
20140518058: 1 3 5 ; 9
20140518059: 3 6 6 ; 15
20140518060: 1 2 3 ; 6
20140518061: 2 3 5 ; 10
20140518062: 1 4 4 ; 9
20140518063: 2 4 6 ; 12
20140518064: 2 6 6 ; 14
20140518065: 3 3 4 ; 10
20140518066: 1 6 6 ; 13
20140518067: 3 4 4 ; 11
20140518068: 1 4 5 ; 10
20140518069: 2 2 3 ; 7
20140518070: 1 1 4 ; 6
20140518071: 1 4 5 ; 10
20140518072: 2 5 5 ; 12
20140518073: 2 5 5 ; 12
20140518074: 3 3 4 ; 10
20140518075: 2 2 6 ; 10
20140518076: 2 4 5 ; 11
20140518077: 2 2 3 ; 7
20140518078: 2 5 5 ; 12
