20140706001: 5 6 6 ; 17
20140706002: 1 4 6 ; 11
20140706003: 2 4 4 ; 10
20140706004: 1 2 5 ; 8
20140706005: 3 4 6 ; 13
20140706006: 2 5 5 ; 12
20140706007: 1 3 6 ; 10
20140706008: 1 3 4 ; 8
20140706009: 4 5 6 ; 15
20140706010: 1 4 4 ; 9
20140706011: 1 4 5 ; 10
20140706012: 2 3 6 ; 11
20140706013: 1 4 5 ; 10
20140706014: 1 1 6 ; 8
20140706015: 2 6 6 ; 14
20140706016: 1 3 4 ; 8
20140706017: 1 1 4 ; 6
20140706018: 4 4 5 ; 13
20140706019: 2 5 5 ; 12
20140706020: 3 5 6 ; 14
20140706021: 2 2 6 ; 10
20140706022: 1 2 2 ; 5
20140706023: 4 4 4 ; 12
20140706024: 2 6 6 ; 14
20140706025: 1 4 5 ; 10
20140706026: 2 5 6 ; 13
20140706027: 2 4 5 ; 11
20140706028: 4 6 6 ; 16
20140706029: 4 6 6 ; 16
20140706030: 3 3 3 ; 9
20140706031: 1 1 5 ; 7
20140706032: 1 2 6 ; 9
20140706033: 1 4 4 ; 9
20140706034: 2 3 5 ; 10
20140706035: 5 6 6 ; 17
20140706036: 1 2 6 ; 9
20140706037: 2 2 6 ; 10
20140706038: 3 3 5 ; 11
20140706039: 3 4 4 ; 11
20140706040: 5 5 6 ; 16
20140706041: 4 4 6 ; 14
20140706042: 4 6 6 ; 16
20140706043: 4 6 6 ; 16
20140706044: 2 2 5 ; 9
20140706045: 2 4 5 ; 11
20140706046: 3 5 6 ; 14
20140706047: 3 3 4 ; 10
20140706048: 2 4 4 ; 10
20140706049: 4 5 5 ; 14
20140706050: 3 4 6 ; 13
20140706051: 3 3 5 ; 11
20140706052: 5 5 6 ; 16
20140706053: 3 3 4 ; 10
20140706054: 1 2 4 ; 7
20140706055: 2 3 3 ; 8
20140706056: 4 5 6 ; 15
20140706057: 2 5 6 ; 13
20140706058: 5 5 6 ; 16
20140706059: 2 3 6 ; 11
20140706060: 4 5 5 ; 14
20140706061: 4 4 6 ; 14
20140706062: 3 6 6 ; 15
20140706063: 4 5 6 ; 15
20140706064: 4 6 6 ; 16
20140706065: 2 5 5 ; 12
20140706066: 1 4 6 ; 11
20140706067: 1 3 5 ; 9
20140706068: 6 6 6 ; 18
20140706069: 1 2 4 ; 7
20140706070: 1 1 2 ; 4
20140706071: 3 3 5 ; 11
20140706072: 3 4 5 ; 12
20140706073: 1 1 2 ; 4
20140706074: 1 1 2 ; 4
20140706075: 3 3 3 ; 9
20140706076: 1 2 2 ; 5
20140706077: 2 5 6 ; 13
20140706078: 2 4 5 ; 11
