20140528001: 4 4 6 ; 14
20140528002: 2 2 4 ; 8
20140528003: 1 1 6 ; 8
20140528004: 2 3 6 ; 11
20140528005: 2 3 5 ; 10
20140528006: 5 5 6 ; 16
20140528007: 2 4 6 ; 12
20140528008: 4 5 6 ; 15
20140528009: 2 4 6 ; 12
20140528010: 2 4 6 ; 12
20140528011: 1 4 6 ; 11
20140528012: 3 5 5 ; 13
20140528013: 1 1 4 ; 6
20140528014: 1 2 3 ; 6
20140528015: 1 4 4 ; 9
20140528016: 1 1 1 ; 3
20140528017: 3 4 6 ; 13
20140528018: 2 3 6 ; 11
20140528019: 3 4 6 ; 13
20140528020: 3 3 4 ; 10
20140528021: 2 3 6 ; 11
20140528022: 1 2 4 ; 7
20140528023: 2 4 4 ; 10
20140528024: 2 2 6 ; 10
20140528025: 1 2 5 ; 8
20140528026: 3 3 5 ; 11
20140528027: 2 3 4 ; 9
20140528028: 2 3 3 ; 8
20140528029: 1 3 6 ; 10
20140528030: 2 3 4 ; 9
20140528031: 1 1 5 ; 7
20140528032: 1 2 5 ; 8
20140528033: 2 3 4 ; 9
20140528034: 1 4 4 ; 9
20140528035: 2 4 6 ; 12
20140528036: 1 4 6 ; 11
20140528037: 1 4 6 ; 11
20140528038: 1 2 6 ; 9
20140528039: 4 4 6 ; 14
20140528040: 1 4 6 ; 11
20140528041: 1 5 6 ; 12
20140528042: 4 4 5 ; 13
20140528043: 1 5 6 ; 12
20140528044: 4 6 6 ; 16
20140528045: 2 2 6 ; 10
20140528046: 2 5 6 ; 13
20140528047: 1 1 4 ; 6
20140528048: 3 3 6 ; 12
20140528049: 1 4 6 ; 11
20140528050: 1 1 3 ; 5
20140528051: 2 6 6 ; 14
20140528052: 4 6 6 ; 16
20140528053: 3 4 6 ; 13
20140528054: 1 4 5 ; 10
20140528055: 3 4 4 ; 11
20140528056: 1 1 3 ; 5
20140528057: 2 3 6 ; 11
20140528058: 1 3 3 ; 7
20140528059: 3 4 6 ; 13
20140528060: 2 3 6 ; 11
20140528061: 1 2 2 ; 5
20140528062: 3 3 3 ; 9
20140528063: 2 3 5 ; 10
20140528064: 2 5 6 ; 13
20140528065: 2 3 3 ; 8
20140528066: 4 5 6 ; 15
20140528067: 1 3 4 ; 8
20140528068: 2 3 6 ; 11
20140528069: 1 1 2 ; 4
20140528070: 4 4 6 ; 14
20140528071: 2 4 5 ; 11
20140528072: 4 5 5 ; 14
20140528073: 3 6 6 ; 15
20140528074: 1 6 6 ; 13
20140528075: 2 2 3 ; 7
20140528076: 2 4 5 ; 11
20140528077: 3 4 6 ; 13
20140528078: 2 4 6 ; 12
