20140217001: 1 5 6 ; 12
20140217002: 1 2 6 ; 9
20140217003: 2 2 3 ; 7
20140217004: 3 4 6 ; 13
20140217005: 5 5 5 ; 15
20140217006: 1 3 6 ; 10
20140217007: 2 2 5 ; 9
20140217008: 1 3 4 ; 8
20140217009: 1 2 6 ; 9
20140217010: 1 3 3 ; 7
20140217011: 1 5 5 ; 11
20140217012: 5 5 6 ; 16
20140217013: 3 6 6 ; 15
20140217014: 3 4 5 ; 12
20140217015: 4 6 6 ; 16
20140217016: 1 3 5 ; 9
20140217017: 1 3 5 ; 9
20140217018: 3 4 6 ; 13
20140217019: 1 4 5 ; 10
20140217020: 1 1 4 ; 6
20140217021: 2 4 6 ; 12
20140217022: 2 3 6 ; 11
20140217023: 1 1 6 ; 8
20140217024: 5 5 6 ; 16
20140217025: 2 6 6 ; 14
20140217026: 2 4 6 ; 12
20140217027: 3 4 6 ; 13
20140217028: 2 3 3 ; 8
20140217029: 3 4 6 ; 13
20140217030: 3 5 6 ; 14
20140217031: 1 1 3 ; 5
20140217032: 1 4 4 ; 9
20140217033: 1 4 6 ; 11
20140217034: 2 3 4 ; 9
20140217035: 1 2 6 ; 9
20140217036: 1 2 3 ; 6
20140217037: 1 2 6 ; 9
20140217038: 3 5 6 ; 14
20140217039: 1 4 5 ; 10
20140217040: 1 3 5 ; 9
20140217041: 1 4 4 ; 9
20140217042: 1 6 6 ; 13
20140217043: 1 3 3 ; 7
20140217044: 3 5 6 ; 14
20140217045: 1 3 6 ; 10
20140217046: 2 2 6 ; 10
20140217047: 2 4 4 ; 10
20140217048: 4 5 5 ; 14
20140217049: 1 2 4 ; 7
20140217050: 1 5 6 ; 12
20140217051: 3 6 6 ; 15
20140217052: 1 2 6 ; 9
20140217053: 2 3 4 ; 9
20140217054: 2 6 6 ; 14
20140217055: 1 1 3 ; 5
20140217056: 3 5 6 ; 14
20140217057: 5 6 6 ; 17
20140217058: 3 5 5 ; 13
20140217059: 4 4 5 ; 13
20140217060: 1 1 4 ; 6
20140217061: 3 5 6 ; 14
20140217062: 2 6 6 ; 14
20140217063: 1 1 5 ; 7
20140217064: 5 6 6 ; 17
20140217065: 1 2 6 ; 9
20140217066: 1 4 6 ; 11
20140217067: 1 2 2 ; 5
20140217068: 2 4 6 ; 12
20140217069: 4 4 6 ; 14
20140217070: 1 2 2 ; 5
20140217071: 1 1 5 ; 7
20140217072: 1 1 2 ; 4
20140217073: 1 4 5 ; 10
20140217074: 2 4 6 ; 12
20140217075: 2 2 5 ; 9
20140217076: 2 5 6 ; 13
20140217077: 4 4 5 ; 13
20140217078: 2 2 5 ; 9
