20140121001: 1 3 6 ; 10
20140121002: 2 2 6 ; 10
20140121003: 1 1 4 ; 6
20140121004: 3 4 6 ; 13
20140121005: 2 3 3 ; 8
20140121006: 1 6 6 ; 13
20140121007: 2 2 4 ; 8
20140121008: 1 5 6 ; 12
20140121009: 1 1 3 ; 5
20140121010: 3 4 6 ; 13
20140121011: 1 4 5 ; 10
20140121012: 4 4 5 ; 13
20140121013: 5 6 6 ; 17
20140121014: 1 4 5 ; 10
20140121015: 4 5 6 ; 15
20140121016: 2 3 3 ; 8
20140121017: 1 4 6 ; 11
20140121018: 2 3 6 ; 11
20140121019: 2 3 4 ; 9
20140121020: 3 3 6 ; 12
20140121021: 1 4 5 ; 10
20140121022: 2 5 6 ; 13
20140121023: 1 1 5 ; 7
20140121024: 2 4 6 ; 12
20140121025: 2 2 6 ; 10
20140121026: 5 5 6 ; 16
20140121027: 3 4 5 ; 12
20140121028: 2 3 5 ; 10
20140121029: 2 3 5 ; 10
20140121030: 3 3 3 ; 9
20140121031: 2 3 6 ; 11
20140121032: 2 2 4 ; 8
20140121033: 2 3 3 ; 8
20140121034: 1 1 4 ; 6
20140121035: 2 4 5 ; 11
20140121036: 1 3 6 ; 10
20140121037: 3 5 6 ; 14
20140121038: 2 3 6 ; 11
20140121039: 1 4 4 ; 9
20140121040: 1 1 2 ; 4
20140121041: 1 2 6 ; 9
20140121042: 1 2 4 ; 7
20140121043: 1 1 3 ; 5
20140121044: 2 5 6 ; 13
20140121045: 2 3 6 ; 11
20140121046: 2 3 6 ; 11
20140121047: 3 3 5 ; 11
20140121048: 1 3 4 ; 8
20140121049: 1 3 5 ; 9
20140121050: 1 2 6 ; 9
20140121051: 3 4 6 ; 13
20140121052: 1 3 4 ; 8
20140121053: 1 1 1 ; 3
20140121054: 1 4 6 ; 11
20140121055: 2 4 4 ; 10
20140121056: 3 4 4 ; 11
20140121057: 2 5 5 ; 12
20140121058: 3 3 5 ; 11
20140121059: 2 3 6 ; 11
20140121060: 2 3 3 ; 8
20140121061: 2 4 5 ; 11
20140121062: 3 4 6 ; 13
20140121063: 1 4 4 ; 9
20140121064: 2 2 6 ; 10
20140121065: 2 3 6 ; 11
20140121066: 3 3 4 ; 10
20140121067: 1 2 5 ; 8
20140121068: 1 3 3 ; 7
20140121069: 3 3 6 ; 12
20140121070: 2 5 6 ; 13
20140121071: 1 2 4 ; 7
20140121072: 1 3 4 ; 8
20140121073: 2 2 4 ; 8
20140121074: 1 4 6 ; 11
20140121075: 1 1 6 ; 8
20140121076: 2 2 3 ; 7
20140121077: 1 2 2 ; 5
20140121078: 1 4 6 ; 11
