20140216001: 1 5 5 ; 11
20140216002: 2 3 6 ; 11
20140216003: 2 2 4 ; 8
20140216004: 3 4 4 ; 11
20140216005: 1 1 3 ; 5
20140216006: 3 4 6 ; 13
20140216007: 2 3 6 ; 11
20140216008: 1 1 4 ; 6
20140216009: 5 5 6 ; 16
20140216010: 3 4 5 ; 12
20140216011: 3 3 5 ; 11
20140216012: 1 1 6 ; 8
20140216013: 1 3 4 ; 8
20140216014: 2 3 3 ; 8
20140216015: 3 4 4 ; 11
20140216016: 3 5 6 ; 14
20140216017: 3 3 5 ; 11
20140216018: 2 5 6 ; 13
20140216019: 2 4 4 ; 10
20140216020: 2 3 6 ; 11
20140216021: 1 1 3 ; 5
20140216022: 1 3 3 ; 7
20140216023: 3 4 5 ; 12
20140216024: 2 4 6 ; 12
20140216025: 4 4 5 ; 13
20140216026: 1 2 6 ; 9
20140216027: 3 4 4 ; 11
20140216028: 2 5 6 ; 13
20140216029: 2 3 4 ; 9
20140216030: 3 4 4 ; 11
20140216031: 1 3 5 ; 9
20140216032: 1 1 6 ; 8
20140216033: 1 4 6 ; 11
20140216034: 4 4 5 ; 13
20140216035: 5 6 6 ; 17
20140216036: 2 4 5 ; 11
20140216037: 1 2 4 ; 7
20140216038: 1 2 6 ; 9
20140216039: 1 2 3 ; 6
20140216040: 4 4 6 ; 14
20140216041: 1 4 6 ; 11
20140216042: 2 4 5 ; 11
20140216043: 3 5 6 ; 14
20140216044: 1 3 4 ; 8
20140216045: 3 5 6 ; 14
20140216046: 3 4 5 ; 12
20140216047: 4 6 6 ; 16
20140216048: 1 1 3 ; 5
20140216049: 4 5 6 ; 15
20140216050: 4 4 4 ; 12
20140216051: 3 3 4 ; 10
20140216052: 1 3 5 ; 9
20140216053: 1 1 3 ; 5
20140216054: 1 3 3 ; 7
20140216055: 1 2 3 ; 6
20140216056: 3 4 4 ; 11
20140216057: 2 2 6 ; 10
20140216058: 3 5 6 ; 14
20140216059: 2 2 3 ; 7
20140216060: 3 3 6 ; 12
20140216061: 1 3 6 ; 10
20140216062: 1 2 6 ; 9
20140216063: 1 2 4 ; 7
20140216064: 1 3 3 ; 7
20140216065: 2 3 5 ; 10
20140216066: 3 3 6 ; 12
20140216067: 1 4 6 ; 11
20140216068: 2 2 4 ; 8
20140216069: 5 5 6 ; 16
20140216070: 3 3 5 ; 11
20140216071: 3 5 6 ; 14
20140216072: 3 6 6 ; 15
20140216073: 2 3 5 ; 10
20140216074: 1 3 4 ; 8
20140216075: 1 3 3 ; 7
20140216076: 2 5 5 ; 12
20140216077: 1 1 3 ; 5
20140216078: 6 6 6 ; 18
