20140409001: 3 5 5 ; 13
20140409002: 1 3 5 ; 9
20140409003: 2 3 6 ; 11
20140409004: 3 3 6 ; 12
20140409005: 2 4 4 ; 10
20140409006: 2 3 4 ; 9
20140409007: 2 3 5 ; 10
20140409008: 1 4 5 ; 10
20140409009: 1 1 3 ; 5
20140409010: 1 3 6 ; 10
20140409011: 1 3 6 ; 10
20140409012: 1 1 2 ; 4
20140409013: 4 5 6 ; 15
20140409014: 1 2 6 ; 9
20140409015: 1 4 5 ; 10
20140409016: 3 3 5 ; 11
20140409017: 2 2 4 ; 8
20140409018: 2 3 3 ; 8
20140409019: 1 1 5 ; 7
20140409020: 2 5 5 ; 12
20140409021: 1 5 6 ; 12
20140409022: 1 2 5 ; 8
20140409023: 2 2 3 ; 7
20140409024: 3 3 3 ; 9
20140409025: 1 1 3 ; 5
20140409026: 1 1 4 ; 6
20140409027: 3 5 5 ; 13
20140409028: 2 4 6 ; 12
20140409029: 1 1 5 ; 7
20140409030: 5 5 6 ; 16
20140409031: 2 5 6 ; 13
20140409032: 4 4 4 ; 12
20140409033: 1 3 5 ; 9
20140409034: 2 4 5 ; 11
20140409035: 1 3 5 ; 9
20140409036: 2 2 6 ; 10
20140409037: 5 5 6 ; 16
20140409038: 2 2 4 ; 8
20140409039: 3 3 5 ; 11
20140409040: 3 3 4 ; 10
20140409041: 2 2 6 ; 10
20140409042: 2 3 4 ; 9
20140409043: 2 4 6 ; 12
20140409044: 4 6 6 ; 16
20140409045: 1 3 5 ; 9
20140409046: 2 2 6 ; 10
20140409047: 5 5 6 ; 16
20140409048: 4 4 5 ; 13
20140409049: 1 5 5 ; 11
20140409050: 1 5 5 ; 11
20140409051: 2 4 6 ; 12
20140409052: 4 6 6 ; 16
20140409053: 3 4 6 ; 13
20140409054: 2 4 6 ; 12
20140409055: 1 1 2 ; 4
20140409056: 1 1 6 ; 8
20140409057: 4 5 6 ; 15
20140409058: 4 5 6 ; 15
20140409059: 5 5 6 ; 16
20140409060: 1 2 5 ; 8
20140409061: 2 2 3 ; 7
20140409062: 3 4 4 ; 11
20140409063: 1 3 3 ; 7
20140409064: 1 4 5 ; 10
20140409065: 1 5 6 ; 12
20140409066: 3 3 5 ; 11
20140409067: 3 3 6 ; 12
20140409068: 3 4 6 ; 13
20140409069: 4 6 6 ; 16
20140409070: 1 3 4 ; 8
20140409071: 3 6 6 ; 15
20140409072: 1 4 5 ; 10
20140409073: 1 3 5 ; 9
20140409074: 1 4 6 ; 11
20140409075: 4 5 6 ; 15
20140409076: 4 6 6 ; 16
20140409077: 5 6 6 ; 17
20140409078: 3 3 5 ; 11
