20140424001: 2 2 4 ; 8
20140424002: 2 6 6 ; 14
20140424003: 2 3 5 ; 10
20140424004: 2 4 5 ; 11
20140424005: 1 3 6 ; 10
20140424006: 2 4 5 ; 11
20140424007: 1 4 5 ; 10
20140424008: 2 2 4 ; 8
20140424009: 4 4 4 ; 12
20140424010: 1 2 5 ; 8
20140424011: 1 1 4 ; 6
20140424012: 4 6 6 ; 16
20140424013: 3 4 6 ; 13
20140424014: 2 2 6 ; 10
20140424015: 1 2 6 ; 9
20140424016: 2 3 5 ; 10
20140424017: 3 4 5 ; 12
20140424018: 5 6 6 ; 17
20140424019: 1 2 4 ; 7
20140424020: 1 3 5 ; 9
20140424021: 1 1 3 ; 5
20140424022: 2 2 6 ; 10
20140424023: 3 4 4 ; 11
20140424024: 2 5 6 ; 13
20140424025: 1 1 3 ; 5
20140424026: 4 6 6 ; 16
20140424027: 3 6 6 ; 15
20140424028: 2 3 3 ; 8
20140424029: 4 4 5 ; 13
20140424030: 3 6 6 ; 15
20140424031: 1 4 6 ; 11
20140424032: 1 2 4 ; 7
20140424033: 1 3 6 ; 10
20140424034: 2 3 6 ; 11
20140424035: 2 3 6 ; 11
20140424036: 1 2 6 ; 9
20140424037: 1 3 6 ; 10
20140424038: 3 4 5 ; 12
20140424039: 4 5 5 ; 14
20140424040: 1 1 3 ; 5
20140424041: 1 4 5 ; 10
20140424042: 1 2 2 ; 5
20140424043: 1 2 6 ; 9
20140424044: 3 5 5 ; 13
20140424045: 2 2 6 ; 10
20140424046: 2 4 6 ; 12
20140424047: 1 2 6 ; 9
20140424048: 2 3 3 ; 8
20140424049: 1 2 4 ; 7
20140424050: 1 2 6 ; 9
20140424051: 4 4 6 ; 14
20140424052: 2 3 4 ; 9
20140424053: 1 5 6 ; 12
20140424054: 3 4 6 ; 13
20140424055: 1 2 3 ; 6
20140424056: 1 2 4 ; 7
20140424057: 2 6 6 ; 14
20140424058: 3 5 5 ; 13
20140424059: 1 4 5 ; 10
20140424060: 4 4 6 ; 14
20140424061: 4 6 6 ; 16
20140424062: 1 1 6 ; 8
20140424063: 3 3 4 ; 10
20140424064: 2 4 5 ; 11
20140424065: 1 4 5 ; 10
20140424066: 3 4 4 ; 11
20140424067: 4 6 6 ; 16
20140424068: 1 1 4 ; 6
20140424069: 2 5 6 ; 13
20140424070: 1 3 4 ; 8
20140424071: 4 6 6 ; 16
20140424072: 1 5 6 ; 12
20140424073: 5 6 6 ; 17
20140424074: 2 2 3 ; 7
20140424075: 2 2 5 ; 9
20140424076: 2 3 3 ; 8
20140424077: 1 2 4 ; 7
20140424078: 1 5 6 ; 12
