20140415001: 4 4 5 ; 13
20140415002: 1 2 2 ; 5
20140415003: 3 4 4 ; 11
20140415004: 2 3 5 ; 10
20140415005: 2 5 5 ; 12
20140415006: 2 6 6 ; 14
20140415007: 3 5 5 ; 13
20140415008: 4 6 6 ; 16
20140415009: 2 4 6 ; 12
20140415010: 3 4 6 ; 13
20140415011: 1 3 3 ; 7
20140415012: 1 2 5 ; 8
20140415013: 1 3 3 ; 7
20140415014: 2 3 5 ; 10
20140415015: 3 3 6 ; 12
20140415016: 1 4 6 ; 11
20140415017: 5 5 6 ; 16
20140415018: 1 4 6 ; 11
20140415019: 1 3 6 ; 10
20140415020: 4 5 5 ; 14
20140415021: 1 4 5 ; 10
20140415022: 1 5 6 ; 12
20140415023: 1 5 5 ; 11
20140415024: 3 3 4 ; 10
20140415025: 2 6 6 ; 14
20140415026: 3 3 4 ; 10
20140415027: 2 2 4 ; 8
20140415028: 2 4 4 ; 10
20140415029: 1 4 5 ; 10
20140415030: 1 3 6 ; 10
20140415031: 1 4 6 ; 11
20140415032: 4 5 6 ; 15
20140415033: 4 6 6 ; 16
20140415034: 1 1 5 ; 7
20140415035: 4 4 5 ; 13
20140415036: 2 2 5 ; 9
20140415037: 1 2 2 ; 5
20140415038: 1 3 4 ; 8
20140415039: 2 3 3 ; 8
20140415040: 1 2 3 ; 6
20140415041: 1 2 5 ; 8
20140415042: 1 4 6 ; 11
20140415043: 2 2 2 ; 6
20140415044: 5 6 6 ; 17
20140415045: 1 4 5 ; 10
20140415046: 1 2 4 ; 7
20140415047: 3 4 6 ; 13
20140415048: 1 4 6 ; 11
20140415049: 1 1 3 ; 5
20140415050: 1 2 3 ; 6
20140415051: 2 5 6 ; 13
20140415052: 1 2 6 ; 9
20140415053: 2 4 6 ; 12
20140415054: 3 4 5 ; 12
20140415055: 2 2 4 ; 8
20140415056: 3 3 6 ; 12
20140415057: 1 2 4 ; 7
20140415058: 2 2 3 ; 7
20140415059: 3 3 5 ; 11
20140415060: 4 5 6 ; 15
20140415061: 1 1 6 ; 8
20140415062: 2 4 6 ; 12
20140415063: 1 3 4 ; 8
20140415064: 1 3 4 ; 8
20140415065: 2 3 6 ; 11
20140415066: 1 2 5 ; 8
20140415067: 1 4 6 ; 11
20140415068: 4 5 6 ; 15
20140415069: 2 2 4 ; 8
20140415070: 1 1 4 ; 6
20140415071: 1 1 2 ; 4
20140415072: 4 4 6 ; 14
20140415073: 1 3 4 ; 8
20140415074: 3 3 4 ; 10
20140415075: 1 5 6 ; 12
20140415076: 2 4 5 ; 11
20140415077: 3 3 6 ; 12
20140415078: 1 1 2 ; 4
