20140112001: 4 5 6 ; 15
20140112002: 2 2 4 ; 8
20140112003: 1 2 5 ; 8
20140112004: 2 3 5 ; 10
20140112005: 2 4 5 ; 11
20140112006: 2 3 4 ; 9
20140112007: 2 3 6 ; 11
20140112008: 3 4 5 ; 12
20140112009: 2 3 6 ; 11
20140112010: 1 3 6 ; 10
20140112011: 1 2 2 ; 5
20140112012: 4 6 6 ; 16
20140112013: 4 4 6 ; 14
20140112014: 1 3 4 ; 8
20140112015: 1 3 4 ; 8
20140112016: 1 4 5 ; 10
20140112017: 1 2 6 ; 9
20140112018: 1 4 6 ; 11
20140112019: 2 3 6 ; 11
20140112020: 1 1 2 ; 4
20140112021: 2 5 6 ; 13
20140112022: 2 4 4 ; 10
20140112023: 1 5 6 ; 12
20140112024: 2 3 3 ; 8
20140112025: 6 6 6 ; 18
20140112026: 1 1 3 ; 5
20140112027: 3 3 4 ; 10
20140112028: 3 4 5 ; 12
20140112029: 1 5 6 ; 12
20140112030: 3 5 5 ; 13
20140112031: 1 1 6 ; 8
20140112032: 3 4 5 ; 12
20140112033: 2 4 5 ; 11
20140112034: 4 5 5 ; 14
20140112035: 5 5 5 ; 15
20140112036: 2 4 4 ; 10
20140112037: 2 5 6 ; 13
20140112038: 1 6 6 ; 13
20140112039: 1 2 5 ; 8
20140112040: 1 2 3 ; 6
20140112041: 1 3 6 ; 10
20140112042: 1 2 5 ; 8
20140112043: 1 2 4 ; 7
20140112044: 1 2 6 ; 9
20140112045: 3 3 6 ; 12
20140112046: 2 4 6 ; 12
20140112047: 1 4 5 ; 10
20140112048: 3 4 6 ; 13
20140112049: 1 2 6 ; 9
20140112050: 4 5 5 ; 14
20140112051: 3 3 4 ; 10
20140112052: 1 4 6 ; 11
20140112053: 2 4 4 ; 10
20140112054: 1 5 6 ; 12
20140112055: 2 4 5 ; 11
20140112056: 3 4 6 ; 13
20140112057: 3 6 6 ; 15
20140112058: 1 4 5 ; 10
20140112059: 4 5 6 ; 15
20140112060: 2 3 3 ; 8
20140112061: 2 4 6 ; 12
20140112062: 1 1 2 ; 4
20140112063: 3 4 5 ; 12
20140112064: 1 2 6 ; 9
20140112065: 3 3 6 ; 12
20140112066: 2 3 4 ; 9
20140112067: 1 3 5 ; 9
20140112068: 2 2 5 ; 9
20140112069: 1 5 6 ; 12
20140112070: 5 6 6 ; 17
20140112071: 2 4 4 ; 10
20140112072: 3 4 5 ; 12
20140112073: 2 2 6 ; 10
20140112074: 1 3 6 ; 10
20140112075: 2 3 4 ; 9
20140112076: 1 2 4 ; 7
20140112077: 1 2 3 ; 6
20140112078: 2 3 6 ; 11
