20140515001: 1 5 5 ; 11
20140515002: 3 4 5 ; 12
20140515003: 4 4 6 ; 14
20140515004: 1 5 6 ; 12
20140515005: 1 1 5 ; 7
20140515006: 1 4 4 ; 9
20140515007: 3 3 4 ; 10
20140515008: 3 5 6 ; 14
20140515009: 1 6 6 ; 13
20140515010: 2 2 3 ; 7
20140515011: 1 1 2 ; 4
20140515012: 4 4 5 ; 13
20140515013: 1 2 5 ; 8
20140515014: 4 6 6 ; 16
20140515015: 3 4 6 ; 13
20140515016: 1 2 5 ; 8
20140515017: 1 2 4 ; 7
20140515018: 1 3 5 ; 9
20140515019: 2 2 4 ; 8
20140515020: 4 4 5 ; 13
20140515021: 2 3 4 ; 9
20140515022: 2 4 4 ; 10
20140515023: 1 3 3 ; 7
20140515024: 1 4 5 ; 10
20140515025: 1 3 6 ; 10
20140515026: 4 4 4 ; 12
20140515027: 5 5 6 ; 16
20140515028: 3 4 4 ; 11
20140515029: 1 4 6 ; 11
20140515030: 1 3 4 ; 8
20140515031: 1 4 4 ; 9
20140515032: 1 4 6 ; 11
20140515033: 1 4 5 ; 10
20140515034: 1 2 3 ; 6
20140515035: 2 4 5 ; 11
20140515036: 4 5 5 ; 14
20140515037: 1 4 5 ; 10
20140515038: 2 4 6 ; 12
20140515039: 2 3 5 ; 10
20140515040: 3 5 5 ; 13
20140515041: 2 2 6 ; 10
20140515042: 2 4 6 ; 12
20140515043: 1 3 6 ; 10
20140515044: 2 3 6 ; 11
20140515045: 2 3 6 ; 11
20140515046: 1 2 5 ; 8
20140515047: 2 2 5 ; 9
20140515048: 2 2 4 ; 8
20140515049: 3 4 4 ; 11
20140515050: 1 2 6 ; 9
20140515051: 4 4 5 ; 13
20140515052: 2 5 6 ; 13
20140515053: 1 5 6 ; 12
20140515054: 3 5 6 ; 14
20140515055: 3 4 6 ; 13
20140515056: 1 2 2 ; 5
20140515057: 1 3 4 ; 8
20140515058: 1 3 4 ; 8
20140515059: 1 2 5 ; 8
20140515060: 3 3 6 ; 12
20140515061: 3 4 5 ; 12
20140515062: 3 4 6 ; 13
20140515063: 5 6 6 ; 17
20140515064: 3 4 4 ; 11
20140515065: 3 4 5 ; 12
20140515066: 1 3 4 ; 8
20140515067: 1 4 5 ; 10
20140515068: 1 4 6 ; 11
20140515069: 3 4 4 ; 11
20140515070: 1 3 6 ; 10
20140515071: 1 4 6 ; 11
20140515072: 1 3 3 ; 7
20140515073: 1 1 4 ; 6
20140515074: 3 4 6 ; 13
20140515075: 3 6 6 ; 15
20140515076: 2 3 4 ; 9
20140515077: 2 4 5 ; 11
20140515078: 3 3 4 ; 10
