20140113001: 3 6 6 ; 15
20140113002: 2 3 6 ; 11
20140113003: 1 2 5 ; 8
20140113004: 4 5 5 ; 14
20140113005: 4 5 6 ; 15
20140113006: 3 4 6 ; 13
20140113007: 2 3 6 ; 11
20140113008: 2 5 6 ; 13
20140113009: 5 5 6 ; 16
20140113010: 3 5 5 ; 13
20140113011: 1 4 6 ; 11
20140113012: 4 5 6 ; 15
20140113013: 2 3 4 ; 9
20140113014: 1 3 6 ; 10
20140113015: 3 4 6 ; 13
20140113016: 2 6 6 ; 14
20140113017: 4 5 6 ; 15
20140113018: 1 1 5 ; 7
20140113019: 1 2 3 ; 6
20140113020: 4 5 6 ; 15
20140113021: 3 5 5 ; 13
20140113022: 1 4 5 ; 10
20140113023: 2 5 5 ; 12
20140113024: 3 4 6 ; 13
20140113025: 2 2 4 ; 8
20140113026: 3 5 5 ; 13
20140113027: 3 3 5 ; 11
20140113028: 1 2 3 ; 6
20140113029: 5 5 5 ; 15
20140113030: 1 1 6 ; 8
20140113031: 2 4 6 ; 12
20140113032: 4 5 6 ; 15
20140113033: 1 2 6 ; 9
20140113034: 2 5 5 ; 12
20140113035: 1 3 6 ; 10
20140113036: 2 2 4 ; 8
20140113037: 2 6 6 ; 14
20140113038: 1 3 4 ; 8
20140113039: 3 3 5 ; 11
20140113040: 2 4 5 ; 11
20140113041: 2 2 6 ; 10
20140113042: 1 2 3 ; 6
20140113043: 2 3 5 ; 10
20140113044: 1 2 3 ; 6
20140113045: 3 6 6 ; 15
20140113046: 1 1 5 ; 7
20140113047: 1 3 5 ; 9
20140113048: 3 4 4 ; 11
20140113049: 2 4 4 ; 10
20140113050: 2 3 6 ; 11
20140113051: 1 1 3 ; 5
20140113052: 1 5 6 ; 12
20140113053: 3 3 4 ; 10
20140113054: 2 4 4 ; 10
20140113055: 3 4 4 ; 11
20140113056: 3 5 5 ; 13
20140113057: 1 5 6 ; 12
20140113058: 2 3 4 ; 9
20140113059: 1 2 4 ; 7
20140113060: 3 3 6 ; 12
20140113061: 1 5 6 ; 12
20140113062: 1 5 6 ; 12
20140113063: 2 4 5 ; 11
20140113064: 1 2 5 ; 8
20140113065: 2 6 6 ; 14
20140113066: 3 3 6 ; 12
20140113067: 4 5 6 ; 15
20140113068: 2 3 3 ; 8
20140113069: 3 4 6 ; 13
20140113070: 1 3 5 ; 9
20140113071: 2 3 5 ; 10
20140113072: 4 4 6 ; 14
20140113073: 3 4 5 ; 12
20140113074: 1 2 3 ; 6
20140113075: 1 2 6 ; 9
20140113076: 1 2 2 ; 5
20140113077: 3 3 6 ; 12
20140113078: 2 2 3 ; 7
