20140615001: 1 3 4 ; 8
20140615002: 1 2 5 ; 8
20140615003: 2 2 4 ; 8
20140615004: 5 5 6 ; 16
20140615005: 1 2 5 ; 8
20140615006: 1 3 4 ; 8
20140615007: 1 1 3 ; 5
20140615008: 2 3 4 ; 9
20140615009: 3 5 6 ; 14
20140615010: 1 2 4 ; 7
20140615011: 3 3 4 ; 10
20140615012: 1 1 2 ; 4
20140615013: 1 2 4 ; 7
20140615014: 1 2 5 ; 8
20140615015: 1 3 6 ; 10
20140615016: 1 3 5 ; 9
20140615017: 1 3 4 ; 8
20140615018: 2 3 4 ; 9
20140615019: 1 4 6 ; 11
20140615020: 2 2 6 ; 10
20140615021: 4 4 5 ; 13
20140615022: 3 5 6 ; 14
20140615023: 2 3 5 ; 10
20140615024: 6 6 6 ; 18
20140615025: 3 3 6 ; 12
20140615026: 1 3 5 ; 9
20140615027: 4 5 5 ; 14
20140615028: 2 4 5 ; 11
20140615029: 2 5 6 ; 13
20140615030: 3 4 6 ; 13
20140615031: 3 4 6 ; 13
20140615032: 2 4 4 ; 10
20140615033: 2 4 5 ; 11
20140615034: 3 6 6 ; 15
20140615035: 1 3 6 ; 10
20140615036: 3 4 6 ; 13
20140615037: 1 1 3 ; 5
20140615038: 1 2 5 ; 8
20140615039: 3 4 5 ; 12
20140615040: 2 4 5 ; 11
20140615041: 2 4 5 ; 11
20140615042: 2 5 5 ; 12
20140615043: 1 4 6 ; 11
20140615044: 3 3 5 ; 11
20140615045: 1 2 5 ; 8
20140615046: 2 4 6 ; 12
20140615047: 5 6 6 ; 17
20140615048: 2 5 5 ; 12
20140615049: 4 5 6 ; 15
20140615050: 1 4 5 ; 10
20140615051: 1 3 4 ; 8
20140615052: 2 4 4 ; 10
20140615053: 3 4 6 ; 13
20140615054: 1 4 5 ; 10
20140615055: 3 5 6 ; 14
20140615056: 1 3 5 ; 9
20140615057: 1 4 6 ; 11
20140615058: 1 5 6 ; 12
20140615059: 1 3 5 ; 9
20140615060: 4 4 6 ; 14
20140615061: 1 2 6 ; 9
20140615062: 1 2 5 ; 8
20140615063: 1 2 4 ; 7
20140615064: 1 3 5 ; 9
20140615065: 4 4 5 ; 13
20140615066: 1 1 2 ; 4
20140615067: 2 4 6 ; 12
20140615068: 3 3 5 ; 11
20140615069: 1 2 2 ; 5
20140615070: 6 6 6 ; 18
20140615071: 3 3 4 ; 10
20140615072: 3 3 6 ; 12
20140615073: 1 2 6 ; 9
20140615074: 2 2 5 ; 9
20140615075: 2 5 5 ; 12
20140615076: 2 4 6 ; 12
20140615077: 5 5 5 ; 15
20140615078: 1 1 3 ; 5
