20140723001: 1 1 4 ; 6
20140723002: 2 2 4 ; 8
20140723003: 2 2 3 ; 7
20140723004: 1 1 2 ; 4
20140723005: 1 1 4 ; 6
20140723006: 1 2 3 ; 6
20140723007: 1 4 4 ; 9
20140723008: 3 6 6 ; 15
20140723009: 1 1 5 ; 7
20140723010: 1 3 4 ; 8
20140723011: 3 3 5 ; 11
20140723012: 5 6 6 ; 17
20140723013: 2 5 6 ; 13
20140723014: 3 5 6 ; 14
20140723015: 5 6 6 ; 17
20140723016: 1 3 6 ; 10
20140723017: 3 4 6 ; 13
20140723018: 2 6 6 ; 14
20140723019: 2 4 4 ; 10
20140723020: 1 2 4 ; 7
20140723021: 1 2 2 ; 5
20140723022: 4 4 6 ; 14
20140723023: 2 2 6 ; 10
20140723024: 1 1 6 ; 8
20140723025: 4 6 6 ; 16
20140723026: 1 2 4 ; 7
20140723027: 1 2 3 ; 6
20140723028: 2 3 4 ; 9
20140723029: 3 4 6 ; 13
20140723030: 1 2 6 ; 9
20140723031: 4 4 5 ; 13
20140723032: 5 5 5 ; 15
20140723033: 2 2 6 ; 10
20140723034: 3 4 6 ; 13
20140723035: 2 3 4 ; 9
20140723036: 2 4 4 ; 10
20140723037: 1 3 5 ; 9
20140723038: 1 6 6 ; 13
20140723039: 1 3 4 ; 8
20140723040: 2 4 6 ; 12
20140723041: 3 3 4 ; 10
20140723042: 1 3 5 ; 9
20140723043: 4 4 5 ; 13
20140723044: 1 5 6 ; 12
20140723045: 2 3 5 ; 10
20140723046: 3 3 4 ; 10
20140723047: 1 3 5 ; 9
20140723048: 2 4 5 ; 11
20140723049: 2 2 2 ; 6
20140723050: 2 3 4 ; 9
20140723051: 3 4 4 ; 11
20140723052: 2 4 6 ; 12
20140723053: 4 5 6 ; 15
20140723054: 1 5 6 ; 12
20140723055: 3 4 6 ; 13
20140723056: 2 3 6 ; 11
20140723057: 1 3 6 ; 10
20140723058: 1 2 5 ; 8
20140723059: 2 3 5 ; 10
20140723060: 1 1 3 ; 5
20140723061: 3 4 5 ; 12
20140723062: 1 2 5 ; 8
20140723063: 1 1 6 ; 8
20140723064: 2 5 6 ; 13
20140723065: 2 3 6 ; 11
20140723066: 2 5 5 ; 12
20140723067: 1 2 4 ; 7
20140723068: 2 3 3 ; 8
20140723069: 2 2 4 ; 8
20140723070: 3 4 5 ; 12
20140723071: 4 6 6 ; 16
20140723072: 1 1 2 ; 4
20140723073: 3 5 6 ; 14
20140723074: 1 2 6 ; 9
20140723075: 1 3 4 ; 8
20140723076: 2 5 6 ; 13
20140723077: 1 3 6 ; 10
20140723078: 3 6 6 ; 15
