20140831001: 3 3 6 ; 12
20140831002: 1 3 5 ; 9
20140831003: 2 4 5 ; 11
20140831004: 2 3 4 ; 9
20140831005: 1 2 4 ; 7
20140831006: 1 5 6 ; 12
20140831007: 2 4 6 ; 12
20140831008: 3 5 6 ; 14
20140831009: 1 3 6 ; 10
20140831010: 1 3 6 ; 10
20140831011: 1 4 4 ; 9
20140831012: 3 5 5 ; 13
20140831013: 3 3 6 ; 12
20140831014: 4 4 6 ; 14
20140831015: 2 2 4 ; 8
20140831016: 2 3 5 ; 10
20140831017: 4 5 6 ; 15
20140831018: 2 2 6 ; 10
20140831019: 3 4 6 ; 13
20140831020: 2 5 6 ; 13
20140831021: 1 2 3 ; 6
20140831022: 1 3 6 ; 10
20140831023: 1 3 5 ; 9
20140831024: 1 3 3 ; 7
20140831025: 1 2 4 ; 7
20140831026: 2 5 6 ; 13
20140831027: 2 3 5 ; 10
20140831028: 1 3 4 ; 8
20140831029: 4 5 6 ; 15
20140831030: 2 3 6 ; 11
20140831031: 2 4 6 ; 12
20140831032: 1 2 6 ; 9
20140831033: 1 2 4 ; 7
20140831034: 1 2 4 ; 7
20140831035: 2 2 3 ; 7
20140831036: 1 3 6 ; 10
20140831037: 2 3 3 ; 8
20140831038: 4 4 5 ; 13
20140831039: 2 2 3 ; 7
20140831040: 1 3 3 ; 7
20140831041: 4 4 5 ; 13
20140831042: 1 2 4 ; 7
20140831043: 1 3 4 ; 8
20140831044: 1 1 4 ; 6
20140831045: 1 6 6 ; 13
20140831046: 2 4 6 ; 12
20140831047: 3 4 5 ; 12
20140831048: 1 4 5 ; 10
20140831049: 2 3 5 ; 10
20140831050: 1 2 6 ; 9
20140831051: 1 3 3 ; 7
20140831052: 4 5 5 ; 14
20140831053: 1 2 4 ; 7
20140831054: 1 1 2 ; 4
20140831055: 3 4 4 ; 11
20140831056: 2 2 6 ; 10
20140831057: 1 2 5 ; 8
20140831058: 2 5 6 ; 13
20140831059: 1 3 5 ; 9
20140831060: 1 6 6 ; 13
20140831061: 1 2 5 ; 8
20140831062: 3 4 4 ; 11
20140831063: 1 3 6 ; 10
20140831064: 2 4 6 ; 12
20140831065: 3 3 4 ; 10
20140831066: 3 5 6 ; 14
20140831067: 2 4 4 ; 10
20140831068: 4 6 6 ; 16
20140831069: 2 3 6 ; 11
20140831070: 3 5 5 ; 13
20140831071: 3 5 5 ; 13
20140831072: 4 5 5 ; 14
20140831073: 1 6 6 ; 13
20140831074: 1 2 5 ; 8
20140831075: 1 5 5 ; 11
20140831076: 2 2 5 ; 9
20140831077: 1 5 6 ; 12
20140831078: 1 1 5 ; 7
