20140810001: 1 5 5 ; 11
20140810002: 2 3 4 ; 9
20140810003: 4 5 6 ; 15
20140810004: 4 5 6 ; 15
20140810005: 2 2 2 ; 6
20140810006: 2 5 6 ; 13
20140810007: 2 3 6 ; 11
20140810008: 1 5 6 ; 12
20140810009: 1 4 4 ; 9
20140810010: 1 4 6 ; 11
20140810011: 1 2 3 ; 6
20140810012: 2 4 5 ; 11
20140810013: 2 3 6 ; 11
20140810014: 1 2 6 ; 9
20140810015: 2 5 5 ; 12
20140810016: 1 1 1 ; 3
20140810017: 1 4 6 ; 11
20140810018: 1 5 6 ; 12
20140810019: 1 2 4 ; 7
20140810020: 3 5 5 ; 13
20140810021: 2 3 5 ; 10
20140810022: 1 1 6 ; 8
20140810023: 4 4 6 ; 14
20140810024: 1 5 6 ; 12
20140810025: 1 1 5 ; 7
20140810026: 2 6 6 ; 14
20140810027: 3 3 5 ; 11
20140810028: 3 3 4 ; 10
20140810029: 2 2 6 ; 10
20140810030: 1 3 5 ; 9
20140810031: 1 3 4 ; 8
20140810032: 4 5 5 ; 14
20140810033: 1 2 4 ; 7
20140810034: 1 5 5 ; 11
20140810035: 2 4 6 ; 12
20140810036: 2 4 6 ; 12
20140810037: 2 2 5 ; 9
20140810038: 1 1 3 ; 5
20140810039: 2 3 4 ; 9
20140810040: 3 3 4 ; 10
20140810041: 3 4 5 ; 12
20140810042: 2 3 6 ; 11
20140810043: 2 3 6 ; 11
20140810044: 1 5 6 ; 12
20140810045: 2 3 4 ; 9
20140810046: 4 5 6 ; 15
20140810047: 1 1 2 ; 4
20140810048: 1 1 2 ; 4
20140810049: 4 6 6 ; 16
20140810050: 1 4 4 ; 9
20140810051: 2 5 5 ; 12
20140810052: 1 1 6 ; 8
20140810053: 2 4 5 ; 11
20140810054: 2 3 4 ; 9
20140810055: 1 1 3 ; 5
20140810056: 2 4 6 ; 12
20140810057: 5 5 6 ; 16
20140810058: 1 3 4 ; 8
20140810059: 1 3 6 ; 10
20140810060: 1 4 6 ; 11
20140810061: 4 6 6 ; 16
20140810062: 4 4 6 ; 14
20140810063: 5 5 6 ; 16
20140810064: 3 5 6 ; 14
20140810065: 2 2 4 ; 8
20140810066: 1 4 5 ; 10
20140810067: 1 4 5 ; 10
20140810068: 4 6 6 ; 16
20140810069: 2 4 6 ; 12
20140810070: 1 3 4 ; 8
20140810071: 1 3 4 ; 8
20140810072: 4 4 6 ; 14
20140810073: 2 2 4 ; 8
20140810074: 1 2 2 ; 5
20140810075: 1 3 6 ; 10
20140810076: 2 2 2 ; 6
20140810077: 2 3 5 ; 10
20140810078: 2 4 4 ; 10
