20140308001: 2 2 3 ; 7
20140308002: 1 2 3 ; 6
20140308003: 1 3 4 ; 8
20140308004: 1 4 6 ; 11
20140308005: 1 3 4 ; 8
20140308006: 1 2 4 ; 7
20140308007: 1 2 3 ; 6
20140308008: 3 6 6 ; 15
20140308009: 1 5 5 ; 11
20140308010: 1 4 5 ; 10
20140308011: 2 4 6 ; 12
20140308012: 2 5 5 ; 12
20140308013: 1 2 2 ; 5
20140308014: 3 4 5 ; 12
20140308015: 1 3 4 ; 8
20140308016: 1 4 6 ; 11
20140308017: 2 5 6 ; 13
20140308018: 2 3 5 ; 10
20140308019: 2 3 5 ; 10
20140308020: 2 3 6 ; 11
20140308021: 2 5 6 ; 13
20140308022: 1 2 5 ; 8
20140308023: 2 4 5 ; 11
20140308024: 2 2 3 ; 7
20140308025: 4 5 5 ; 14
20140308026: 2 3 4 ; 9
20140308027: 1 3 5 ; 9
20140308028: 1 4 5 ; 10
20140308029: 3 4 4 ; 11
20140308030: 2 2 4 ; 8
20140308031: 2 2 3 ; 7
20140308032: 1 1 3 ; 5
20140308033: 3 4 5 ; 12
20140308034: 3 3 3 ; 9
20140308035: 3 4 6 ; 13
20140308036: 4 5 6 ; 15
20140308037: 2 4 5 ; 11
20140308038: 3 4 4 ; 11
20140308039: 1 4 4 ; 9
20140308040: 1 2 3 ; 6
20140308041: 2 3 5 ; 10
20140308042: 2 4 6 ; 12
20140308043: 2 5 5 ; 12
20140308044: 1 4 4 ; 9
20140308045: 1 2 3 ; 6
20140308046: 2 2 6 ; 10
20140308047: 4 5 6 ; 15
20140308048: 2 4 6 ; 12
20140308049: 1 2 4 ; 7
20140308050: 1 3 6 ; 10
20140308051: 1 2 5 ; 8
20140308052: 2 3 4 ; 9
20140308053: 1 4 6 ; 11
20140308054: 4 5 6 ; 15
20140308055: 1 1 3 ; 5
20140308056: 5 5 6 ; 16
20140308057: 5 6 6 ; 17
20140308058: 3 5 5 ; 13
20140308059: 2 4 5 ; 11
20140308060: 2 3 5 ; 10
20140308061: 3 5 6 ; 14
20140308062: 2 3 6 ; 11
20140308063: 3 4 6 ; 13
20140308064: 1 2 5 ; 8
20140308065: 1 3 5 ; 9
20140308066: 2 4 6 ; 12
20140308067: 1 3 6 ; 10
20140308068: 2 2 5 ; 9
20140308069: 1 2 4 ; 7
20140308070: 1 3 4 ; 8
20140308071: 2 4 5 ; 11
20140308072: 4 4 6 ; 14
20140308073: 3 3 5 ; 11
20140308074: 2 4 5 ; 11
20140308075: 2 4 5 ; 11
20140308076: 1 2 4 ; 7
20140308077: 3 3 4 ; 10
20140308078: 1 3 3 ; 7
