20140828001: 1 4 4 ; 9
20140828002: 2 3 5 ; 10
20140828003: 3 4 5 ; 12
20140828004: 5 5 5 ; 15
20140828005: 3 4 6 ; 13
20140828006: 2 4 5 ; 11
20140828007: 2 6 6 ; 14
20140828008: 2 2 6 ; 10
20140828009: 1 2 6 ; 9
20140828010: 4 5 6 ; 15
20140828011: 2 2 4 ; 8
20140828012: 5 5 6 ; 16
20140828013: 3 4 5 ; 12
20140828014: 1 2 4 ; 7
20140828015: 1 3 5 ; 9
20140828016: 4 5 6 ; 15
20140828017: 1 3 3 ; 7
20140828018: 1 3 5 ; 9
20140828019: 2 4 5 ; 11
20140828020: 3 4 5 ; 12
20140828021: 2 5 6 ; 13
20140828022: 2 5 6 ; 13
20140828023: 5 5 5 ; 15
20140828024: 3 3 4 ; 10
20140828025: 2 2 5 ; 9
20140828026: 3 4 5 ; 12
20140828027: 2 5 6 ; 13
20140828028: 2 5 6 ; 13
20140828029: 1 3 5 ; 9
20140828030: 3 3 5 ; 11
20140828031: 1 1 5 ; 7
20140828032: 2 3 6 ; 11
20140828033: 2 4 5 ; 11
20140828034: 3 4 6 ; 13
20140828035: 1 2 3 ; 6
20140828036: 1 2 2 ; 5
20140828037: 1 1 4 ; 6
20140828038: 1 1 2 ; 4
20140828039: 4 4 5 ; 13
20140828040: 3 4 6 ; 13
20140828041: 3 4 4 ; 11
20140828042: 3 3 4 ; 10
20140828043: 3 3 6 ; 12
20140828044: 1 3 3 ; 7
20140828045: 1 1 4 ; 6
20140828046: 1 2 5 ; 8
20140828047: 4 6 6 ; 16
20140828048: 2 3 3 ; 8
20140828049: 4 6 6 ; 16
20140828050: 1 3 3 ; 7
20140828051: 3 4 5 ; 12
20140828052: 2 2 3 ; 7
20140828053: 3 3 4 ; 10
20140828054: 1 4 6 ; 11
20140828055: 1 5 6 ; 12
20140828056: 1 3 5 ; 9
20140828057: 2 2 6 ; 10
20140828058: 1 2 3 ; 6
20140828059: 1 2 5 ; 8
20140828060: 3 3 3 ; 9
20140828061: 1 2 3 ; 6
20140828062: 2 5 6 ; 13
20140828063: 4 5 6 ; 15
20140828064: 2 5 6 ; 13
20140828065: 2 3 6 ; 11
20140828066: 1 5 5 ; 11
20140828067: 1 1 6 ; 8
20140828068: 3 3 3 ; 9
20140828069: 1 4 5 ; 10
20140828070: 1 2 6 ; 9
20140828071: 3 3 5 ; 11
20140828072: 4 4 6 ; 14
20140828073: 2 6 6 ; 14
20140828074: 3 6 6 ; 15
20140828075: 2 2 3 ; 7
20140828076: 4 6 6 ; 16
20140828077: 2 4 5 ; 11
20140828078: 3 4 5 ; 12
