20140827001: 2 4 5 ; 11
20140827002: 1 1 5 ; 7
20140827003: 1 2 6 ; 9
20140827004: 5 6 6 ; 17
20140827005: 2 4 6 ; 12
20140827006: 2 3 3 ; 8
20140827007: 1 4 4 ; 9
20140827008: 4 4 4 ; 12
20140827009: 1 2 3 ; 6
20140827010: 2 5 6 ; 13
20140827011: 3 5 6 ; 14
20140827012: 3 3 4 ; 10
20140827013: 2 4 6 ; 12
20140827014: 1 4 6 ; 11
20140827015: 2 4 5 ; 11
20140827016: 2 2 3 ; 7
20140827017: 1 1 5 ; 7
20140827018: 2 2 3 ; 7
20140827019: 1 4 6 ; 11
20140827020: 4 5 6 ; 15
20140827021: 2 2 2 ; 6
20140827022: 2 3 6 ; 11
20140827023: 3 5 6 ; 14
20140827024: 1 1 6 ; 8
20140827025: 2 3 4 ; 9
20140827026: 3 4 6 ; 13
20140827027: 2 5 5 ; 12
20140827028: 2 6 6 ; 14
20140827029: 1 4 4 ; 9
20140827030: 1 2 5 ; 8
20140827031: 3 3 6 ; 12
20140827032: 1 6 6 ; 13
20140827033: 3 4 4 ; 11
20140827034: 1 4 5 ; 10
20140827035: 2 3 5 ; 10
20140827036: 2 3 4 ; 9
20140827037: 1 3 5 ; 9
20140827038: 2 3 3 ; 8
20140827039: 2 6 6 ; 14
20140827040: 2 5 6 ; 13
20140827041: 2 6 6 ; 14
20140827042: 1 1 3 ; 5
20140827043: 2 2 3 ; 7
20140827044: 1 4 5 ; 10
20140827045: 1 3 3 ; 7
20140827046: 3 5 6 ; 14
20140827047: 1 3 4 ; 8
20140827048: 1 1 4 ; 6
20140827049: 2 3 6 ; 11
20140827050: 1 3 6 ; 10
20140827051: 1 2 6 ; 9
20140827052: 1 3 5 ; 9
20140827053: 1 4 5 ; 10
20140827054: 4 6 6 ; 16
20140827055: 1 2 4 ; 7
20140827056: 1 6 6 ; 13
20140827057: 2 3 6 ; 11
20140827058: 1 5 6 ; 12
20140827059: 1 5 6 ; 12
20140827060: 1 5 5 ; 11
20140827061: 1 3 5 ; 9
20140827062: 3 5 6 ; 14
20140827063: 2 3 5 ; 10
20140827064: 2 4 4 ; 10
20140827065: 3 4 5 ; 12
20140827066: 1 1 6 ; 8
20140827067: 1 1 5 ; 7
20140827068: 3 5 6 ; 14
20140827069: 1 3 4 ; 8
20140827070: 1 2 2 ; 5
20140827071: 1 3 6 ; 10
20140827072: 3 4 6 ; 13
20140827073: 1 1 2 ; 4
20140827074: 1 3 4 ; 8
20140827075: 2 3 5 ; 10
20140827076: 1 3 6 ; 10
20140827077: 1 4 5 ; 10
20140827078: 3 6 6 ; 15
