20140808001: 3 3 5 ; 11
20140808002: 1 4 4 ; 9
20140808003: 3 6 6 ; 15
20140808004: 1 2 6 ; 9
20140808005: 1 3 6 ; 10
20140808006: 1 4 4 ; 9
20140808007: 3 4 6 ; 13
20140808008: 1 4 5 ; 10
20140808009: 3 5 5 ; 13
20140808010: 1 4 4 ; 9
20140808011: 1 3 4 ; 8
20140808012: 2 4 4 ; 10
20140808013: 4 5 5 ; 14
20140808014: 4 4 5 ; 13
20140808015: 4 5 6 ; 15
20140808016: 2 5 5 ; 12
20140808017: 1 1 3 ; 5
20140808018: 3 4 6 ; 13
20140808019: 5 5 6 ; 16
20140808020: 1 3 5 ; 9
20140808021: 2 4 4 ; 10
20140808022: 3 4 5 ; 12
20140808023: 1 2 6 ; 9
20140808024: 3 4 4 ; 11
20140808025: 1 3 4 ; 8
20140808026: 2 5 6 ; 13
20140808027: 1 3 5 ; 9
20140808028: 1 5 5 ; 11
20140808029: 3 5 5 ; 13
20140808030: 3 4 6 ; 13
20140808031: 2 3 6 ; 11
20140808032: 3 5 6 ; 14
20140808033: 1 5 6 ; 12
20140808034: 3 3 5 ; 11
20140808035: 1 3 3 ; 7
20140808036: 3 5 6 ; 14
20140808037: 2 3 6 ; 11
20140808038: 1 3 5 ; 9
20140808039: 2 3 3 ; 8
20140808040: 2 4 5 ; 11
20140808041: 1 1 4 ; 6
20140808042: 1 4 6 ; 11
20140808043: 2 2 5 ; 9
20140808044: 1 4 6 ; 11
20140808045: 1 5 6 ; 12
20140808046: 4 5 6 ; 15
20140808047: 2 2 2 ; 6
20140808048: 5 5 6 ; 16
20140808049: 1 1 4 ; 6
20140808050: 2 3 4 ; 9
20140808051: 3 3 5 ; 11
20140808052: 1 2 5 ; 8
20140808053: 2 5 6 ; 13
20140808054: 2 3 5 ; 10
20140808055: 4 4 6 ; 14
20140808056: 1 3 4 ; 8
20140808057: 2 4 5 ; 11
20140808058: 4 6 6 ; 16
20140808059: 5 6 6 ; 17
20140808060: 1 4 5 ; 10
20140808061: 2 3 5 ; 10
20140808062: 1 3 4 ; 8
20140808063: 2 4 6 ; 12
20140808064: 1 4 4 ; 9
20140808065: 1 3 3 ; 7
20140808066: 1 3 6 ; 10
20140808067: 1 4 5 ; 10
20140808068: 1 2 4 ; 7
20140808069: 3 3 4 ; 10
20140808070: 2 3 4 ; 9
20140808071: 4 6 6 ; 16
20140808072: 2 4 6 ; 12
20140808073: 1 2 6 ; 9
20140808074: 2 3 4 ; 9
20140808075: 2 5 5 ; 12
20140808076: 1 1 6 ; 8
20140808077: 3 4 4 ; 11
20140808078: 1 4 6 ; 11
