20140115001: 1 1 6 ; 8
20140115002: 3 4 6 ; 13
20140115003: 4 5 5 ; 14
20140115004: 1 1 5 ; 7
20140115005: 1 2 5 ; 8
20140115006: 1 2 5 ; 8
20140115007: 1 3 6 ; 10
20140115008: 1 5 5 ; 11
20140115009: 2 4 5 ; 11
20140115010: 1 5 5 ; 11
20140115011: 2 3 3 ; 8
20140115012: 1 3 6 ; 10
20140115013: 2 2 3 ; 7
20140115014: 1 1 3 ; 5
20140115015: 2 2 6 ; 10
20140115016: 5 5 6 ; 16
20140115017: 3 4 5 ; 12
20140115018: 3 4 5 ; 12
20140115019: 1 1 2 ; 4
20140115020: 2 6 6 ; 14
20140115021: 1 1 4 ; 6
20140115022: 3 4 5 ; 12
20140115023: 1 2 3 ; 6
20140115024: 2 3 4 ; 9
20140115025: 2 5 6 ; 13
20140115026: 1 4 4 ; 9
20140115027: 1 2 5 ; 8
20140115028: 2 3 3 ; 8
20140115029: 1 2 2 ; 5
20140115030: 3 6 6 ; 15
20140115031: 2 3 4 ; 9
20140115032: 1 3 5 ; 9
20140115033: 2 2 6 ; 10
20140115034: 2 3 5 ; 10
20140115035: 3 4 5 ; 12
20140115036: 2 3 4 ; 9
20140115037: 3 4 5 ; 12
20140115038: 1 1 6 ; 8
20140115039: 4 4 5 ; 13
20140115040: 2 5 6 ; 13
20140115041: 2 5 5 ; 12
20140115042: 3 4 5 ; 12
20140115043: 1 1 6 ; 8
20140115044: 3 4 6 ; 13
20140115045: 2 2 2 ; 6
20140115046: 2 4 6 ; 12
20140115047: 1 2 5 ; 8
20140115048: 1 3 4 ; 8
20140115049: 2 5 6 ; 13
20140115050: 2 5 6 ; 13
20140115051: 1 3 4 ; 8
20140115052: 3 4 6 ; 13
20140115053: 2 4 6 ; 12
20140115054: 3 6 6 ; 15
20140115055: 2 2 6 ; 10
20140115056: 1 2 5 ; 8
20140115057: 1 5 5 ; 11
20140115058: 1 1 4 ; 6
20140115059: 2 4 4 ; 10
20140115060: 3 5 5 ; 13
20140115061: 2 3 6 ; 11
20140115062: 2 5 6 ; 13
20140115063: 2 2 5 ; 9
20140115064: 4 4 5 ; 13
20140115065: 2 3 6 ; 11
20140115066: 1 6 6 ; 13
20140115067: 1 1 6 ; 8
20140115068: 2 4 6 ; 12
20140115069: 1 1 4 ; 6
20140115070: 1 2 3 ; 6
20140115071: 1 3 6 ; 10
20140115072: 1 5 6 ; 12
20140115073: 3 3 5 ; 11
20140115074: 2 5 5 ; 12
20140115075: 1 1 2 ; 4
20140115076: 2 4 5 ; 11
20140115077: 1 2 3 ; 6
20140115078: 3 4 5 ; 12
