20140116001: 1 1 6 ; 8
20140116002: 3 4 5 ; 12
20140116003: 1 3 5 ; 9
20140116004: 2 4 4 ; 10
20140116005: 1 1 6 ; 8
20140116006: 1 1 3 ; 5
20140116007: 1 4 4 ; 9
20140116008: 2 2 2 ; 6
20140116009: 1 4 5 ; 10
20140116010: 2 3 6 ; 11
20140116011: 1 1 5 ; 7
20140116012: 4 4 6 ; 14
20140116013: 1 4 5 ; 10
20140116014: 2 3 4 ; 9
20140116015: 3 4 5 ; 12
20140116016: 1 4 5 ; 10
20140116017: 1 6 6 ; 13
20140116018: 5 6 6 ; 17
20140116019: 1 6 6 ; 13
20140116020: 2 4 6 ; 12
20140116021: 3 5 6 ; 14
20140116022: 1 2 3 ; 6
20140116023: 3 4 5 ; 12
20140116024: 1 1 5 ; 7
20140116025: 1 4 6 ; 11
20140116026: 4 5 5 ; 14
20140116027: 1 2 6 ; 9
20140116028: 2 4 5 ; 11
20140116029: 1 3 3 ; 7
20140116030: 1 4 6 ; 11
20140116031: 1 4 6 ; 11
20140116032: 2 3 3 ; 8
20140116033: 1 2 3 ; 6
20140116034: 1 2 3 ; 6
20140116035: 1 1 5 ; 7
20140116036: 1 6 6 ; 13
20140116037: 1 1 3 ; 5
20140116038: 4 5 6 ; 15
20140116039: 1 4 4 ; 9
20140116040: 1 3 5 ; 9
20140116041: 1 4 4 ; 9
20140116042: 3 4 4 ; 11
20140116043: 2 3 4 ; 9
20140116044: 1 4 4 ; 9
20140116045: 1 1 2 ; 4
20140116046: 1 3 3 ; 7
20140116047: 2 4 5 ; 11
20140116048: 4 5 6 ; 15
20140116049: 1 2 3 ; 6
20140116050: 3 5 6 ; 14
20140116051: 1 2 5 ; 8
20140116052: 5 5 6 ; 16
20140116053: 5 5 5 ; 15
20140116054: 4 5 6 ; 15
20140116055: 1 2 3 ; 6
20140116056: 3 5 6 ; 14
20140116057: 3 6 6 ; 15
20140116058: 1 1 2 ; 4
20140116059: 1 5 5 ; 11
20140116060: 2 4 5 ; 11
20140116061: 1 1 2 ; 4
20140116062: 1 4 5 ; 10
20140116063: 1 2 5 ; 8
20140116064: 4 5 6 ; 15
20140116065: 4 5 6 ; 15
20140116066: 1 5 6 ; 12
20140116067: 2 4 4 ; 10
20140116068: 2 3 6 ; 11
20140116069: 4 4 4 ; 12
20140116070: 2 5 6 ; 13
20140116071: 2 2 3 ; 7
20140116072: 3 5 5 ; 13
20140116073: 1 4 5 ; 10
20140116074: 4 4 6 ; 14
20140116075: 2 3 5 ; 10
20140116076: 1 3 4 ; 8
20140116077: 1 4 6 ; 11
20140116078: 2 3 5 ; 10
