20140901001: 1 2 2 ; 5
20140901002: 1 5 6 ; 12
20140901003: 1 6 6 ; 13
20140901004: 2 4 6 ; 12
20140901005: 3 4 6 ; 13
20140901006: 1 4 5 ; 10
20140901007: 2 6 6 ; 14
20140901008: 1 4 4 ; 9
20140901009: 4 4 6 ; 14
20140901010: 2 3 3 ; 8
20140901011: 1 2 5 ; 8
20140901012: 5 6 6 ; 17
20140901013: 2 2 4 ; 8
20140901014: 3 4 4 ; 11
20140901015: 4 4 6 ; 14
20140901016: 2 5 6 ; 13
20140901017: 4 4 6 ; 14
20140901018: 1 3 5 ; 9
20140901019: 1 5 6 ; 12
20140901020: 3 3 6 ; 12
20140901021: 6 6 6 ; 18
20140901022: 2 4 5 ; 11
20140901023: 2 6 6 ; 14
20140901024: 1 4 6 ; 11
20140901025: 1 3 6 ; 10
20140901026: 1 3 5 ; 9
20140901027: 1 2 4 ; 7
20140901028: 1 4 5 ; 10
20140901029: 1 4 4 ; 9
20140901030: 1 2 6 ; 9
20140901031: 1 4 4 ; 9
20140901032: 1 1 2 ; 4
20140901033: 2 4 5 ; 11
20140901034: 2 2 3 ; 7
20140901035: 2 3 6 ; 11
20140901036: 2 4 4 ; 10
20140901037: 2 6 6 ; 14
20140901038: 2 3 4 ; 9
20140901039: 3 4 4 ; 11
20140901040: 2 4 5 ; 11
20140901041: 3 5 6 ; 14
20140901042: 3 3 5 ; 11
20140901043: 2 3 5 ; 10
20140901044: 1 5 5 ; 11
20140901045: 1 2 6 ; 9
20140901046: 5 6 6 ; 17
20140901047: 1 1 4 ; 6
20140901048: 1 2 2 ; 5
20140901049: 3 5 6 ; 14
20140901050: 3 4 6 ; 13
20140901051: 1 2 2 ; 5
20140901052: 1 2 5 ; 8
20140901053: 1 1 1 ; 3
20140901054: 1 2 6 ; 9
20140901055: 1 1 5 ; 7
20140901056: 1 4 6 ; 11
20140901057: 1 5 6 ; 12
20140901058: 3 4 5 ; 12
20140901059: 2 2 6 ; 10
20140901060: 1 3 3 ; 7
20140901061: 3 5 5 ; 13
20140901062: 2 3 4 ; 9
20140901063: 2 2 4 ; 8
20140901064: 3 4 4 ; 11
20140901065: 3 5 6 ; 14
20140901066: 1 3 6 ; 10
20140901067: 2 2 6 ; 10
20140901068: 1 2 6 ; 9
20140901069: 1 2 4 ; 7
20140901070: 1 2 5 ; 8
20140901071: 1 4 6 ; 11
20140901072: 2 3 6 ; 11
20140901073: 1 4 4 ; 9
20140901074: 3 4 5 ; 12
20140901075: 1 4 5 ; 10
20140901076: 2 3 3 ; 8
20140901077: 4 6 6 ; 16
20140901078: 2 4 6 ; 12
