20140418001: 1 4 6 ; 11
20140418002: 2 6 6 ; 14
20140418003: 1 2 3 ; 6
20140418004: 1 2 3 ; 6
20140418005: 2 5 5 ; 12
20140418006: 3 4 6 ; 13
20140418007: 2 5 6 ; 13
20140418008: 3 3 3 ; 9
20140418009: 3 4 4 ; 11
20140418010: 4 5 6 ; 15
20140418011: 4 4 6 ; 14
20140418012: 2 4 5 ; 11
20140418013: 3 4 6 ; 13
20140418014: 5 5 6 ; 16
20140418015: 1 3 3 ; 7
20140418016: 1 5 6 ; 12
20140418017: 2 2 6 ; 10
20140418018: 1 4 6 ; 11
20140418019: 1 3 3 ; 7
20140418020: 3 3 5 ; 11
20140418021: 1 3 6 ; 10
20140418022: 1 2 4 ; 7
20140418023: 3 4 4 ; 11
20140418024: 4 5 5 ; 14
20140418025: 2 2 4 ; 8
20140418026: 2 3 4 ; 9
20140418027: 4 6 6 ; 16
20140418028: 2 2 4 ; 8
20140418029: 3 3 5 ; 11
20140418030: 4 4 5 ; 13
20140418031: 3 4 6 ; 13
20140418032: 4 5 6 ; 15
20140418033: 3 3 4 ; 10
20140418034: 2 4 6 ; 12
20140418035: 1 2 4 ; 7
20140418036: 2 4 6 ; 12
20140418037: 2 5 5 ; 12
20140418038: 1 3 6 ; 10
20140418039: 2 3 5 ; 10
20140418040: 3 3 6 ; 12
20140418041: 5 6 6 ; 17
20140418042: 1 1 1 ; 3
20140418043: 3 3 4 ; 10
20140418044: 2 3 6 ; 11
20140418045: 1 1 5 ; 7
20140418046: 2 5 5 ; 12
20140418047: 2 3 5 ; 10
20140418048: 3 3 5 ; 11
20140418049: 1 2 4 ; 7
20140418050: 2 4 6 ; 12
20140418051: 1 2 6 ; 9
20140418052: 1 2 6 ; 9
20140418053: 1 2 5 ; 8
20140418054: 2 3 6 ; 11
20140418055: 6 6 6 ; 18
20140418056: 2 3 6 ; 11
20140418057: 2 3 6 ; 11
20140418058: 1 2 5 ; 8
20140418059: 3 3 4 ; 10
20140418060: 1 2 5 ; 8
20140418061: 2 4 4 ; 10
20140418062: 1 3 3 ; 7
20140418063: 2 3 6 ; 11
20140418064: 4 6 6 ; 16
20140418065: 3 5 6 ; 14
20140418066: 1 1 1 ; 3
20140418067: 2 3 4 ; 9
20140418068: 2 5 6 ; 13
20140418069: 2 4 5 ; 11
20140418070: 3 5 6 ; 14
20140418071: 1 5 6 ; 12
20140418072: 1 4 4 ; 9
20140418073: 2 4 6 ; 12
20140418074: 5 5 6 ; 16
20140418075: 1 1 4 ; 6
20140418076: 1 4 6 ; 11
20140418077: 2 3 6 ; 11
20140418078: 1 4 4 ; 9
