20140523001: 1 1 2 ; 4
20140523002: 1 2 5 ; 8
20140523003: 4 4 5 ; 13
20140523004: 3 4 4 ; 11
20140523005: 2 3 5 ; 10
20140523006: 2 6 6 ; 14
20140523007: 3 3 6 ; 12
20140523008: 1 5 5 ; 11
20140523009: 5 5 5 ; 15
20140523010: 1 3 5 ; 9
20140523011: 2 3 4 ; 9
20140523012: 2 4 6 ; 12
20140523013: 3 3 4 ; 10
20140523014: 3 5 6 ; 14
20140523015: 1 3 5 ; 9
20140523016: 1 2 5 ; 8
20140523017: 2 2 5 ; 9
20140523018: 1 1 6 ; 8
20140523019: 1 2 2 ; 5
20140523020: 3 5 6 ; 14
20140523021: 1 2 6 ; 9
20140523022: 2 2 6 ; 10
20140523023: 1 1 3 ; 5
20140523024: 1 3 6 ; 10
20140523025: 3 4 5 ; 12
20140523026: 1 1 6 ; 8
20140523027: 1 5 5 ; 11
20140523028: 1 1 5 ; 7
20140523029: 3 4 4 ; 11
20140523030: 5 6 6 ; 17
20140523031: 2 3 4 ; 9
20140523032: 1 5 5 ; 11
20140523033: 5 6 6 ; 17
20140523034: 4 4 6 ; 14
20140523035: 1 5 6 ; 12
20140523036: 2 3 5 ; 10
20140523037: 3 3 5 ; 11
20140523038: 1 4 5 ; 10
20140523039: 2 2 4 ; 8
20140523040: 3 3 6 ; 12
20140523041: 1 2 3 ; 6
20140523042: 1 4 6 ; 11
20140523043: 1 2 5 ; 8
20140523044: 2 4 6 ; 12
20140523045: 1 1 3 ; 5
20140523046: 1 2 5 ; 8
20140523047: 2 3 6 ; 11
20140523048: 1 1 5 ; 7
20140523049: 3 5 6 ; 14
20140523050: 1 3 6 ; 10
20140523051: 3 5 6 ; 14
20140523052: 3 4 6 ; 13
20140523053: 3 5 5 ; 13
20140523054: 1 2 5 ; 8
20140523055: 1 5 6 ; 12
20140523056: 2 2 3 ; 7
20140523057: 2 3 4 ; 9
20140523058: 2 4 6 ; 12
20140523059: 3 5 5 ; 13
20140523060: 1 4 5 ; 10
20140523061: 2 3 5 ; 10
20140523062: 1 4 5 ; 10
20140523063: 2 3 5 ; 10
20140523064: 1 3 3 ; 7
20140523065: 3 4 4 ; 11
20140523066: 1 1 5 ; 7
20140523067: 4 5 6 ; 15
20140523068: 2 3 3 ; 8
20140523069: 2 2 5 ; 9
20140523070: 1 2 5 ; 8
20140523071: 3 3 3 ; 9
20140523072: 6 6 6 ; 18
20140523073: 1 3 5 ; 9
20140523074: 3 5 6 ; 14
20140523075: 1 2 2 ; 5
20140523076: 1 2 6 ; 9
20140523077: 2 3 6 ; 11
20140523078: 3 3 4 ; 10
