20140724001: 1 1 4 ; 6
20140724002: 4 5 5 ; 14
20140724003: 1 2 6 ; 9
20140724004: 2 4 4 ; 10
20140724005: 2 4 5 ; 11
20140724006: 3 4 6 ; 13
20140724007: 2 5 5 ; 12
20140724008: 2 5 6 ; 13
20140724009: 3 3 4 ; 10
20140724010: 3 3 5 ; 11
20140724011: 2 5 5 ; 12
20140724012: 1 3 4 ; 8
20140724013: 3 4 6 ; 13
20140724014: 2 3 5 ; 10
20140724015: 5 5 6 ; 16
20140724016: 4 4 6 ; 14
20140724017: 2 3 6 ; 11
20140724018: 1 1 5 ; 7
20140724019: 2 5 5 ; 12
20140724020: 3 4 6 ; 13
20140724021: 5 6 6 ; 17
20140724022: 5 6 6 ; 17
20140724023: 3 3 6 ; 12
20140724024: 1 3 6 ; 10
20140724025: 1 2 5 ; 8
20140724026: 2 3 5 ; 10
20140724027: 1 2 5 ; 8
20140724028: 3 6 6 ; 15
20140724029: 4 5 6 ; 15
20140724030: 2 4 6 ; 12
20140724031: 3 3 6 ; 12
20140724032: 3 5 5 ; 13
20140724033: 1 3 3 ; 7
20140724034: 1 4 5 ; 10
20140724035: 3 5 5 ; 13
20140724036: 3 6 6 ; 15
20140724037: 4 5 5 ; 14
20140724038: 1 3 5 ; 9
20140724039: 1 4 5 ; 10
20140724040: 5 5 6 ; 16
20140724041: 2 3 5 ; 10
20140724042: 3 5 5 ; 13
20140724043: 1 5 6 ; 12
20140724044: 1 4 6 ; 11
20140724045: 1 4 4 ; 9
20140724046: 2 2 5 ; 9
20140724047: 3 3 5 ; 11
20140724048: 1 4 5 ; 10
20140724049: 3 4 6 ; 13
20140724050: 1 3 6 ; 10
20140724051: 1 5 5 ; 11
20140724052: 1 2 3 ; 6
20140724053: 1 1 4 ; 6
20140724054: 1 3 4 ; 8
20140724055: 3 3 5 ; 11
20140724056: 2 4 5 ; 11
20140724057: 2 2 6 ; 10
20140724058: 1 1 3 ; 5
20140724059: 2 4 5 ; 11
20140724060: 3 5 6 ; 14
20140724061: 2 2 4 ; 8
20140724062: 2 6 6 ; 14
20140724063: 1 3 3 ; 7
20140724064: 2 3 6 ; 11
20140724065: 3 4 5 ; 12
20140724066: 2 4 5 ; 11
20140724067: 2 2 6 ; 10
20140724068: 1 4 6 ; 11
20140724069: 1 4 4 ; 9
20140724070: 4 5 6 ; 15
20140724071: 2 2 5 ; 9
20140724072: 1 1 2 ; 4
20140724073: 3 5 5 ; 13
20140724074: 1 1 5 ; 7
20140724075: 1 2 6 ; 9
20140724076: 2 4 6 ; 12
20140724077: 2 2 5 ; 9
20140724078: 4 4 5 ; 13
