20140301001: 3 5 6 ; 14
20140301002: 2 4 6 ; 12
20140301003: 4 5 5 ; 14
20140301004: 1 2 5 ; 8
20140301005: 1 2 6 ; 9
20140301006: 1 3 6 ; 10
20140301007: 5 5 6 ; 16
20140301008: 2 2 5 ; 9
20140301009: 1 2 5 ; 8
20140301010: 2 3 3 ; 8
20140301011: 3 5 6 ; 14
20140301012: 2 4 6 ; 12
20140301013: 2 3 3 ; 8
20140301014: 1 2 6 ; 9
20140301015: 4 5 6 ; 15
20140301016: 2 4 5 ; 11
20140301017: 2 3 6 ; 11
20140301018: 2 5 5 ; 12
20140301019: 2 3 4 ; 9
20140301020: 1 4 5 ; 10
20140301021: 2 3 4 ; 9
20140301022: 3 6 6 ; 15
20140301023: 1 4 5 ; 10
20140301024: 1 1 4 ; 6
20140301025: 2 4 4 ; 10
20140301026: 1 2 5 ; 8
20140301027: 2 3 4 ; 9
20140301028: 1 4 6 ; 11
20140301029: 1 5 6 ; 12
20140301030: 4 5 5 ; 14
20140301031: 2 3 4 ; 9
20140301032: 3 3 4 ; 10
20140301033: 2 4 6 ; 12
20140301034: 1 4 6 ; 11
20140301035: 3 4 5 ; 12
20140301036: 3 6 6 ; 15
20140301037: 1 2 6 ; 9
20140301038: 1 4 4 ; 9
20140301039: 1 3 5 ; 9
20140301040: 3 3 3 ; 9
20140301041: 1 5 6 ; 12
20140301042: 1 6 6 ; 13
20140301043: 2 3 6 ; 11
20140301044: 3 5 6 ; 14
20140301045: 1 2 3 ; 6
20140301046: 4 4 6 ; 14
20140301047: 1 2 3 ; 6
20140301048: 2 3 5 ; 10
20140301049: 2 6 6 ; 14
20140301050: 1 3 4 ; 8
20140301051: 2 3 3 ; 8
20140301052: 2 5 5 ; 12
20140301053: 5 6 6 ; 17
20140301054: 2 3 3 ; 8
20140301055: 1 3 4 ; 8
20140301056: 1 1 6 ; 8
20140301057: 1 2 2 ; 5
20140301058: 5 5 6 ; 16
20140301059: 1 3 3 ; 7
20140301060: 3 6 6 ; 15
20140301061: 1 1 1 ; 3
20140301062: 2 6 6 ; 14
20140301063: 1 2 3 ; 6
20140301064: 3 4 6 ; 13
20140301065: 6 6 6 ; 18
20140301066: 1 2 3 ; 6
20140301067: 1 1 2 ; 4
20140301068: 3 4 6 ; 13
20140301069: 3 4 5 ; 12
20140301070: 1 1 6 ; 8
20140301071: 4 5 5 ; 14
20140301072: 3 4 5 ; 12
20140301073: 1 3 3 ; 7
20140301074: 1 4 5 ; 10
20140301075: 2 4 5 ; 11
20140301076: 2 2 4 ; 8
20140301077: 3 4 5 ; 12
20140301078: 3 4 5 ; 12
