20140407001: 1 4 4 ; 9
20140407002: 1 1 6 ; 8
20140407003: 3 5 5 ; 13
20140407004: 1 1 5 ; 7
20140407005: 2 3 3 ; 8
20140407006: 1 4 5 ; 10
20140407007: 1 2 6 ; 9
20140407008: 2 4 6 ; 12
20140407009: 3 5 5 ; 13
20140407010: 2 2 2 ; 6
20140407011: 2 3 3 ; 8
20140407012: 1 1 6 ; 8
20140407013: 1 1 4 ; 6
20140407014: 2 4 5 ; 11
20140407015: 2 4 4 ; 10
20140407016: 2 4 4 ; 10
20140407017: 1 3 4 ; 8
20140407018: 1 4 6 ; 11
20140407019: 2 5 6 ; 13
20140407020: 2 3 6 ; 11
20140407021: 1 4 6 ; 11
20140407022: 3 3 6 ; 12
20140407023: 3 3 5 ; 11
20140407024: 3 4 5 ; 12
20140407025: 2 2 3 ; 7
20140407026: 2 6 6 ; 14
20140407027: 4 5 6 ; 15
20140407028: 3 3 6 ; 12
20140407029: 2 3 6 ; 11
20140407030: 3 4 6 ; 13
20140407031: 1 2 3 ; 6
20140407032: 1 2 2 ; 5
20140407033: 3 3 6 ; 12
20140407034: 2 3 6 ; 11
20140407035: 2 3 6 ; 11
20140407036: 4 5 6 ; 15
20140407037: 1 6 6 ; 13
20140407038: 2 3 6 ; 11
20140407039: 4 4 5 ; 13
20140407040: 1 2 2 ; 5
20140407041: 4 5 5 ; 14
20140407042: 1 1 6 ; 8
20140407043: 4 6 6 ; 16
20140407044: 2 3 3 ; 8
20140407045: 6 6 6 ; 18
20140407046: 1 2 2 ; 5
20140407047: 2 3 6 ; 11
20140407048: 2 4 6 ; 12
20140407049: 1 2 6 ; 9
20140407050: 2 5 5 ; 12
20140407051: 1 1 3 ; 5
20140407052: 3 3 5 ; 11
20140407053: 1 5 6 ; 12
20140407054: 2 5 5 ; 12
20140407055: 1 3 5 ; 9
20140407056: 1 2 5 ; 8
20140407057: 3 4 6 ; 13
20140407058: 1 1 3 ; 5
20140407059: 1 3 6 ; 10
20140407060: 1 2 2 ; 5
20140407061: 3 4 5 ; 12
20140407062: 3 4 6 ; 13
20140407063: 5 5 6 ; 16
20140407064: 2 4 4 ; 10
20140407065: 2 5 6 ; 13
20140407066: 2 4 4 ; 10
20140407067: 1 3 5 ; 9
20140407068: 1 4 4 ; 9
20140407069: 1 5 6 ; 12
20140407070: 1 2 5 ; 8
20140407071: 1 2 3 ; 6
20140407072: 1 6 6 ; 13
20140407073: 2 4 5 ; 11
20140407074: 1 2 5 ; 8
20140407075: 3 3 6 ; 12
20140407076: 2 3 4 ; 9
20140407077: 3 4 6 ; 13
20140407078: 4 4 5 ; 13
