20140721001: 1 3 4 ; 8
20140721002: 3 4 4 ; 11
20140721003: 2 3 6 ; 11
20140721004: 3 4 6 ; 13
20140721005: 1 6 6 ; 13
20140721006: 3 4 6 ; 13
20140721007: 2 3 6 ; 11
20140721008: 2 5 5 ; 12
20140721009: 2 3 6 ; 11
20140721010: 3 4 5 ; 12
20140721011: 3 3 6 ; 12
20140721012: 2 3 6 ; 11
20140721013: 2 4 6 ; 12
20140721014: 2 2 5 ; 9
20140721015: 2 4 4 ; 10
20140721016: 3 4 5 ; 12
20140721017: 1 3 6 ; 10
20140721018: 1 3 4 ; 8
20140721019: 1 2 4 ; 7
20140721020: 2 5 6 ; 13
20140721021: 3 4 5 ; 12
20140721022: 1 1 4 ; 6
20140721023: 1 5 6 ; 12
20140721024: 4 5 6 ; 15
20140721025: 2 2 3 ; 7
20140721026: 1 2 6 ; 9
20140721027: 1 3 3 ; 7
20140721028: 1 1 6 ; 8
20140721029: 2 4 6 ; 12
20140721030: 1 3 6 ; 10
20140721031: 4 4 5 ; 13
20140721032: 1 4 6 ; 11
20140721033: 3 4 5 ; 12
20140721034: 3 4 6 ; 13
20140721035: 2 3 4 ; 9
20140721036: 2 4 5 ; 11
20140721037: 2 6 6 ; 14
20140721038: 2 4 5 ; 11
20140721039: 2 3 6 ; 11
20140721040: 1 1 2 ; 4
20140721041: 1 1 2 ; 4
20140721042: 1 1 6 ; 8
20140721043: 2 3 4 ; 9
20140721044: 1 3 4 ; 8
20140721045: 3 4 5 ; 12
20140721046: 1 4 6 ; 11
20140721047: 1 1 4 ; 6
20140721048: 2 5 6 ; 13
20140721049: 2 3 6 ; 11
20140721050: 3 3 6 ; 12
20140721051: 2 3 5 ; 10
20140721052: 3 3 4 ; 10
20140721053: 1 3 5 ; 9
20140721054: 1 1 1 ; 3
20140721055: 1 2 3 ; 6
20140721056: 1 3 4 ; 8
20140721057: 1 2 2 ; 5
20140721058: 2 6 6 ; 14
20140721059: 2 3 6 ; 11
20140721060: 1 5 5 ; 11
20140721061: 1 4 5 ; 10
20140721062: 3 4 6 ; 13
20140721063: 1 2 6 ; 9
20140721064: 4 6 6 ; 16
20140721065: 3 5 6 ; 14
20140721066: 1 2 4 ; 7
20140721067: 1 1 3 ; 5
20140721068: 4 5 6 ; 15
20140721069: 2 2 4 ; 8
20140721070: 1 2 3 ; 6
20140721071: 3 5 6 ; 14
20140721072: 3 4 6 ; 13
20140721073: 3 3 6 ; 12
20140721074: 1 2 5 ; 8
20140721075: 2 3 6 ; 11
20140721076: 1 3 6 ; 10
20140721077: 2 3 6 ; 11
20140721078: 1 2 5 ; 8
