20140428001: 3 3 6 ; 12
20140428002: 3 6 6 ; 15
20140428003: 4 6 6 ; 16
20140428004: 4 4 5 ; 13
20140428005: 2 4 5 ; 11
20140428006: 3 5 6 ; 14
20140428007: 2 3 3 ; 8
20140428008: 1 2 2 ; 5
20140428009: 1 1 2 ; 4
20140428010: 3 4 6 ; 13
20140428011: 2 3 6 ; 11
20140428012: 1 1 3 ; 5
20140428013: 4 5 6 ; 15
20140428014: 2 4 4 ; 10
20140428015: 3 4 6 ; 13
20140428016: 3 4 5 ; 12
20140428017: 3 3 5 ; 11
20140428018: 2 4 5 ; 11
20140428019: 1 3 5 ; 9
20140428020: 2 3 4 ; 9
20140428021: 2 2 3 ; 7
20140428022: 2 2 4 ; 8
20140428023: 2 3 6 ; 11
20140428024: 1 5 6 ; 12
20140428025: 3 3 5 ; 11
20140428026: 1 2 5 ; 8
20140428027: 2 3 4 ; 9
20140428028: 1 3 6 ; 10
20140428029: 1 5 5 ; 11
20140428030: 1 4 6 ; 11
20140428031: 2 3 6 ; 11
20140428032: 5 5 5 ; 15
20140428033: 1 2 5 ; 8
20140428034: 1 2 4 ; 7
20140428035: 1 1 5 ; 7
20140428036: 1 3 6 ; 10
20140428037: 2 2 3 ; 7
20140428038: 2 4 6 ; 12
20140428039: 4 5 5 ; 14
20140428040: 4 4 5 ; 13
20140428041: 1 2 4 ; 7
20140428042: 1 4 5 ; 10
20140428043: 1 3 3 ; 7
20140428044: 1 2 4 ; 7
20140428045: 1 3 4 ; 8
20140428046: 2 3 4 ; 9
20140428047: 3 3 3 ; 9
20140428048: 1 1 4 ; 6
20140428049: 2 4 5 ; 11
20140428050: 4 5 6 ; 15
20140428051: 4 5 6 ; 15
20140428052: 1 2 4 ; 7
20140428053: 1 1 2 ; 4
20140428054: 1 1 5 ; 7
20140428055: 5 5 6 ; 16
20140428056: 5 5 6 ; 16
20140428057: 3 4 6 ; 13
20140428058: 3 6 6 ; 15
20140428059: 3 4 5 ; 12
20140428060: 4 5 5 ; 14
20140428061: 1 4 6 ; 11
20140428062: 2 3 5 ; 10
20140428063: 1 3 3 ; 7
20140428064: 2 3 4 ; 9
20140428065: 4 5 5 ; 14
20140428066: 2 4 6 ; 12
20140428067: 2 4 6 ; 12
20140428068: 1 1 2 ; 4
20140428069: 3 6 6 ; 15
20140428070: 2 4 6 ; 12
20140428071: 1 2 5 ; 8
20140428072: 1 3 4 ; 8
20140428073: 1 3 4 ; 8
20140428074: 5 5 5 ; 15
20140428075: 1 1 2 ; 4
20140428076: 1 4 4 ; 9
20140428077: 4 4 5 ; 13
20140428078: 3 5 6 ; 14
