20140809001: 3 4 6 ; 13
20140809002: 4 6 6 ; 16
20140809003: 2 3 5 ; 10
20140809004: 1 2 4 ; 7
20140809005: 1 4 5 ; 10
20140809006: 3 6 6 ; 15
20140809007: 1 2 5 ; 8
20140809008: 2 5 6 ; 13
20140809009: 1 5 6 ; 12
20140809010: 1 2 6 ; 9
20140809011: 1 3 4 ; 8
20140809012: 1 6 6 ; 13
20140809013: 2 4 6 ; 12
20140809014: 2 4 6 ; 12
20140809015: 3 4 5 ; 12
20140809016: 2 3 4 ; 9
20140809017: 1 1 2 ; 4
20140809018: 3 4 4 ; 11
20140809019: 2 4 6 ; 12
20140809020: 1 3 6 ; 10
20140809021: 2 3 5 ; 10
20140809022: 3 3 6 ; 12
20140809023: 2 5 6 ; 13
20140809024: 4 5 5 ; 14
20140809025: 4 5 6 ; 15
20140809026: 3 4 6 ; 13
20140809027: 2 3 4 ; 9
20140809028: 1 1 5 ; 7
20140809029: 1 4 5 ; 10
20140809030: 1 2 5 ; 8
20140809031: 1 3 3 ; 7
20140809032: 1 1 5 ; 7
20140809033: 1 5 5 ; 11
20140809034: 1 4 6 ; 11
20140809035: 1 2 5 ; 8
20140809036: 2 3 4 ; 9
20140809037: 1 2 6 ; 9
20140809038: 1 3 3 ; 7
20140809039: 1 4 5 ; 10
20140809040: 1 5 6 ; 12
20140809041: 3 5 5 ; 13
20140809042: 4 4 4 ; 12
20140809043: 4 5 6 ; 15
20140809044: 4 5 6 ; 15
20140809045: 1 2 3 ; 6
20140809046: 1 4 6 ; 11
20140809047: 3 3 5 ; 11
20140809048: 3 5 5 ; 13
20140809049: 4 5 5 ; 14
20140809050: 3 4 5 ; 12
20140809051: 2 4 6 ; 12
20140809052: 3 4 5 ; 12
20140809053: 2 2 6 ; 10
20140809054: 2 2 5 ; 9
20140809055: 2 4 6 ; 12
20140809056: 1 4 6 ; 11
20140809057: 1 1 6 ; 8
20140809058: 2 3 4 ; 9
20140809059: 2 4 4 ; 10
20140809060: 1 4 4 ; 9
20140809061: 4 4 5 ; 13
20140809062: 1 3 4 ; 8
20140809063: 1 2 5 ; 8
20140809064: 5 6 6 ; 17
20140809065: 2 3 6 ; 11
20140809066: 3 3 5 ; 11
20140809067: 1 1 5 ; 7
20140809068: 3 4 6 ; 13
20140809069: 2 3 6 ; 11
20140809070: 2 4 6 ; 12
20140809071: 4 6 6 ; 16
20140809072: 5 6 6 ; 17
20140809073: 1 1 6 ; 8
20140809074: 2 2 6 ; 10
20140809075: 3 4 5 ; 12
20140809076: 1 1 1 ; 3
20140809077: 3 4 6 ; 13
20140809078: 1 2 5 ; 8
