20140109001: 2 5 5 ; 12
20140109002: 2 2 3 ; 7
20140109003: 2 5 5 ; 12
20140109004: 4 6 6 ; 16
20140109005: 2 4 6 ; 12
20140109006: 1 1 4 ; 6
20140109007: 4 4 6 ; 14
20140109008: 2 5 6 ; 13
20140109009: 1 3 6 ; 10
20140109010: 1 3 5 ; 9
20140109011: 1 6 6 ; 13
20140109012: 1 1 3 ; 5
20140109013: 1 1 3 ; 5
20140109014: 1 2 2 ; 5
20140109015: 2 2 3 ; 7
20140109016: 4 4 4 ; 12
20140109017: 1 2 6 ; 9
20140109018: 1 3 6 ; 10
20140109019: 3 3 4 ; 10
20140109020: 3 3 5 ; 11
20140109021: 4 6 6 ; 16
20140109022: 2 2 4 ; 8
20140109023: 2 4 4 ; 10
20140109024: 1 1 6 ; 8
20140109025: 1 4 5 ; 10
20140109026: 1 2 3 ; 6
20140109027: 2 5 6 ; 13
20140109028: 5 5 6 ; 16
20140109029: 1 5 6 ; 12
20140109030: 2 5 5 ; 12
20140109031: 2 5 6 ; 13
20140109032: 1 4 4 ; 9
20140109033: 1 3 5 ; 9
20140109034: 1 5 6 ; 12
20140109035: 2 2 5 ; 9
20140109036: 1 6 6 ; 13
20140109037: 3 4 6 ; 13
20140109038: 1 2 4 ; 7
20140109039: 2 3 6 ; 11
20140109040: 1 3 4 ; 8
20140109041: 2 2 5 ; 9
20140109042: 2 3 3 ; 8
20140109043: 1 1 2 ; 4
20140109044: 4 5 5 ; 14
20140109045: 1 3 6 ; 10
20140109046: 4 5 6 ; 15
20140109047: 2 2 4 ; 8
20140109048: 4 5 6 ; 15
20140109049: 3 4 5 ; 12
20140109050: 1 2 5 ; 8
20140109051: 2 3 6 ; 11
20140109052: 1 6 6 ; 13
20140109053: 2 6 6 ; 14
20140109054: 3 4 5 ; 12
20140109055: 1 2 4 ; 7
20140109056: 1 2 4 ; 7
20140109057: 2 6 6 ; 14
20140109058: 1 2 4 ; 7
20140109059: 1 5 6 ; 12
20140109060: 1 3 5 ; 9
20140109061: 4 4 5 ; 13
20140109062: 1 4 5 ; 10
20140109063: 1 2 3 ; 6
20140109064: 4 4 6 ; 14
20140109065: 2 2 6 ; 10
20140109066: 4 4 6 ; 14
20140109067: 1 4 5 ; 10
20140109068: 2 4 5 ; 11
20140109069: 1 2 5 ; 8
20140109070: 2 4 4 ; 10
20140109071: 2 3 5 ; 10
20140109072: 2 2 3 ; 7
20140109073: 1 2 6 ; 9
20140109074: 2 3 6 ; 11
20140109075: 2 3 6 ; 11
20140109076: 1 3 5 ; 9
20140109077: 1 6 6 ; 13
20140109078: 3 4 6 ; 13
