20140426001: 1 5 6 ; 12
20140426002: 2 2 3 ; 7
20140426003: 3 3 5 ; 11
20140426004: 5 6 6 ; 17
20140426005: 1 1 6 ; 8
20140426006: 1 5 5 ; 11
20140426007: 4 6 6 ; 16
20140426008: 2 2 5 ; 9
20140426009: 2 2 2 ; 6
20140426010: 2 4 6 ; 12
20140426011: 2 2 5 ; 9
20140426012: 1 5 6 ; 12
20140426013: 2 2 3 ; 7
20140426014: 4 6 6 ; 16
20140426015: 2 4 5 ; 11
20140426016: 2 4 4 ; 10
20140426017: 1 3 4 ; 8
20140426018: 3 3 5 ; 11
20140426019: 3 4 5 ; 12
20140426020: 2 2 4 ; 8
20140426021: 3 4 6 ; 13
20140426022: 2 3 6 ; 11
20140426023: 2 3 6 ; 11
20140426024: 1 5 5 ; 11
20140426025: 3 4 6 ; 13
20140426026: 1 2 2 ; 5
20140426027: 1 3 5 ; 9
20140426028: 1 3 4 ; 8
20140426029: 1 1 4 ; 6
20140426030: 1 1 4 ; 6
20140426031: 2 3 6 ; 11
20140426032: 3 4 6 ; 13
20140426033: 3 3 6 ; 12
20140426034: 2 4 4 ; 10
20140426035: 1 4 5 ; 10
20140426036: 1 4 4 ; 9
20140426037: 1 4 6 ; 11
20140426038: 3 4 5 ; 12
20140426039: 1 3 6 ; 10
20140426040: 4 4 4 ; 12
20140426041: 2 3 6 ; 11
20140426042: 3 3 4 ; 10
20140426043: 2 4 5 ; 11
20140426044: 3 4 4 ; 11
20140426045: 1 2 3 ; 6
20140426046: 4 4 6 ; 14
20140426047: 4 4 4 ; 12
20140426048: 1 2 4 ; 7
20140426049: 3 4 5 ; 12
20140426050: 1 4 5 ; 10
20140426051: 3 3 4 ; 10
20140426052: 1 3 6 ; 10
20140426053: 2 4 6 ; 12
20140426054: 5 5 6 ; 16
20140426055: 1 3 5 ; 9
20140426056: 1 3 6 ; 10
20140426057: 4 5 6 ; 15
20140426058: 2 4 6 ; 12
20140426059: 3 3 6 ; 12
20140426060: 2 4 5 ; 11
20140426061: 1 4 6 ; 11
20140426062: 2 4 6 ; 12
20140426063: 1 3 5 ; 9
20140426064: 1 4 6 ; 11
20140426065: 3 4 6 ; 13
20140426066: 1 1 1 ; 3
20140426067: 2 3 4 ; 9
20140426068: 4 5 6 ; 15
20140426069: 2 2 5 ; 9
20140426070: 2 3 3 ; 8
20140426071: 2 3 5 ; 10
20140426072: 2 2 6 ; 10
20140426073: 2 5 6 ; 13
20140426074: 1 3 4 ; 8
20140426075: 1 4 6 ; 11
20140426076: 5 5 6 ; 16
20140426077: 1 3 4 ; 8
20140426078: 2 3 5 ; 10
