20140422001: 4 5 5 ; 14
20140422002: 4 4 4 ; 12
20140422003: 1 4 5 ; 10
20140422004: 2 2 3 ; 7
20140422005: 2 2 4 ; 8
20140422006: 4 5 6 ; 15
20140422007: 1 2 4 ; 7
20140422008: 3 5 6 ; 14
20140422009: 2 5 6 ; 13
20140422010: 2 4 4 ; 10
20140422011: 1 1 2 ; 4
20140422012: 5 6 6 ; 17
20140422013: 1 2 4 ; 7
20140422014: 3 3 5 ; 11
20140422015: 1 2 5 ; 8
20140422016: 1 3 4 ; 8
20140422017: 1 2 2 ; 5
20140422018: 1 2 6 ; 9
20140422019: 1 3 3 ; 7
20140422020: 1 3 3 ; 7
20140422021: 5 6 6 ; 17
20140422022: 1 3 6 ; 10
20140422023: 1 3 5 ; 9
20140422024: 4 4 5 ; 13
20140422025: 1 1 4 ; 6
20140422026: 1 2 6 ; 9
20140422027: 1 2 6 ; 9
20140422028: 1 4 5 ; 10
20140422029: 1 3 6 ; 10
20140422030: 4 5 6 ; 15
20140422031: 4 5 6 ; 15
20140422032: 2 5 6 ; 13
20140422033: 1 4 6 ; 11
20140422034: 4 6 6 ; 16
20140422035: 1 4 5 ; 10
20140422036: 4 4 5 ; 13
20140422037: 2 5 5 ; 12
20140422038: 1 1 4 ; 6
20140422039: 1 1 5 ; 7
20140422040: 5 6 6 ; 17
20140422041: 3 3 4 ; 10
20140422042: 1 2 4 ; 7
20140422043: 1 2 3 ; 6
20140422044: 4 4 6 ; 14
20140422045: 2 2 6 ; 10
20140422046: 4 5 5 ; 14
20140422047: 2 3 4 ; 9
20140422048: 2 3 3 ; 8
20140422049: 1 3 6 ; 10
20140422050: 3 4 5 ; 12
20140422051: 3 3 3 ; 9
20140422052: 2 3 5 ; 10
20140422053: 2 5 5 ; 12
20140422054: 1 1 4 ; 6
20140422055: 1 3 5 ; 9
20140422056: 1 2 6 ; 9
20140422057: 4 5 6 ; 15
20140422058: 1 2 5 ; 8
20140422059: 2 3 6 ; 11
20140422060: 1 2 5 ; 8
20140422061: 2 4 5 ; 11
20140422062: 1 3 4 ; 8
20140422063: 1 2 4 ; 7
20140422064: 1 2 4 ; 7
20140422065: 1 2 5 ; 8
20140422066: 2 3 4 ; 9
20140422067: 4 4 4 ; 12
20140422068: 1 2 5 ; 8
20140422069: 3 6 6 ; 15
20140422070: 1 4 6 ; 11
20140422071: 1 1 5 ; 7
20140422072: 1 4 4 ; 9
20140422073: 1 2 6 ; 9
20140422074: 1 2 5 ; 8
20140422075: 3 3 5 ; 11
20140422076: 2 3 6 ; 11
20140422077: 3 4 5 ; 12
20140422078: 2 6 6 ; 14
