20140226001: 1 3 4 ; 8
20140226002: 1 6 6 ; 13
20140226003: 1 2 6 ; 9
20140226004: 3 4 4 ; 11
20140226005: 2 5 6 ; 13
20140226006: 1 4 5 ; 10
20140226007: 1 4 5 ; 10
20140226008: 3 3 4 ; 10
20140226009: 1 1 1 ; 3
20140226010: 2 4 4 ; 10
20140226011: 1 1 3 ; 5
20140226012: 1 2 4 ; 7
20140226013: 2 3 6 ; 11
20140226014: 1 6 6 ; 13
20140226015: 4 4 6 ; 14
20140226016: 1 3 4 ; 8
20140226017: 3 4 6 ; 13
20140226018: 1 3 3 ; 7
20140226019: 1 3 5 ; 9
20140226020: 1 3 6 ; 10
20140226021: 2 6 6 ; 14
20140226022: 4 5 6 ; 15
20140226023: 1 3 3 ; 7
20140226024: 3 3 4 ; 10
20140226025: 4 5 6 ; 15
20140226026: 2 5 6 ; 13
20140226027: 3 5 6 ; 14
20140226028: 2 3 4 ; 9
20140226029: 1 2 3 ; 6
20140226030: 2 3 3 ; 8
20140226031: 3 4 6 ; 13
20140226032: 2 2 4 ; 8
20140226033: 1 3 4 ; 8
20140226034: 3 5 6 ; 14
20140226035: 1 2 5 ; 8
20140226036: 1 2 4 ; 7
20140226037: 1 4 5 ; 10
20140226038: 2 2 3 ; 7
20140226039: 3 3 6 ; 12
20140226040: 2 3 5 ; 10
20140226041: 1 2 6 ; 9
20140226042: 1 4 6 ; 11
20140226043: 5 6 6 ; 17
20140226044: 3 5 5 ; 13
20140226045: 4 5 6 ; 15
20140226046: 1 4 5 ; 10
20140226047: 1 4 5 ; 10
20140226048: 1 4 5 ; 10
20140226049: 1 2 5 ; 8
20140226050: 4 5 6 ; 15
20140226051: 1 4 5 ; 10
20140226052: 2 4 6 ; 12
20140226053: 2 3 5 ; 10
20140226054: 3 4 5 ; 12
20140226055: 2 3 3 ; 8
20140226056: 3 3 6 ; 12
20140226057: 1 4 5 ; 10
20140226058: 5 5 5 ; 15
20140226059: 2 5 6 ; 13
20140226060: 3 4 5 ; 12
20140226061: 1 2 2 ; 5
20140226062: 1 2 4 ; 7
20140226063: 4 5 6 ; 15
20140226064: 5 6 6 ; 17
20140226065: 2 3 3 ; 8
20140226066: 2 2 6 ; 10
20140226067: 2 3 5 ; 10
20140226068: 3 6 6 ; 15
20140226069: 1 2 3 ; 6
20140226070: 1 2 4 ; 7
20140226071: 1 2 4 ; 7
20140226072: 1 5 6 ; 12
20140226073: 2 2 4 ; 8
20140226074: 3 3 5 ; 11
20140226075: 1 1 3 ; 5
20140226076: 5 5 6 ; 16
20140226077: 2 2 4 ; 8
20140226078: 1 1 6 ; 8
