20140803001: 2 5 6 ; 13
20140803002: 2 3 5 ; 10
20140803003: 2 5 6 ; 13
20140803004: 2 3 5 ; 10
20140803005: 1 1 2 ; 4
20140803006: 5 5 6 ; 16
20140803007: 2 4 4 ; 10
20140803008: 1 5 6 ; 12
20140803009: 1 3 3 ; 7
20140803010: 1 3 3 ; 7
20140803011: 3 4 5 ; 12
20140803012: 1 1 6 ; 8
20140803013: 2 5 6 ; 13
20140803014: 3 4 5 ; 12
20140803015: 4 4 5 ; 13
20140803016: 3 3 5 ; 11
20140803017: 5 6 6 ; 17
20140803018: 1 2 6 ; 9
20140803019: 2 2 4 ; 8
20140803020: 2 4 6 ; 12
20140803021: 1 3 5 ; 9
20140803022: 3 5 6 ; 14
20140803023: 4 5 6 ; 15
20140803024: 1 2 2 ; 5
20140803025: 1 1 6 ; 8
20140803026: 3 4 6 ; 13
20140803027: 1 2 4 ; 7
20140803028: 2 5 6 ; 13
20140803029: 3 3 5 ; 11
20140803030: 3 4 5 ; 12
20140803031: 1 3 3 ; 7
20140803032: 3 4 4 ; 11
20140803033: 3 3 4 ; 10
20140803034: 3 5 6 ; 14
20140803035: 3 4 6 ; 13
20140803036: 6 6 6 ; 18
20140803037: 3 3 4 ; 10
20140803038: 2 6 6 ; 14
20140803039: 2 6 6 ; 14
20140803040: 2 4 5 ; 11
20140803041: 1 5 5 ; 11
20140803042: 1 3 4 ; 8
20140803043: 4 5 6 ; 15
20140803044: 4 4 6 ; 14
20140803045: 4 6 6 ; 16
20140803046: 2 2 5 ; 9
20140803047: 1 1 6 ; 8
20140803048: 4 5 6 ; 15
20140803049: 1 3 5 ; 9
20140803050: 1 2 3 ; 6
20140803051: 2 5 6 ; 13
20140803052: 3 3 6 ; 12
20140803053: 2 5 5 ; 12
20140803054: 1 2 3 ; 6
20140803055: 2 4 4 ; 10
20140803056: 2 2 4 ; 8
20140803057: 1 5 6 ; 12
20140803058: 4 5 6 ; 15
20140803059: 2 3 4 ; 9
20140803060: 4 4 6 ; 14
20140803061: 1 3 5 ; 9
20140803062: 4 5 6 ; 15
20140803063: 1 1 2 ; 4
20140803064: 1 2 4 ; 7
20140803065: 3 3 5 ; 11
20140803066: 1 2 5 ; 8
20140803067: 1 2 6 ; 9
20140803068: 1 2 6 ; 9
20140803069: 2 3 5 ; 10
20140803070: 2 5 6 ; 13
20140803071: 1 5 6 ; 12
20140803072: 1 3 3 ; 7
20140803073: 3 3 6 ; 12
20140803074: 3 3 3 ; 9
20140803075: 2 4 6 ; 12
20140803076: 1 4 6 ; 11
20140803077: 1 2 3 ; 6
20140803078: 2 2 2 ; 6
