20140411001: 2 3 3 ; 8
20140411002: 3 4 5 ; 12
20140411003: 5 5 5 ; 15
20140411004: 3 5 6 ; 14
20140411005: 3 3 5 ; 11
20140411006: 1 3 6 ; 10
20140411007: 2 3 5 ; 10
20140411008: 2 4 6 ; 12
20140411009: 1 2 6 ; 9
20140411010: 3 3 3 ; 9
20140411011: 2 3 6 ; 11
20140411012: 1 2 3 ; 6
20140411013: 1 3 6 ; 10
20140411014: 1 2 5 ; 8
20140411015: 1 1 3 ; 5
20140411016: 2 3 4 ; 9
20140411017: 2 5 6 ; 13
20140411018: 2 3 6 ; 11
20140411019: 1 3 3 ; 7
20140411020: 1 1 2 ; 4
20140411021: 2 3 3 ; 8
20140411022: 1 1 4 ; 6
20140411023: 4 5 6 ; 15
20140411024: 1 3 6 ; 10
20140411025: 1 3 4 ; 8
20140411026: 1 2 4 ; 7
20140411027: 1 3 5 ; 9
20140411028: 2 5 6 ; 13
20140411029: 3 3 5 ; 11
20140411030: 1 2 5 ; 8
20140411031: 2 3 4 ; 9
20140411032: 1 1 2 ; 4
20140411033: 2 3 6 ; 11
20140411034: 1 4 4 ; 9
20140411035: 2 3 5 ; 10
20140411036: 2 3 4 ; 9
20140411037: 2 5 6 ; 13
20140411038: 1 2 5 ; 8
20140411039: 1 1 1 ; 3
20140411040: 1 3 3 ; 7
20140411041: 3 5 6 ; 14
20140411042: 1 2 6 ; 9
20140411043: 1 3 4 ; 8
20140411044: 1 1 6 ; 8
20140411045: 4 5 5 ; 14
20140411046: 1 3 3 ; 7
20140411047: 1 2 6 ; 9
20140411048: 1 3 3 ; 7
20140411049: 3 4 5 ; 12
20140411050: 2 4 5 ; 11
20140411051: 4 5 6 ; 15
20140411052: 3 3 4 ; 10
20140411053: 2 4 5 ; 11
20140411054: 3 4 6 ; 13
20140411055: 1 2 5 ; 8
20140411056: 1 1 5 ; 7
20140411057: 2 3 5 ; 10
20140411058: 5 5 5 ; 15
20140411059: 3 3 3 ; 9
20140411060: 1 2 2 ; 5
20140411061: 1 2 3 ; 6
20140411062: 4 5 6 ; 15
20140411063: 2 3 6 ; 11
20140411064: 3 4 5 ; 12
20140411065: 3 5 5 ; 13
20140411066: 1 2 3 ; 6
20140411067: 1 1 3 ; 5
20140411068: 1 3 5 ; 9
20140411069: 3 4 6 ; 13
20140411070: 4 5 6 ; 15
20140411071: 1 2 4 ; 7
20140411072: 1 4 6 ; 11
20140411073: 3 4 6 ; 13
20140411074: 1 2 5 ; 8
20140411075: 1 2 4 ; 7
20140411076: 3 5 5 ; 13
20140411077: 4 6 6 ; 16
20140411078: 1 3 4 ; 8
