20140119001: 1 2 6 ; 9
20140119002: 1 4 5 ; 10
20140119003: 1 2 2 ; 5
20140119004: 3 5 6 ; 14
20140119005: 1 1 6 ; 8
20140119006: 1 2 3 ; 6
20140119007: 1 1 3 ; 5
20140119008: 1 1 5 ; 7
20140119009: 2 4 6 ; 12
20140119010: 3 3 4 ; 10
20140119011: 1 4 5 ; 10
20140119012: 2 3 5 ; 10
20140119013: 1 3 6 ; 10
20140119014: 1 3 6 ; 10
20140119015: 3 4 6 ; 13
20140119016: 2 5 5 ; 12
20140119017: 2 3 3 ; 8
20140119018: 1 3 5 ; 9
20140119019: 1 3 3 ; 7
20140119020: 2 3 4 ; 9
20140119021: 2 4 5 ; 11
20140119022: 2 4 5 ; 11
20140119023: 1 3 5 ; 9
20140119024: 3 3 4 ; 10
20140119025: 1 4 6 ; 11
20140119026: 1 5 6 ; 12
20140119027: 4 6 6 ; 16
20140119028: 1 2 6 ; 9
20140119029: 1 3 5 ; 9
20140119030: 2 3 5 ; 10
20140119031: 2 2 5 ; 9
20140119032: 2 4 6 ; 12
20140119033: 4 4 6 ; 14
20140119034: 1 2 6 ; 9
20140119035: 4 5 6 ; 15
20140119036: 2 5 5 ; 12
20140119037: 2 3 5 ; 10
20140119038: 3 5 6 ; 14
20140119039: 5 5 6 ; 16
20140119040: 2 3 5 ; 10
20140119041: 2 5 6 ; 13
20140119042: 1 1 5 ; 7
20140119043: 3 3 4 ; 10
20140119044: 3 3 4 ; 10
20140119045: 1 2 4 ; 7
20140119046: 4 4 5 ; 13
20140119047: 3 5 6 ; 14
20140119048: 4 5 5 ; 14
20140119049: 1 2 5 ; 8
20140119050: 3 3 4 ; 10
20140119051: 1 5 6 ; 12
20140119052: 3 3 6 ; 12
20140119053: 1 2 3 ; 6
20140119054: 5 5 6 ; 16
20140119055: 2 5 6 ; 13
20140119056: 1 2 4 ; 7
20140119057: 2 6 6 ; 14
20140119058: 2 3 5 ; 10
20140119059: 2 2 6 ; 10
20140119060: 1 3 5 ; 9
20140119061: 1 2 2 ; 5
20140119062: 1 2 6 ; 9
20140119063: 2 2 4 ; 8
20140119064: 1 5 6 ; 12
20140119065: 3 4 5 ; 12
20140119066: 2 3 4 ; 9
20140119067: 4 5 5 ; 14
20140119068: 2 4 4 ; 10
20140119069: 3 5 6 ; 14
20140119070: 2 2 5 ; 9
20140119071: 3 6 6 ; 15
20140119072: 3 5 6 ; 14
20140119073: 1 3 6 ; 10
20140119074: 4 4 5 ; 13
20140119075: 2 2 4 ; 8
20140119076: 1 2 5 ; 8
20140119077: 1 4 6 ; 11
20140119078: 2 2 6 ; 10
