20140719001: 2 4 5 ; 11
20140719002: 1 1 1 ; 3
20140719003: 1 4 6 ; 11
20140719004: 1 4 6 ; 11
20140719005: 2 3 4 ; 9
20140719006: 4 4 6 ; 14
20140719007: 1 1 3 ; 5
20140719008: 3 4 5 ; 12
20140719009: 1 1 4 ; 6
20140719010: 2 2 4 ; 8
20140719011: 1 4 5 ; 10
20140719012: 3 6 6 ; 15
20140719013: 1 4 6 ; 11
20140719014: 1 3 4 ; 8
20140719015: 1 3 5 ; 9
20140719016: 4 5 5 ; 14
20140719017: 1 1 3 ; 5
20140719018: 1 2 6 ; 9
20140719019: 1 5 5 ; 11
20140719020: 1 4 6 ; 11
20140719021: 3 3 6 ; 12
20140719022: 2 2 5 ; 9
20140719023: 1 5 6 ; 12
20140719024: 1 2 3 ; 6
20140719025: 1 4 5 ; 10
20140719026: 2 4 4 ; 10
20140719027: 1 4 6 ; 11
20140719028: 2 2 6 ; 10
20140719029: 5 6 6 ; 17
20140719030: 3 4 6 ; 13
20140719031: 4 6 6 ; 16
20140719032: 3 3 3 ; 9
20140719033: 1 6 6 ; 13
20140719034: 2 2 3 ; 7
20140719035: 1 3 3 ; 7
20140719036: 2 4 4 ; 10
20140719037: 3 4 4 ; 11
20140719038: 2 6 6 ; 14
20140719039: 1 3 4 ; 8
20140719040: 2 5 6 ; 13
20140719041: 2 4 6 ; 12
20140719042: 3 5 5 ; 13
20140719043: 1 6 6 ; 13
20140719044: 2 6 6 ; 14
20140719045: 1 1 4 ; 6
20140719046: 2 3 5 ; 10
20140719047: 2 3 5 ; 10
20140719048: 2 5 5 ; 12
20140719049: 3 5 5 ; 13
20140719050: 1 1 6 ; 8
20140719051: 2 3 5 ; 10
20140719052: 1 2 4 ; 7
20140719053: 1 4 4 ; 9
20140719054: 3 4 6 ; 13
20140719055: 3 4 6 ; 13
20140719056: 1 1 1 ; 3
20140719057: 2 2 6 ; 10
20140719058: 1 4 4 ; 9
20140719059: 4 5 6 ; 15
20140719060: 1 2 5 ; 8
20140719061: 1 4 4 ; 9
20140719062: 5 5 6 ; 16
20140719063: 2 5 5 ; 12
20140719064: 6 6 6 ; 18
20140719065: 1 1 2 ; 4
20140719066: 2 3 4 ; 9
20140719067: 3 6 6 ; 15
20140719068: 1 2 3 ; 6
20140719069: 3 4 4 ; 11
20140719070: 2 3 5 ; 10
20140719071: 2 2 6 ; 10
20140719072: 1 2 5 ; 8
20140719073: 2 2 6 ; 10
20140719074: 1 2 6 ; 9
20140719075: 2 3 4 ; 9
20140719076: 1 4 6 ; 11
20140719077: 2 3 6 ; 11
20140719078: 1 1 6 ; 8
