20140505001: 2 2 3 ; 7
20140505002: 1 3 6 ; 10
20140505003: 2 2 5 ; 9
20140505004: 1 4 5 ; 10
20140505005: 1 1 6 ; 8
20140505006: 2 3 3 ; 8
20140505007: 2 5 5 ; 12
20140505008: 1 6 6 ; 13
20140505009: 1 4 5 ; 10
20140505010: 3 5 5 ; 13
20140505011: 2 3 6 ; 11
20140505012: 1 2 5 ; 8
20140505013: 1 4 5 ; 10
20140505014: 1 4 4 ; 9
20140505015: 5 5 6 ; 16
20140505016: 1 1 4 ; 6
20140505017: 2 3 3 ; 8
20140505018: 1 4 5 ; 10
20140505019: 2 2 6 ; 10
20140505020: 3 3 6 ; 12
20140505021: 3 4 5 ; 12
20140505022: 3 6 6 ; 15
20140505023: 1 2 3 ; 6
20140505024: 2 2 3 ; 7
20140505025: 1 5 6 ; 12
20140505026: 3 3 4 ; 10
20140505027: 3 5 6 ; 14
20140505028: 2 5 6 ; 13
20140505029: 3 3 5 ; 11
20140505030: 2 3 4 ; 9
20140505031: 1 5 6 ; 12
20140505032: 4 6 6 ; 16
20140505033: 3 4 5 ; 12
20140505034: 2 4 6 ; 12
20140505035: 3 3 4 ; 10
20140505036: 3 5 6 ; 14
20140505037: 1 4 6 ; 11
20140505038: 1 3 4 ; 8
20140505039: 1 2 5 ; 8
20140505040: 1 2 3 ; 6
20140505041: 1 6 6 ; 13
20140505042: 2 2 2 ; 6
20140505043: 1 6 6 ; 13
20140505044: 3 3 4 ; 10
20140505045: 5 6 6 ; 17
20140505046: 2 3 5 ; 10
20140505047: 1 1 2 ; 4
20140505048: 3 3 6 ; 12
20140505049: 3 4 6 ; 13
20140505050: 4 4 5 ; 13
20140505051: 1 5 6 ; 12
20140505052: 2 4 6 ; 12
20140505053: 2 3 4 ; 9
20140505054: 1 1 4 ; 6
20140505055: 3 5 5 ; 13
20140505056: 1 3 6 ; 10
20140505057: 1 4 5 ; 10
20140505058: 2 2 5 ; 9
20140505059: 2 6 6 ; 14
20140505060: 3 4 5 ; 12
20140505061: 3 3 5 ; 11
20140505062: 3 4 6 ; 13
20140505063: 3 4 6 ; 13
20140505064: 3 4 6 ; 13
20140505065: 2 4 4 ; 10
20140505066: 5 6 6 ; 17
20140505067: 2 5 6 ; 13
20140505068: 1 2 4 ; 7
20140505069: 1 2 3 ; 6
20140505070: 4 5 6 ; 15
20140505071: 3 3 6 ; 12
20140505072: 1 5 6 ; 12
20140505073: 1 3 6 ; 10
20140505074: 2 3 4 ; 9
20140505075: 3 4 5 ; 12
20140505076: 1 4 6 ; 11
20140505077: 3 4 4 ; 11
20140505078: 1 2 4 ; 7
