20140316001: 1 1 3 ; 5
20140316002: 1 6 6 ; 13
20140316003: 1 1 6 ; 8
20140316004: 3 3 4 ; 10
20140316005: 3 4 5 ; 12
20140316006: 5 5 6 ; 16
20140316007: 1 1 4 ; 6
20140316008: 1 2 5 ; 8
20140316009: 1 4 5 ; 10
20140316010: 4 5 6 ; 15
20140316011: 2 6 6 ; 14
20140316012: 2 3 6 ; 11
20140316013: 1 1 1 ; 3
20140316014: 2 2 3 ; 7
20140316015: 3 5 5 ; 13
20140316016: 2 3 4 ; 9
20140316017: 3 5 6 ; 14
20140316018: 2 4 6 ; 12
20140316019: 3 3 6 ; 12
20140316020: 3 3 6 ; 12
20140316021: 1 1 4 ; 6
20140316022: 1 4 5 ; 10
20140316023: 1 5 6 ; 12
20140316024: 1 1 5 ; 7
20140316025: 1 2 4 ; 7
20140316026: 2 6 6 ; 14
20140316027: 2 4 6 ; 12
20140316028: 2 3 6 ; 11
20140316029: 3 5 6 ; 14
20140316030: 1 3 6 ; 10
20140316031: 1 2 5 ; 8
20140316032: 2 3 6 ; 11
20140316033: 2 3 3 ; 8
20140316034: 2 3 3 ; 8
20140316035: 5 5 6 ; 16
20140316036: 1 4 6 ; 11
20140316037: 3 5 6 ; 14
20140316038: 2 5 6 ; 13
20140316039: 2 3 5 ; 10
20140316040: 1 5 5 ; 11
20140316041: 1 6 6 ; 13
20140316042: 2 4 5 ; 11
20140316043: 1 1 4 ; 6
20140316044: 2 3 4 ; 9
20140316045: 2 2 4 ; 8
20140316046: 2 2 2 ; 6
20140316047: 1 3 6 ; 10
20140316048: 2 6 6 ; 14
20140316049: 4 4 5 ; 13
20140316050: 3 3 4 ; 10
20140316051: 2 3 6 ; 11
20140316052: 4 4 6 ; 14
20140316053: 1 4 5 ; 10
20140316054: 2 3 3 ; 8
20140316055: 2 2 6 ; 10
20140316056: 1 3 5 ; 9
20140316057: 1 3 3 ; 7
20140316058: 2 6 6 ; 14
20140316059: 3 4 5 ; 12
20140316060: 1 2 2 ; 5
20140316061: 4 4 5 ; 13
20140316062: 4 4 6 ; 14
20140316063: 1 6 6 ; 13
20140316064: 2 4 4 ; 10
20140316065: 4 4 6 ; 14
20140316066: 1 4 5 ; 10
20140316067: 5 6 6 ; 17
20140316068: 2 4 6 ; 12
20140316069: 1 2 3 ; 6
20140316070: 2 4 5 ; 11
20140316071: 6 6 6 ; 18
20140316072: 5 5 6 ; 16
20140316073: 1 2 3 ; 6
20140316074: 3 4 5 ; 12
20140316075: 4 5 6 ; 15
20140316076: 1 2 2 ; 5
20140316077: 1 3 4 ; 8
20140316078: 2 3 4 ; 9
