20140210001: 1 5 5 ; 11
20140210002: 1 3 3 ; 7
20140210003: 1 5 6 ; 12
20140210004: 2 3 4 ; 9
20140210005: 1 4 4 ; 9
20140210006: 1 5 5 ; 11
20140210007: 1 4 6 ; 11
20140210008: 4 6 6 ; 16
20140210009: 2 2 6 ; 10
20140210010: 1 4 6 ; 11
20140210011: 1 3 4 ; 8
20140210012: 1 4 6 ; 11
20140210013: 3 5 5 ; 13
20140210014: 2 2 4 ; 8
20140210015: 1 2 4 ; 7
20140210016: 3 4 5 ; 12
20140210017: 1 3 4 ; 8
20140210018: 1 1 4 ; 6
20140210019: 1 4 6 ; 11
20140210020: 1 3 4 ; 8
20140210021: 1 1 6 ; 8
20140210022: 1 1 6 ; 8
20140210023: 1 4 6 ; 11
20140210024: 3 4 5 ; 12
20140210025: 2 4 6 ; 12
20140210026: 3 5 6 ; 14
20140210027: 1 5 5 ; 11
20140210028: 1 1 1 ; 3
20140210029: 2 2 4 ; 8
20140210030: 3 4 4 ; 11
20140210031: 5 5 6 ; 16
20140210032: 3 5 6 ; 14
20140210033: 3 3 4 ; 10
20140210034: 1 2 6 ; 9
20140210035: 3 4 6 ; 13
20140210036: 2 2 6 ; 10
20140210037: 1 6 6 ; 13
20140210038: 1 4 5 ; 10
20140210039: 3 6 6 ; 15
20140210040: 2 2 4 ; 8
20140210041: 1 5 5 ; 11
20140210042: 2 2 3 ; 7
20140210043: 3 5 6 ; 14
20140210044: 2 6 6 ; 14
20140210045: 4 4 4 ; 12
20140210046: 2 5 6 ; 13
20140210047: 1 2 4 ; 7
20140210048: 2 4 6 ; 12
20140210049: 1 2 3 ; 6
20140210050: 3 3 4 ; 10
20140210051: 1 5 6 ; 12
20140210052: 2 2 4 ; 8
20140210053: 3 4 5 ; 12
20140210054: 1 2 3 ; 6
20140210055: 3 3 6 ; 12
20140210056: 1 6 6 ; 13
20140210057: 2 2 3 ; 7
20140210058: 5 5 5 ; 15
20140210059: 1 4 6 ; 11
20140210060: 1 2 3 ; 6
20140210061: 3 4 4 ; 11
20140210062: 1 3 5 ; 9
20140210063: 2 4 4 ; 10
20140210064: 5 6 6 ; 17
20140210065: 1 4 5 ; 10
20140210066: 2 5 6 ; 13
20140210067: 3 3 4 ; 10
20140210068: 3 4 5 ; 12
20140210069: 1 4 6 ; 11
20140210070: 2 5 6 ; 13
20140210071: 2 2 5 ; 9
20140210072: 4 4 4 ; 12
20140210073: 5 5 6 ; 16
20140210074: 3 3 4 ; 10
20140210075: 1 2 5 ; 8
20140210076: 2 3 5 ; 10
20140210077: 1 5 6 ; 12
20140210078: 1 1 5 ; 7
