20140401001: 1 1 2 ; 4
20140401002: 1 3 6 ; 10
20140401003: 3 3 6 ; 12
20140401004: 1 1 2 ; 4
20140401005: 3 4 6 ; 13
20140401006: 3 6 6 ; 15
20140401007: 1 3 4 ; 8
20140401008: 3 4 4 ; 11
20140401009: 3 3 3 ; 9
20140401010: 3 4 5 ; 12
20140401011: 1 4 6 ; 11
20140401012: 3 5 6 ; 14
20140401013: 2 2 6 ; 10
20140401014: 1 4 5 ; 10
20140401015: 2 2 6 ; 10
20140401016: 4 4 6 ; 14
20140401017: 2 3 4 ; 9
20140401018: 4 5 6 ; 15
20140401019: 2 4 6 ; 12
20140401020: 2 4 4 ; 10
20140401021: 2 4 5 ; 11
20140401022: 2 4 4 ; 10
20140401023: 1 4 4 ; 9
20140401024: 3 6 6 ; 15
20140401025: 3 5 6 ; 14
20140401026: 2 5 6 ; 13
20140401027: 4 5 6 ; 15
20140401028: 1 6 6 ; 13
20140401029: 4 5 5 ; 14
20140401030: 4 6 6 ; 16
20140401031: 5 5 6 ; 16
20140401032: 1 2 4 ; 7
20140401033: 1 3 6 ; 10
20140401034: 1 3 6 ; 10
20140401035: 3 5 5 ; 13
20140401036: 1 1 1 ; 3
20140401037: 1 3 4 ; 8
20140401038: 1 3 6 ; 10
20140401039: 1 3 6 ; 10
20140401040: 6 6 6 ; 18
20140401041: 1 3 6 ; 10
20140401042: 1 4 6 ; 11
20140401043: 1 6 6 ; 13
20140401044: 3 3 5 ; 11
20140401045: 1 1 3 ; 5
20140401046: 1 4 5 ; 10
20140401047: 2 4 5 ; 11
20140401048: 3 3 5 ; 11
20140401049: 1 5 5 ; 11
20140401050: 1 2 6 ; 9
20140401051: 2 3 6 ; 11
20140401052: 2 5 6 ; 13
20140401053: 2 5 6 ; 13
20140401054: 3 4 6 ; 13
20140401055: 1 5 6 ; 12
20140401056: 1 4 6 ; 11
20140401057: 1 4 4 ; 9
20140401058: 1 3 5 ; 9
20140401059: 2 3 5 ; 10
20140401060: 2 2 6 ; 10
20140401061: 2 2 6 ; 10
20140401062: 5 5 6 ; 16
20140401063: 5 6 6 ; 17
20140401064: 1 3 6 ; 10
20140401065: 1 3 4 ; 8
20140401066: 1 4 6 ; 11
20140401067: 1 1 3 ; 5
20140401068: 1 5 6 ; 12
20140401069: 1 6 6 ; 13
20140401070: 2 5 6 ; 13
20140401071: 5 6 6 ; 17
20140401072: 1 3 6 ; 10
20140401073: 1 2 6 ; 9
20140401074: 1 2 5 ; 8
20140401075: 1 1 4 ; 6
20140401076: 2 6 6 ; 14
20140401077: 1 3 6 ; 10
20140401078: 2 6 6 ; 14
