20140319001: 1 5 6 ; 12
20140319002: 1 3 6 ; 10
20140319003: 1 3 6 ; 10
20140319004: 1 3 6 ; 10
20140319005: 2 3 5 ; 10
20140319006: 1 2 5 ; 8
20140319007: 2 2 5 ; 9
20140319008: 2 4 6 ; 12
20140319009: 2 4 5 ; 11
20140319010: 1 4 4 ; 9
20140319011: 1 3 5 ; 9
20140319012: 1 4 4 ; 9
20140319013: 2 4 5 ; 11
20140319014: 4 5 5 ; 14
20140319015: 4 5 6 ; 15
20140319016: 4 5 6 ; 15
20140319017: 1 2 6 ; 9
20140319018: 1 3 4 ; 8
20140319019: 1 2 3 ; 6
20140319020: 1 4 5 ; 10
20140319021: 1 4 5 ; 10
20140319022: 1 5 6 ; 12
20140319023: 2 4 4 ; 10
20140319024: 1 4 4 ; 9
20140319025: 2 5 5 ; 12
20140319026: 3 3 6 ; 12
20140319027: 2 4 4 ; 10
20140319028: 2 2 6 ; 10
20140319029: 2 6 6 ; 14
20140319030: 4 5 5 ; 14
20140319031: 4 6 6 ; 16
20140319032: 1 2 5 ; 8
20140319033: 4 5 6 ; 15
20140319034: 1 2 3 ; 6
20140319035: 2 3 3 ; 8
20140319036: 3 3 3 ; 9
20140319037: 2 2 6 ; 10
20140319038: 2 5 6 ; 13
20140319039: 2 2 2 ; 6
20140319040: 1 1 4 ; 6
20140319041: 1 3 5 ; 9
20140319042: 1 6 6 ; 13
20140319043: 1 4 5 ; 10
20140319044: 3 5 6 ; 14
20140319045: 5 5 5 ; 15
20140319046: 1 2 5 ; 8
20140319047: 4 5 6 ; 15
20140319048: 1 4 4 ; 9
20140319049: 1 3 3 ; 7
20140319050: 1 3 5 ; 9
20140319051: 3 3 6 ; 12
20140319052: 1 3 6 ; 10
20140319053: 1 4 4 ; 9
20140319054: 1 4 6 ; 11
20140319055: 3 4 5 ; 12
20140319056: 1 1 2 ; 4
20140319057: 1 4 6 ; 11
20140319058: 4 4 6 ; 14
20140319059: 2 4 6 ; 12
20140319060: 1 2 3 ; 6
20140319061: 1 2 5 ; 8
20140319062: 1 2 5 ; 8
20140319063: 1 2 5 ; 8
20140319064: 4 4 6 ; 14
20140319065: 4 5 5 ; 14
20140319066: 2 2 3 ; 7
20140319067: 3 6 6 ; 15
20140319068: 4 5 5 ; 14
20140319069: 2 6 6 ; 14
20140319070: 2 3 4 ; 9
20140319071: 1 2 6 ; 9
20140319072: 2 6 6 ; 14
20140319073: 1 6 6 ; 13
20140319074: 1 5 6 ; 12
20140319075: 3 4 6 ; 13
20140319076: 1 5 5 ; 11
20140319077: 1 4 5 ; 10
20140319078: 3 6 6 ; 15
