20140117001: 1 3 3 ; 7
20140117002: 2 3 5 ; 10
20140117003: 3 4 5 ; 12
20140117004: 2 4 4 ; 10
20140117005: 4 4 6 ; 14
20140117006: 1 3 4 ; 8
20140117007: 2 4 6 ; 12
20140117008: 1 4 5 ; 10
20140117009: 3 4 6 ; 13
20140117010: 3 4 4 ; 11
20140117011: 1 4 5 ; 10
20140117012: 2 6 6 ; 14
20140117013: 2 3 3 ; 8
20140117014: 2 3 5 ; 10
20140117015: 1 6 6 ; 13
20140117016: 4 5 6 ; 15
20140117017: 1 5 6 ; 12
20140117018: 3 4 5 ; 12
20140117019: 2 3 5 ; 10
20140117020: 2 3 4 ; 9
20140117021: 3 3 4 ; 10
20140117022: 5 6 6 ; 17
20140117023: 2 3 5 ; 10
20140117024: 2 5 6 ; 13
20140117025: 2 4 6 ; 12
20140117026: 1 2 2 ; 5
20140117027: 1 3 3 ; 7
20140117028: 2 6 6 ; 14
20140117029: 1 3 4 ; 8
20140117030: 3 4 4 ; 11
20140117031: 2 5 6 ; 13
20140117032: 3 3 5 ; 11
20140117033: 2 3 4 ; 9
20140117034: 3 3 6 ; 12
20140117035: 5 6 6 ; 17
20140117036: 2 3 6 ; 11
20140117037: 2 2 4 ; 8
20140117038: 2 3 4 ; 9
20140117039: 1 5 6 ; 12
20140117040: 5 5 6 ; 16
20140117041: 2 4 6 ; 12
20140117042: 4 5 6 ; 15
20140117043: 1 2 2 ; 5
20140117044: 3 5 6 ; 14
20140117045: 2 5 6 ; 13
20140117046: 4 5 6 ; 15
20140117047: 6 6 6 ; 18
20140117048: 4 4 6 ; 14
20140117049: 2 6 6 ; 14
20140117050: 5 6 6 ; 17
20140117051: 1 2 4 ; 7
20140117052: 2 2 5 ; 9
20140117053: 2 4 5 ; 11
20140117054: 2 2 6 ; 10
20140117055: 5 5 6 ; 16
20140117056: 2 5 6 ; 13
20140117057: 1 2 5 ; 8
20140117058: 2 2 6 ; 10
20140117059: 1 3 6 ; 10
20140117060: 2 3 4 ; 9
20140117061: 1 1 6 ; 8
20140117062: 1 2 4 ; 7
20140117063: 1 3 4 ; 8
20140117064: 1 2 6 ; 9
20140117065: 3 4 4 ; 11
20140117066: 1 5 5 ; 11
20140117067: 1 3 6 ; 10
20140117068: 1 2 3 ; 6
20140117069: 1 1 4 ; 6
20140117070: 1 3 6 ; 10
20140117071: 3 6 6 ; 15
20140117072: 2 2 5 ; 9
20140117073: 3 5 6 ; 14
20140117074: 1 1 4 ; 6
20140117075: 4 4 5 ; 13
20140117076: 2 2 6 ; 10
20140117077: 1 2 3 ; 6
20140117078: 2 3 5 ; 10
