20140306001: 2 4 6 ; 12
20140306002: 1 3 4 ; 8
20140306003: 3 4 5 ; 12
20140306004: 3 4 4 ; 11
20140306005: 2 2 4 ; 8
20140306006: 1 2 3 ; 6
20140306007: 2 4 5 ; 11
20140306008: 1 2 4 ; 7
20140306009: 3 4 6 ; 13
20140306010: 1 5 6 ; 12
20140306011: 2 4 5 ; 11
20140306012: 1 2 6 ; 9
20140306013: 1 4 5 ; 10
20140306014: 5 5 5 ; 15
20140306015: 3 3 4 ; 10
20140306016: 1 4 6 ; 11
20140306017: 1 5 6 ; 12
20140306018: 2 2 5 ; 9
20140306019: 2 3 3 ; 8
20140306020: 2 3 4 ; 9
20140306021: 2 4 6 ; 12
20140306022: 2 2 4 ; 8
20140306023: 2 2 3 ; 7
20140306024: 1 5 5 ; 11
20140306025: 2 4 4 ; 10
20140306026: 5 5 6 ; 16
20140306027: 5 5 5 ; 15
20140306028: 2 2 6 ; 10
20140306029: 3 4 4 ; 11
20140306030: 1 2 6 ; 9
20140306031: 4 5 6 ; 15
20140306032: 3 5 6 ; 14
20140306033: 2 5 6 ; 13
20140306034: 3 4 6 ; 13
20140306035: 2 4 5 ; 11
20140306036: 1 4 5 ; 10
20140306037: 3 5 6 ; 14
20140306038: 1 3 6 ; 10
20140306039: 1 1 4 ; 6
20140306040: 3 3 6 ; 12
20140306041: 2 6 6 ; 14
20140306042: 1 4 5 ; 10
20140306043: 2 2 6 ; 10
20140306044: 1 2 5 ; 8
20140306045: 2 4 5 ; 11
20140306046: 1 1 2 ; 4
20140306047: 1 3 4 ; 8
20140306048: 4 5 6 ; 15
20140306049: 1 1 5 ; 7
20140306050: 3 5 6 ; 14
20140306051: 1 5 6 ; 12
20140306052: 2 5 6 ; 13
20140306053: 4 5 5 ; 14
20140306054: 3 3 5 ; 11
20140306055: 4 4 6 ; 14
20140306056: 1 4 5 ; 10
20140306057: 1 2 4 ; 7
20140306058: 2 4 5 ; 11
20140306059: 2 5 5 ; 12
20140306060: 3 4 5 ; 12
20140306061: 3 5 6 ; 14
20140306062: 1 2 5 ; 8
20140306063: 3 4 4 ; 11
20140306064: 4 4 6 ; 14
20140306065: 1 5 6 ; 12
20140306066: 1 2 5 ; 8
20140306067: 3 5 6 ; 14
20140306068: 1 3 5 ; 9
20140306069: 1 5 5 ; 11
20140306070: 1 2 5 ; 8
20140306071: 3 3 4 ; 10
20140306072: 3 5 6 ; 14
20140306073: 1 5 6 ; 12
20140306074: 3 3 5 ; 11
20140306075: 3 5 6 ; 14
20140306076: 4 5 6 ; 15
20140306077: 4 5 6 ; 15
20140306078: 4 4 4 ; 12
