20140818001: 1 2 6 ; 9
20140818002: 1 3 4 ; 8
20140818003: 4 5 6 ; 15
20140818004: 1 2 5 ; 8
20140818005: 3 3 5 ; 11
20140818006: 3 5 6 ; 14
20140818007: 1 1 3 ; 5
20140818008: 2 4 6 ; 12
20140818009: 3 3 5 ; 11
20140818010: 2 4 6 ; 12
20140818011: 1 2 6 ; 9
20140818012: 3 4 5 ; 12
20140818013: 2 2 4 ; 8
20140818014: 2 3 6 ; 11
20140818015: 1 4 5 ; 10
20140818016: 2 4 4 ; 10
20140818017: 2 2 4 ; 8
20140818018: 1 3 5 ; 9
20140818019: 5 6 6 ; 17
20140818020: 1 5 5 ; 11
20140818021: 3 3 4 ; 10
20140818022: 2 3 3 ; 8
20140818023: 2 2 4 ; 8
20140818024: 2 5 5 ; 12
20140818025: 3 3 5 ; 11
20140818026: 2 5 6 ; 13
20140818027: 2 3 3 ; 8
20140818028: 1 2 6 ; 9
20140818029: 2 5 6 ; 13
20140818030: 1 2 3 ; 6
20140818031: 1 2 3 ; 6
20140818032: 2 2 3 ; 7
20140818033: 5 5 6 ; 16
20140818034: 1 4 6 ; 11
20140818035: 2 3 5 ; 10
20140818036: 1 3 5 ; 9
20140818037: 3 3 5 ; 11
20140818038: 1 1 6 ; 8
20140818039: 2 4 6 ; 12
20140818040: 4 5 5 ; 14
20140818041: 2 3 5 ; 10
20140818042: 2 5 6 ; 13
20140818043: 1 2 6 ; 9
20140818044: 1 3 5 ; 9
20140818045: 2 3 5 ; 10
20140818046: 3 6 6 ; 15
20140818047: 1 1 6 ; 8
20140818048: 1 5 6 ; 12
20140818049: 2 4 6 ; 12
20140818050: 3 3 4 ; 10
20140818051: 2 5 6 ; 13
20140818052: 1 3 3 ; 7
20140818053: 1 1 3 ; 5
20140818054: 2 3 6 ; 11
20140818055: 2 3 5 ; 10
20140818056: 3 3 4 ; 10
20140818057: 1 5 5 ; 11
20140818058: 1 2 2 ; 5
20140818059: 3 4 6 ; 13
20140818060: 1 3 6 ; 10
20140818061: 4 5 5 ; 14
20140818062: 4 5 6 ; 15
20140818063: 3 5 6 ; 14
20140818064: 2 3 4 ; 9
20140818065: 4 4 6 ; 14
20140818066: 1 2 4 ; 7
20140818067: 2 2 5 ; 9
20140818068: 2 3 3 ; 8
20140818069: 1 2 6 ; 9
20140818070: 3 3 4 ; 10
20140818071: 1 5 5 ; 11
20140818072: 5 6 6 ; 17
20140818073: 2 2 4 ; 8
20140818074: 3 3 6 ; 12
20140818075: 2 2 5 ; 9
20140818076: 1 1 5 ; 7
20140818077: 2 5 5 ; 12
20140818078: 2 5 5 ; 12
