20140618001: 1 4 5 ; 10
20140618002: 1 2 4 ; 7
20140618003: 1 4 5 ; 10
20140618004: 2 3 5 ; 10
20140618005: 3 4 5 ; 12
20140618006: 1 4 5 ; 10
20140618007: 1 6 6 ; 13
20140618008: 1 3 4 ; 8
20140618009: 4 5 6 ; 15
20140618010: 1 2 3 ; 6
20140618011: 1 1 3 ; 5
20140618012: 3 4 6 ; 13
20140618013: 3 4 4 ; 11
20140618014: 2 2 5 ; 9
20140618015: 1 2 6 ; 9
20140618016: 5 6 6 ; 17
20140618017: 4 5 5 ; 14
20140618018: 2 5 6 ; 13
20140618019: 1 1 4 ; 6
20140618020: 1 3 5 ; 9
20140618021: 2 3 5 ; 10
20140618022: 4 5 6 ; 15
20140618023: 2 4 5 ; 11
20140618024: 1 1 4 ; 6
20140618025: 2 4 5 ; 11
20140618026: 2 4 4 ; 10
20140618027: 3 5 6 ; 14
20140618028: 2 2 5 ; 9
20140618029: 2 3 5 ; 10
20140618030: 1 1 6 ; 8
20140618031: 5 5 6 ; 16
20140618032: 2 3 5 ; 10
20140618033: 2 3 6 ; 11
20140618034: 1 3 6 ; 10
20140618035: 1 3 6 ; 10
20140618036: 2 5 6 ; 13
20140618037: 1 4 4 ; 9
20140618038: 1 1 2 ; 4
20140618039: 1 2 4 ; 7
20140618040: 1 2 5 ; 8
20140618041: 5 5 6 ; 16
20140618042: 1 3 4 ; 8
20140618043: 2 3 3 ; 8
20140618044: 1 3 6 ; 10
20140618045: 3 3 4 ; 10
20140618046: 3 6 6 ; 15
20140618047: 1 1 4 ; 6
20140618048: 3 5 6 ; 14
20140618049: 1 3 6 ; 10
20140618050: 1 2 6 ; 9
20140618051: 1 1 2 ; 4
20140618052: 1 3 6 ; 10
20140618053: 2 2 5 ; 9
20140618054: 1 1 4 ; 6
20140618055: 2 3 4 ; 9
20140618056: 1 5 5 ; 11
20140618057: 1 2 2 ; 5
20140618058: 3 3 5 ; 11
20140618059: 1 3 4 ; 8
20140618060: 3 4 5 ; 12
20140618061: 2 2 2 ; 6
20140618062: 3 4 6 ; 13
20140618063: 1 3 4 ; 8
20140618064: 3 3 4 ; 10
20140618065: 1 2 4 ; 7
20140618066: 2 4 5 ; 11
20140618067: 1 1 3 ; 5
20140618068: 1 5 5 ; 11
20140618069: 1 1 5 ; 7
20140618070: 2 5 5 ; 12
20140618071: 1 4 6 ; 11
20140618072: 4 5 6 ; 15
20140618073: 2 4 4 ; 10
20140618074: 1 4 4 ; 9
20140618075: 2 6 6 ; 14
20140618076: 3 3 5 ; 11
20140618077: 1 3 6 ; 10
20140618078: 2 2 6 ; 10
