20140704001: 2 3 6 ; 11
20140704002: 4 4 6 ; 14
20140704003: 2 4 6 ; 12
20140704004: 3 4 6 ; 13
20140704005: 1 5 5 ; 11
20140704006: 3 3 4 ; 10
20140704007: 2 2 6 ; 10
20140704008: 1 3 6 ; 10
20140704009: 2 2 5 ; 9
20140704010: 2 4 5 ; 11
20140704011: 3 3 5 ; 11
20140704012: 4 5 5 ; 14
20140704013: 2 2 3 ; 7
20140704014: 2 2 6 ; 10
20140704015: 2 5 6 ; 13
20140704016: 1 3 4 ; 8
20140704017: 1 2 5 ; 8
20140704018: 4 5 6 ; 15
20140704019: 1 3 5 ; 9
20140704020: 1 1 5 ; 7
20140704021: 2 3 4 ; 9
20140704022: 1 2 3 ; 6
20140704023: 4 4 5 ; 13
20140704024: 1 3 4 ; 8
20140704025: 1 1 4 ; 6
20140704026: 1 1 3 ; 5
20140704027: 1 5 6 ; 12
20140704028: 2 2 5 ; 9
20140704029: 1 6 6 ; 13
20140704030: 2 4 6 ; 12
20140704031: 1 4 5 ; 10
20140704032: 3 4 6 ; 13
20140704033: 2 3 4 ; 9
20140704034: 2 2 2 ; 6
20140704035: 5 5 6 ; 16
20140704036: 2 4 6 ; 12
20140704037: 5 5 6 ; 16
20140704038: 1 3 5 ; 9
20140704039: 2 2 3 ; 7
20140704040: 1 1 4 ; 6
20140704041: 1 4 5 ; 10
20140704042: 3 5 6 ; 14
20140704043: 3 3 4 ; 10
20140704044: 3 5 6 ; 14
20140704045: 2 3 5 ; 10
20140704046: 1 2 3 ; 6
20140704047: 2 2 2 ; 6
20140704048: 3 3 4 ; 10
20140704049: 1 3 3 ; 7
20140704050: 1 4 6 ; 11
20140704051: 1 3 4 ; 8
20140704052: 2 2 6 ; 10
20140704053: 4 5 5 ; 14
20140704054: 1 1 2 ; 4
20140704055: 1 2 4 ; 7
20140704056: 2 4 5 ; 11
20140704057: 2 2 2 ; 6
20140704058: 1 1 3 ; 5
20140704059: 1 3 5 ; 9
20140704060: 1 2 6 ; 9
20140704061: 2 4 4 ; 10
20140704062: 2 3 4 ; 9
20140704063: 5 5 6 ; 16
20140704064: 2 2 6 ; 10
20140704065: 1 1 4 ; 6
20140704066: 2 5 6 ; 13
20140704067: 1 2 2 ; 5
20140704068: 2 2 6 ; 10
20140704069: 2 4 6 ; 12
20140704070: 3 4 5 ; 12
20140704071: 3 4 4 ; 11
20140704072: 3 4 6 ; 13
20140704073: 3 4 5 ; 12
20140704074: 4 4 5 ; 13
20140704075: 1 3 6 ; 10
20140704076: 1 2 6 ; 9
20140704077: 3 4 4 ; 11
20140704078: 1 1 2 ; 4
