20140715001: 1 3 3 ; 7
20140715002: 1 4 5 ; 10
20140715003: 2 3 6 ; 11
20140715004: 2 5 6 ; 13
20140715005: 1 1 2 ; 4
20140715006: 4 5 6 ; 15
20140715007: 4 4 6 ; 14
20140715008: 3 4 5 ; 12
20140715009: 3 3 6 ; 12
20140715010: 3 5 6 ; 14
20140715011: 2 2 5 ; 9
20140715012: 2 2 6 ; 10
20140715013: 1 3 4 ; 8
20140715014: 3 4 5 ; 12
20140715015: 1 1 4 ; 6
20140715016: 1 3 3 ; 7
20140715017: 2 3 3 ; 8
20140715018: 1 1 4 ; 6
20140715019: 1 4 5 ; 10
20140715020: 2 3 6 ; 11
20140715021: 1 2 3 ; 6
20140715022: 1 4 5 ; 10
20140715023: 2 2 5 ; 9
20140715024: 1 3 3 ; 7
20140715025: 5 6 6 ; 17
20140715026: 1 5 5 ; 11
20140715027: 1 1 5 ; 7
20140715028: 1 2 2 ; 5
20140715029: 3 4 5 ; 12
20140715030: 1 2 5 ; 8
20140715031: 4 4 5 ; 13
20140715032: 1 4 6 ; 11
20140715033: 3 4 5 ; 12
20140715034: 1 2 2 ; 5
20140715035: 3 5 6 ; 14
20140715036: 4 4 5 ; 13
20140715037: 3 4 4 ; 11
20140715038: 2 2 6 ; 10
20140715039: 3 5 5 ; 13
20140715040: 2 4 6 ; 12
20140715041: 4 5 6 ; 15
20140715042: 1 3 6 ; 10
20140715043: 2 5 6 ; 13
20140715044: 3 3 6 ; 12
20140715045: 1 4 6 ; 11
20140715046: 5 5 6 ; 16
20140715047: 2 4 5 ; 11
20140715048: 1 4 5 ; 10
20140715049: 3 3 5 ; 11
20140715050: 1 3 6 ; 10
20140715051: 4 6 6 ; 16
20140715052: 3 4 5 ; 12
20140715053: 1 1 6 ; 8
20140715054: 1 3 5 ; 9
20140715055: 3 4 4 ; 11
20140715056: 2 3 3 ; 8
20140715057: 2 4 5 ; 11
20140715058: 1 4 4 ; 9
20140715059: 3 3 5 ; 11
20140715060: 4 4 5 ; 13
20140715061: 2 4 5 ; 11
20140715062: 3 4 6 ; 13
20140715063: 6 6 6 ; 18
20140715064: 2 5 5 ; 12
20140715065: 1 3 6 ; 10
20140715066: 2 5 5 ; 12
20140715067: 1 2 4 ; 7
20140715068: 1 3 3 ; 7
20140715069: 3 5 6 ; 14
20140715070: 1 3 4 ; 8
20140715071: 3 3 5 ; 11
20140715072: 1 2 4 ; 7
20140715073: 1 1 3 ; 5
20140715074: 1 3 6 ; 10
20140715075: 1 3 5 ; 9
20140715076: 1 1 2 ; 4
20140715077: 1 1 2 ; 4
20140715078: 1 2 5 ; 8
