20140227001: 1 5 6 ; 12
20140227002: 1 5 6 ; 12
20140227003: 1 5 6 ; 12
20140227004: 2 5 6 ; 13
20140227005: 2 6 6 ; 14
20140227006: 2 2 2 ; 6
20140227007: 1 2 2 ; 5
20140227008: 2 2 4 ; 8
20140227009: 3 5 5 ; 13
20140227010: 1 5 5 ; 11
20140227011: 1 5 5 ; 11
20140227012: 1 4 5 ; 10
20140227013: 5 6 6 ; 17
20140227014: 1 4 4 ; 9
20140227015: 2 4 6 ; 12
20140227016: 5 5 6 ; 16
20140227017: 2 4 5 ; 11
20140227018: 1 4 6 ; 11
20140227019: 4 4 6 ; 14
20140227020: 3 4 4 ; 11
20140227021: 1 3 6 ; 10
20140227022: 2 3 5 ; 10
20140227023: 1 6 6 ; 13
20140227024: 1 2 6 ; 9
20140227025: 1 1 5 ; 7
20140227026: 1 1 2 ; 4
20140227027: 2 3 4 ; 9
20140227028: 3 5 6 ; 14
20140227029: 2 2 6 ; 10
20140227030: 3 5 6 ; 14
20140227031: 3 4 5 ; 12
20140227032: 2 2 6 ; 10
20140227033: 3 4 5 ; 12
20140227034: 3 3 6 ; 12
20140227035: 5 6 6 ; 17
20140227036: 3 5 5 ; 13
20140227037: 4 6 6 ; 16
20140227038: 1 1 2 ; 4
20140227039: 4 5 6 ; 15
20140227040: 1 3 5 ; 9
20140227041: 2 2 3 ; 7
20140227042: 4 4 5 ; 13
20140227043: 2 3 4 ; 9
20140227044: 1 2 5 ; 8
20140227045: 3 4 5 ; 12
20140227046: 1 1 2 ; 4
20140227047: 3 5 6 ; 14
20140227048: 1 2 6 ; 9
20140227049: 1 3 3 ; 7
20140227050: 1 1 4 ; 6
20140227051: 2 3 4 ; 9
20140227052: 2 3 4 ; 9
20140227053: 2 4 5 ; 11
20140227054: 1 4 5 ; 10
20140227055: 2 3 4 ; 9
20140227056: 3 5 6 ; 14
20140227057: 2 4 5 ; 11
20140227058: 1 2 4 ; 7
20140227059: 1 5 6 ; 12
20140227060: 1 2 3 ; 6
20140227061: 2 5 5 ; 12
20140227062: 1 1 5 ; 7
20140227063: 1 3 4 ; 8
20140227064: 1 4 6 ; 11
20140227065: 2 3 5 ; 10
20140227066: 3 6 6 ; 15
20140227067: 1 4 5 ; 10
20140227068: 1 5 6 ; 12
20140227069: 1 1 5 ; 7
20140227070: 1 1 6 ; 8
20140227071: 1 4 6 ; 11
20140227072: 4 4 6 ; 14
20140227073: 2 6 6 ; 14
20140227074: 1 2 2 ; 5
20140227075: 2 3 4 ; 9
20140227076: 1 1 6 ; 8
20140227077: 1 1 2 ; 4
20140227078: 1 2 4 ; 7
