20140420001: 3 5 6 ; 14
20140420002: 1 1 5 ; 7
20140420003: 4 5 6 ; 15
20140420004: 2 3 5 ; 10
20140420005: 2 2 3 ; 7
20140420006: 1 3 4 ; 8
20140420007: 2 2 3 ; 7
20140420008: 1 6 6 ; 13
20140420009: 1 4 4 ; 9
20140420010: 3 4 6 ; 13
20140420011: 2 2 2 ; 6
20140420012: 2 4 6 ; 12
20140420013: 3 3 5 ; 11
20140420014: 1 1 6 ; 8
20140420015: 3 5 6 ; 14
20140420016: 5 5 5 ; 15
20140420017: 2 3 6 ; 11
20140420018: 4 5 6 ; 15
20140420019: 2 3 5 ; 10
20140420020: 1 2 3 ; 6
20140420021: 1 5 6 ; 12
20140420022: 1 2 4 ; 7
20140420023: 1 1 6 ; 8
20140420024: 2 4 5 ; 11
20140420025: 4 6 6 ; 16
20140420026: 1 2 5 ; 8
20140420027: 3 5 6 ; 14
20140420028: 2 3 3 ; 8
20140420029: 1 3 5 ; 9
20140420030: 4 4 6 ; 14
20140420031: 1 3 3 ; 7
20140420032: 1 1 3 ; 5
20140420033: 2 5 6 ; 13
20140420034: 1 2 4 ; 7
20140420035: 1 2 6 ; 9
20140420036: 3 4 6 ; 13
20140420037: 1 4 5 ; 10
20140420038: 2 2 6 ; 10
20140420039: 1 1 3 ; 5
20140420040: 5 5 5 ; 15
20140420041: 1 4 6 ; 11
20140420042: 1 2 4 ; 7
20140420043: 1 2 4 ; 7
20140420044: 2 3 6 ; 11
20140420045: 1 3 4 ; 8
20140420046: 3 4 6 ; 13
20140420047: 1 1 2 ; 4
20140420048: 4 6 6 ; 16
20140420049: 1 5 6 ; 12
20140420050: 2 2 5 ; 9
20140420051: 2 6 6 ; 14
20140420052: 1 4 5 ; 10
20140420053: 2 3 3 ; 8
20140420054: 1 3 5 ; 9
20140420055: 1 2 3 ; 6
20140420056: 1 4 5 ; 10
20140420057: 2 2 2 ; 6
20140420058: 2 2 6 ; 10
20140420059: 2 3 4 ; 9
20140420060: 4 4 6 ; 14
20140420061: 2 4 5 ; 11
20140420062: 2 2 3 ; 7
20140420063: 4 4 4 ; 12
20140420064: 1 1 1 ; 3
20140420065: 4 6 6 ; 16
20140420066: 2 4 4 ; 10
20140420067: 2 4 4 ; 10
20140420068: 1 4 5 ; 10
20140420069: 3 3 5 ; 11
20140420070: 2 2 6 ; 10
20140420071: 2 3 4 ; 9
20140420072: 6 6 6 ; 18
20140420073: 3 5 6 ; 14
20140420074: 3 4 5 ; 12
20140420075: 4 4 4 ; 12
20140420076: 2 6 6 ; 14
20140420077: 1 4 5 ; 10
20140420078: 1 3 3 ; 7
