20140819001: 1 2 6 ; 9
20140819002: 4 6 6 ; 16
20140819003: 3 6 6 ; 15
20140819004: 1 3 4 ; 8
20140819005: 1 3 5 ; 9
20140819006: 1 4 6 ; 11
20140819007: 1 1 6 ; 8
20140819008: 2 3 4 ; 9
20140819009: 1 6 6 ; 13
20140819010: 1 2 2 ; 5
20140819011: 2 3 4 ; 9
20140819012: 4 6 6 ; 16
20140819013: 2 4 5 ; 11
20140819014: 1 5 5 ; 11
20140819015: 3 3 6 ; 12
20140819016: 1 4 5 ; 10
20140819017: 1 4 4 ; 9
20140819018: 1 3 5 ; 9
20140819019: 1 1 6 ; 8
20140819020: 3 4 5 ; 12
20140819021: 1 6 6 ; 13
20140819022: 1 4 6 ; 11
20140819023: 3 5 5 ; 13
20140819024: 1 2 4 ; 7
20140819025: 4 6 6 ; 16
20140819026: 1 1 6 ; 8
20140819027: 3 5 6 ; 14
20140819028: 3 3 3 ; 9
20140819029: 1 2 4 ; 7
20140819030: 2 3 4 ; 9
20140819031: 2 3 4 ; 9
20140819032: 1 4 4 ; 9
20140819033: 5 5 6 ; 16
20140819034: 2 4 6 ; 12
20140819035: 2 3 5 ; 10
20140819036: 2 5 6 ; 13
20140819037: 2 6 6 ; 14
20140819038: 1 2 2 ; 5
20140819039: 1 6 6 ; 13
20140819040: 3 4 5 ; 12
20140819041: 2 2 6 ; 10
20140819042: 3 3 6 ; 12
20140819043: 1 1 5 ; 7
20140819044: 3 3 5 ; 11
20140819045: 1 4 5 ; 10
20140819046: 5 5 6 ; 16
20140819047: 4 5 6 ; 15
20140819048: 1 2 2 ; 5
20140819049: 3 3 4 ; 10
20140819050: 1 2 5 ; 8
20140819051: 4 4 5 ; 13
20140819052: 4 6 6 ; 16
20140819053: 3 4 6 ; 13
20140819054: 1 1 6 ; 8
20140819055: 1 4 5 ; 10
20140819056: 1 2 5 ; 8
20140819057: 1 6 6 ; 13
20140819058: 6 6 6 ; 18
20140819059: 1 3 3 ; 7
20140819060: 4 5 6 ; 15
20140819061: 2 3 6 ; 11
20140819062: 2 4 5 ; 11
20140819063: 2 3 5 ; 10
20140819064: 1 1 6 ; 8
20140819065: 1 4 6 ; 11
20140819066: 3 5 5 ; 13
20140819067: 3 4 5 ; 12
20140819068: 1 1 2 ; 4
20140819069: 2 6 6 ; 14
20140819070: 5 6 6 ; 17
20140819071: 1 2 5 ; 8
20140819072: 1 3 5 ; 9
20140819073: 3 3 4 ; 10
20140819074: 2 2 6 ; 10
20140819075: 3 5 6 ; 14
20140819076: 2 3 6 ; 11
20140819077: 2 3 3 ; 8
20140819078: 1 4 5 ; 10
