20140710001: 1 3 4 ; 8
20140710002: 4 5 6 ; 15
20140710003: 1 1 5 ; 7
20140710004: 2 4 5 ; 11
20140710005: 1 4 4 ; 9
20140710006: 2 2 6 ; 10
20140710007: 4 5 6 ; 15
20140710008: 3 4 5 ; 12
20140710009: 1 1 4 ; 6
20140710010: 3 4 6 ; 13
20140710011: 1 5 6 ; 12
20140710012: 4 4 6 ; 14
20140710013: 1 5 5 ; 11
20140710014: 1 3 3 ; 7
20140710015: 2 2 5 ; 9
20140710016: 4 4 6 ; 14
20140710017: 1 2 6 ; 9
20140710018: 4 6 6 ; 16
20140710019: 4 4 5 ; 13
20140710020: 1 3 4 ; 8
20140710021: 1 6 6 ; 13
20140710022: 5 6 6 ; 17
20140710023: 2 2 5 ; 9
20140710024: 3 5 5 ; 13
20140710025: 1 2 6 ; 9
20140710026: 1 3 6 ; 10
20140710027: 2 3 5 ; 10
20140710028: 4 5 5 ; 14
20140710029: 4 6 6 ; 16
20140710030: 3 4 4 ; 11
20140710031: 1 2 3 ; 6
20140710032: 4 4 5 ; 13
20140710033: 2 5 5 ; 12
20140710034: 1 5 6 ; 12
20140710035: 3 3 6 ; 12
20140710036: 2 3 4 ; 9
20140710037: 3 3 4 ; 10
20140710038: 1 4 5 ; 10
20140710039: 3 6 6 ; 15
20140710040: 4 4 5 ; 13
20140710041: 2 4 5 ; 11
20140710042: 2 4 5 ; 11
20140710043: 1 2 3 ; 6
20140710044: 1 1 5 ; 7
20140710045: 4 5 5 ; 14
20140710046: 1 2 4 ; 7
20140710047: 1 3 3 ; 7
20140710048: 1 5 5 ; 11
20140710049: 3 4 6 ; 13
20140710050: 2 6 6 ; 14
20140710051: 1 1 5 ; 7
20140710052: 2 3 5 ; 10
20140710053: 2 2 3 ; 7
20140710054: 1 3 4 ; 8
20140710055: 1 1 2 ; 4
20140710056: 3 4 4 ; 11
20140710057: 2 2 6 ; 10
20140710058: 1 6 6 ; 13
20140710059: 2 2 5 ; 9
20140710060: 5 5 5 ; 15
20140710061: 1 4 5 ; 10
20140710062: 1 2 2 ; 5
20140710063: 2 6 6 ; 14
20140710064: 1 4 4 ; 9
20140710065: 2 4 6 ; 12
20140710066: 4 4 6 ; 14
20140710067: 1 1 5 ; 7
20140710068: 1 2 2 ; 5
20140710069: 1 3 5 ; 9
20140710070: 2 3 4 ; 9
20140710071: 2 3 4 ; 9
20140710072: 4 5 6 ; 15
20140710073: 1 2 4 ; 7
20140710074: 3 4 4 ; 11
20140710075: 2 2 6 ; 10
20140710076: 1 2 4 ; 7
20140710077: 1 1 2 ; 4
20140710078: 1 3 5 ; 9
