20140516001: 3 3 5 ; 11
20140516002: 4 5 6 ; 15
20140516003: 3 4 4 ; 11
20140516004: 1 2 6 ; 9
20140516005: 2 4 4 ; 10
20140516006: 1 2 6 ; 9
20140516007: 4 4 5 ; 13
20140516008: 1 5 6 ; 12
20140516009: 1 3 5 ; 9
20140516010: 1 2 3 ; 6
20140516011: 2 3 3 ; 8
20140516012: 3 5 6 ; 14
20140516013: 1 4 4 ; 9
20140516014: 1 2 2 ; 5
20140516015: 1 1 5 ; 7
20140516016: 3 4 6 ; 13
20140516017: 3 3 4 ; 10
20140516018: 1 4 4 ; 9
20140516019: 4 5 5 ; 14
20140516020: 2 6 6 ; 14
20140516021: 3 5 6 ; 14
20140516022: 3 3 6 ; 12
20140516023: 2 2 3 ; 7
20140516024: 2 5 5 ; 12
20140516025: 3 4 4 ; 11
20140516026: 3 3 3 ; 9
20140516027: 1 3 4 ; 8
20140516028: 2 3 4 ; 9
20140516029: 1 3 5 ; 9
20140516030: 2 2 4 ; 8
20140516031: 4 4 6 ; 14
20140516032: 5 5 6 ; 16
20140516033: 2 5 5 ; 12
20140516034: 1 1 3 ; 5
20140516035: 1 5 5 ; 11
20140516036: 2 2 4 ; 8
20140516037: 2 5 6 ; 13
20140516038: 2 3 5 ; 10
20140516039: 2 2 4 ; 8
20140516040: 1 2 3 ; 6
20140516041: 3 4 4 ; 11
20140516042: 3 4 5 ; 12
20140516043: 1 6 6 ; 13
20140516044: 1 3 5 ; 9
20140516045: 3 4 5 ; 12
20140516046: 4 5 5 ; 14
20140516047: 1 1 4 ; 6
20140516048: 1 4 5 ; 10
20140516049: 2 5 6 ; 13
20140516050: 1 1 2 ; 4
20140516051: 1 4 5 ; 10
20140516052: 2 2 3 ; 7
20140516053: 3 6 6 ; 15
20140516054: 2 3 6 ; 11
20140516055: 2 4 5 ; 11
20140516056: 5 6 6 ; 17
20140516057: 1 1 6 ; 8
20140516058: 1 2 5 ; 8
20140516059: 1 4 6 ; 11
20140516060: 4 4 6 ; 14
20140516061: 1 2 3 ; 6
20140516062: 2 3 5 ; 10
20140516063: 3 4 6 ; 13
20140516064: 2 5 6 ; 13
20140516065: 2 3 4 ; 9
20140516066: 2 2 6 ; 10
20140516067: 2 3 3 ; 8
20140516068: 1 4 6 ; 11
20140516069: 3 3 5 ; 11
20140516070: 3 4 5 ; 12
20140516071: 1 3 5 ; 9
20140516072: 1 4 6 ; 11
20140516073: 1 3 5 ; 9
20140516074: 2 2 6 ; 10
20140516075: 3 6 6 ; 15
20140516076: 2 3 6 ; 11
20140516077: 2 4 6 ; 12
20140516078: 2 3 5 ; 10
