20140525001: 1 1 3 ; 5
20140525002: 2 4 5 ; 11
20140525003: 5 6 6 ; 17
20140525004: 3 4 6 ; 13
20140525005: 1 2 5 ; 8
20140525006: 1 4 5 ; 10
20140525007: 1 1 5 ; 7
20140525008: 2 3 5 ; 10
20140525009: 1 2 6 ; 9
20140525010: 3 4 6 ; 13
20140525011: 3 3 5 ; 11
20140525012: 2 3 5 ; 10
20140525013: 1 2 3 ; 6
20140525014: 2 3 4 ; 9
20140525015: 3 5 6 ; 14
20140525016: 1 3 5 ; 9
20140525017: 2 3 6 ; 11
20140525018: 1 3 6 ; 10
20140525019: 4 4 6 ; 14
20140525020: 2 3 6 ; 11
20140525021: 1 4 6 ; 11
20140525022: 1 3 3 ; 7
20140525023: 2 4 6 ; 12
20140525024: 2 3 3 ; 8
20140525025: 2 3 6 ; 11
20140525026: 1 1 3 ; 5
20140525027: 1 6 6 ; 13
20140525028: 1 4 6 ; 11
20140525029: 5 5 6 ; 16
20140525030: 1 2 4 ; 7
20140525031: 3 4 5 ; 12
20140525032: 2 3 5 ; 10
20140525033: 1 2 3 ; 6
20140525034: 2 3 4 ; 9
20140525035: 2 3 4 ; 9
20140525036: 3 5 5 ; 13
20140525037: 3 4 5 ; 12
20140525038: 1 2 2 ; 5
20140525039: 3 3 6 ; 12
20140525040: 3 6 6 ; 15
20140525041: 1 2 5 ; 8
20140525042: 1 1 5 ; 7
20140525043: 5 6 6 ; 17
20140525044: 2 3 3 ; 8
20140525045: 1 4 6 ; 11
20140525046: 1 2 6 ; 9
20140525047: 1 1 2 ; 4
20140525048: 3 4 5 ; 12
20140525049: 2 5 6 ; 13
20140525050: 2 2 4 ; 8
20140525051: 2 5 5 ; 12
20140525052: 1 4 6 ; 11
20140525053: 1 4 6 ; 11
20140525054: 1 3 5 ; 9
20140525055: 3 4 5 ; 12
20140525056: 3 5 6 ; 14
20140525057: 3 4 6 ; 13
20140525058: 2 3 4 ; 9
20140525059: 1 2 6 ; 9
20140525060: 4 4 5 ; 13
20140525061: 3 5 6 ; 14
20140525062: 2 3 4 ; 9
20140525063: 1 2 3 ; 6
20140525064: 1 5 6 ; 12
20140525065: 3 4 4 ; 11
20140525066: 2 5 6 ; 13
20140525067: 1 2 3 ; 6
20140525068: 5 5 5 ; 15
20140525069: 1 2 3 ; 6
20140525070: 4 5 5 ; 14
20140525071: 1 2 5 ; 8
20140525072: 1 2 5 ; 8
20140525073: 1 2 4 ; 7
20140525074: 2 4 5 ; 11
20140525075: 1 3 5 ; 9
20140525076: 3 3 6 ; 12
20140525077: 1 3 6 ; 10
20140525078: 1 3 6 ; 10
