20140312001: 3 4 6 ; 13
20140312002: 1 2 5 ; 8
20140312003: 1 2 5 ; 8
20140312004: 2 5 5 ; 12
20140312005: 3 5 5 ; 13
20140312006: 1 2 4 ; 7
20140312007: 1 2 3 ; 6
20140312008: 1 3 4 ; 8
20140312009: 1 3 6 ; 10
20140312010: 4 5 6 ; 15
20140312011: 1 2 4 ; 7
20140312012: 2 6 6 ; 14
20140312013: 1 5 6 ; 12
20140312014: 2 5 5 ; 12
20140312015: 1 3 5 ; 9
20140312016: 1 1 2 ; 4
20140312017: 1 2 4 ; 7
20140312018: 3 3 6 ; 12
20140312019: 2 5 6 ; 13
20140312020: 1 2 5 ; 8
20140312021: 2 3 4 ; 9
20140312022: 2 3 6 ; 11
20140312023: 3 3 3 ; 9
20140312024: 1 4 5 ; 10
20140312025: 3 5 6 ; 14
20140312026: 3 4 5 ; 12
20140312027: 3 3 5 ; 11
20140312028: 3 4 4 ; 11
20140312029: 1 3 3 ; 7
20140312030: 2 2 3 ; 7
20140312031: 2 2 4 ; 8
20140312032: 5 6 6 ; 17
20140312033: 1 6 6 ; 13
20140312034: 2 2 5 ; 9
20140312035: 1 2 6 ; 9
20140312036: 1 2 5 ; 8
20140312037: 1 1 1 ; 3
20140312038: 4 5 5 ; 14
20140312039: 1 5 5 ; 11
20140312040: 1 5 5 ; 11
20140312041: 3 5 6 ; 14
20140312042: 1 2 3 ; 6
20140312043: 2 5 5 ; 12
20140312044: 1 3 6 ; 10
20140312045: 2 4 5 ; 11
20140312046: 2 2 5 ; 9
20140312047: 1 1 4 ; 6
20140312048: 2 4 5 ; 11
20140312049: 1 2 3 ; 6
20140312050: 3 3 5 ; 11
20140312051: 2 4 5 ; 11
20140312052: 1 3 5 ; 9
20140312053: 1 2 6 ; 9
20140312054: 3 3 4 ; 10
20140312055: 2 3 3 ; 8
20140312056: 2 4 5 ; 11
20140312057: 1 6 6 ; 13
20140312058: 2 4 5 ; 11
20140312059: 1 5 6 ; 12
20140312060: 2 2 4 ; 8
20140312061: 1 2 5 ; 8
20140312062: 2 3 5 ; 10
20140312063: 1 1 3 ; 5
20140312064: 3 3 5 ; 11
20140312065: 2 3 4 ; 9
20140312066: 2 4 5 ; 11
20140312067: 2 4 5 ; 11
20140312068: 1 3 4 ; 8
20140312069: 1 4 4 ; 9
20140312070: 4 4 5 ; 13
20140312071: 1 3 5 ; 9
20140312072: 2 3 4 ; 9
20140312073: 3 3 6 ; 12
20140312074: 1 1 5 ; 7
20140312075: 2 5 6 ; 13
20140312076: 2 4 5 ; 11
20140312077: 2 3 6 ; 11
20140312078: 4 6 6 ; 16
