20140307001: 1 3 6 ; 10
20140307002: 4 6 6 ; 16
20140307003: 1 2 4 ; 7
20140307004: 2 2 6 ; 10
20140307005: 2 6 6 ; 14
20140307006: 4 5 5 ; 14
20140307007: 1 4 6 ; 11
20140307008: 1 2 5 ; 8
20140307009: 1 1 6 ; 8
20140307010: 4 5 6 ; 15
20140307011: 1 2 6 ; 9
20140307012: 4 6 6 ; 16
20140307013: 2 3 6 ; 11
20140307014: 1 2 6 ; 9
20140307015: 2 2 6 ; 10
20140307016: 2 5 5 ; 12
20140307017: 1 3 3 ; 7
20140307018: 2 4 6 ; 12
20140307019: 2 2 6 ; 10
20140307020: 4 4 4 ; 12
20140307021: 1 2 3 ; 6
20140307022: 1 3 4 ; 8
20140307023: 1 4 4 ; 9
20140307024: 1 3 5 ; 9
20140307025: 2 2 5 ; 9
20140307026: 1 4 4 ; 9
20140307027: 1 2 3 ; 6
20140307028: 1 2 6 ; 9
20140307029: 3 4 6 ; 13
20140307030: 2 4 6 ; 12
20140307031: 1 2 3 ; 6
20140307032: 2 4 4 ; 10
20140307033: 1 3 6 ; 10
20140307034: 1 1 2 ; 4
20140307035: 1 4 5 ; 10
20140307036: 1 1 5 ; 7
20140307037: 2 3 4 ; 9
20140307038: 1 3 6 ; 10
20140307039: 2 3 5 ; 10
20140307040: 1 3 4 ; 8
20140307041: 2 2 6 ; 10
20140307042: 1 1 3 ; 5
20140307043: 2 2 6 ; 10
20140307044: 4 6 6 ; 16
20140307045: 2 2 5 ; 9
20140307046: 2 3 6 ; 11
20140307047: 4 4 6 ; 14
20140307048: 1 4 4 ; 9
20140307049: 2 5 6 ; 13
20140307050: 2 4 4 ; 10
20140307051: 3 4 5 ; 12
20140307052: 2 4 4 ; 10
20140307053: 1 3 6 ; 10
20140307054: 1 2 6 ; 9
20140307055: 3 5 6 ; 14
20140307056: 3 4 6 ; 13
20140307057: 1 2 4 ; 7
20140307058: 3 5 5 ; 13
20140307059: 4 5 5 ; 14
20140307060: 2 6 6 ; 14
20140307061: 4 5 5 ; 14
20140307062: 1 3 5 ; 9
20140307063: 3 4 6 ; 13
20140307064: 2 4 5 ; 11
20140307065: 4 5 5 ; 14
20140307066: 1 1 5 ; 7
20140307067: 2 2 4 ; 8
20140307068: 1 4 5 ; 10
20140307069: 3 4 5 ; 12
20140307070: 1 3 3 ; 7
20140307071: 3 4 5 ; 12
20140307072: 3 4 5 ; 12
20140307073: 1 2 2 ; 5
20140307074: 1 3 4 ; 8
20140307075: 3 5 5 ; 13
20140307076: 4 4 6 ; 14
20140307077: 3 3 6 ; 12
20140307078: 2 2 5 ; 9
