20140529001: 1 4 5 ; 10
20140529002: 2 3 6 ; 11
20140529003: 1 2 4 ; 7
20140529004: 4 4 4 ; 12
20140529005: 4 5 5 ; 14
20140529006: 1 6 6 ; 13
20140529007: 3 5 6 ; 14
20140529008: 1 2 3 ; 6
20140529009: 1 2 5 ; 8
20140529010: 1 2 3 ; 6
20140529011: 1 4 5 ; 10
20140529012: 3 4 5 ; 12
20140529013: 6 6 6 ; 18
20140529014: 1 4 5 ; 10
20140529015: 1 3 6 ; 10
20140529016: 2 2 5 ; 9
20140529017: 5 5 6 ; 16
20140529018: 2 3 4 ; 9
20140529019: 1 1 5 ; 7
20140529020: 1 3 6 ; 10
20140529021: 4 5 6 ; 15
20140529022: 1 1 2 ; 4
20140529023: 4 5 5 ; 14
20140529024: 1 5 6 ; 12
20140529025: 2 3 5 ; 10
20140529026: 2 3 3 ; 8
20140529027: 1 2 3 ; 6
20140529028: 1 4 6 ; 11
20140529029: 1 5 5 ; 11
20140529030: 4 4 6 ; 14
20140529031: 2 3 5 ; 10
20140529032: 2 5 6 ; 13
20140529033: 1 3 6 ; 10
20140529034: 1 5 5 ; 11
20140529035: 3 4 6 ; 13
20140529036: 1 3 4 ; 8
20140529037: 1 1 5 ; 7
20140529038: 2 2 5 ; 9
20140529039: 2 4 6 ; 12
20140529040: 1 3 5 ; 9
20140529041: 2 4 6 ; 12
20140529042: 2 3 5 ; 10
20140529043: 4 5 5 ; 14
20140529044: 2 3 4 ; 9
20140529045: 3 3 5 ; 11
20140529046: 3 4 6 ; 13
20140529047: 4 6 6 ; 16
20140529048: 1 3 3 ; 7
20140529049: 1 2 5 ; 8
20140529050: 1 4 5 ; 10
20140529051: 2 3 5 ; 10
20140529052: 2 3 4 ; 9
20140529053: 3 4 4 ; 11
20140529054: 1 5 6 ; 12
20140529055: 3 3 5 ; 11
20140529056: 2 3 4 ; 9
20140529057: 2 3 4 ; 9
20140529058: 1 1 3 ; 5
20140529059: 4 5 6 ; 15
20140529060: 1 3 5 ; 9
20140529061: 2 2 4 ; 8
20140529062: 3 4 6 ; 13
20140529063: 2 3 5 ; 10
20140529064: 5 5 5 ; 15
20140529065: 1 3 4 ; 8
20140529066: 4 4 5 ; 13
20140529067: 1 5 6 ; 12
20140529068: 2 3 4 ; 9
20140529069: 4 4 6 ; 14
20140529070: 2 2 4 ; 8
20140529071: 2 3 5 ; 10
20140529072: 3 4 4 ; 11
20140529073: 1 2 6 ; 9
20140529074: 2 5 5 ; 12
20140529075: 1 2 5 ; 8
20140529076: 1 1 5 ; 7
20140529077: 1 2 4 ; 7
20140529078: 3 5 6 ; 14
