20140503001: 1 2 2 ; 5
20140503002: 1 1 2 ; 4
20140503003: 1 2 4 ; 7
20140503004: 1 2 4 ; 7
20140503005: 3 6 6 ; 15
20140503006: 1 5 6 ; 12
20140503007: 3 4 5 ; 12
20140503008: 2 4 6 ; 12
20140503009: 6 6 6 ; 18
20140503010: 3 4 6 ; 13
20140503011: 1 3 3 ; 7
20140503012: 4 5 6 ; 15
20140503013: 1 4 6 ; 11
20140503014: 1 2 5 ; 8
20140503015: 1 2 3 ; 6
20140503016: 3 3 5 ; 11
20140503017: 1 1 1 ; 3
20140503018: 1 1 4 ; 6
20140503019: 2 5 6 ; 13
20140503020: 4 4 6 ; 14
20140503021: 1 5 6 ; 12
20140503022: 2 2 4 ; 8
20140503023: 2 2 6 ; 10
20140503024: 2 4 5 ; 11
20140503025: 4 5 6 ; 15
20140503026: 1 4 6 ; 11
20140503027: 1 5 6 ; 12
20140503028: 3 5 6 ; 14
20140503029: 6 6 6 ; 18
20140503030: 1 3 5 ; 9
20140503031: 2 3 3 ; 8
20140503032: 1 3 5 ; 9
20140503033: 1 3 4 ; 8
20140503034: 1 1 3 ; 5
20140503035: 1 3 3 ; 7
20140503036: 2 3 4 ; 9
20140503037: 3 5 6 ; 14
20140503038: 1 3 5 ; 9
20140503039: 1 3 5 ; 9
20140503040: 1 2 2 ; 5
20140503041: 2 4 4 ; 10
20140503042: 5 6 6 ; 17
20140503043: 4 5 6 ; 15
20140503044: 1 2 5 ; 8
20140503045: 3 3 5 ; 11
20140503046: 1 3 5 ; 9
20140503047: 1 4 6 ; 11
20140503048: 3 5 6 ; 14
20140503049: 3 3 5 ; 11
20140503050: 3 5 6 ; 14
20140503051: 2 3 5 ; 10
20140503052: 2 6 6 ; 14
20140503053: 3 4 5 ; 12
20140503054: 2 4 4 ; 10
20140503055: 3 3 5 ; 11
20140503056: 2 3 3 ; 8
20140503057: 4 5 5 ; 14
20140503058: 4 5 6 ; 15
20140503059: 2 3 4 ; 9
20140503060: 4 5 6 ; 15
20140503061: 1 3 6 ; 10
20140503062: 2 6 6 ; 14
20140503063: 1 3 4 ; 8
20140503064: 4 5 6 ; 15
20140503065: 1 1 3 ; 5
20140503066: 3 3 4 ; 10
20140503067: 1 2 4 ; 7
20140503068: 1 2 3 ; 6
20140503069: 1 2 2 ; 5
20140503070: 1 5 6 ; 12
20140503071: 4 5 5 ; 14
20140503072: 1 3 5 ; 9
20140503073: 4 4 6 ; 14
20140503074: 1 3 5 ; 9
20140503075: 2 4 6 ; 12
20140503076: 2 3 4 ; 9
20140503077: 2 4 6 ; 12
20140503078: 1 4 4 ; 9
