20140128001: 1 5 5 ; 11
20140128002: 3 3 3 ; 9
20140128003: 1 2 4 ; 7
20140128004: 2 4 5 ; 11
20140128005: 4 5 6 ; 15
20140128006: 1 5 6 ; 12
20140128007: 2 2 5 ; 9
20140128008: 3 5 6 ; 14
20140128009: 2 3 6 ; 11
20140128010: 1 1 4 ; 6
20140128011: 2 5 6 ; 13
20140128012: 3 3 4 ; 10
20140128013: 2 3 4 ; 9
20140128014: 3 3 3 ; 9
20140128015: 2 4 5 ; 11
20140128016: 3 6 6 ; 15
20140128017: 2 3 6 ; 11
20140128018: 2 3 5 ; 10
20140128019: 2 2 3 ; 7
20140128020: 3 5 5 ; 13
20140128021: 1 3 4 ; 8
20140128022: 2 3 6 ; 11
20140128023: 2 4 4 ; 10
20140128024: 1 1 2 ; 4
20140128025: 1 3 6 ; 10
20140128026: 3 4 5 ; 12
20140128027: 3 3 6 ; 12
20140128028: 3 3 4 ; 10
20140128029: 4 5 6 ; 15
20140128030: 1 2 6 ; 9
20140128031: 2 5 6 ; 13
20140128032: 3 4 6 ; 13
20140128033: 2 2 3 ; 7
20140128034: 1 2 3 ; 6
20140128035: 2 4 6 ; 12
20140128036: 4 4 5 ; 13
20140128037: 4 6 6 ; 16
20140128038: 1 4 6 ; 11
20140128039: 5 5 6 ; 16
20140128040: 2 5 5 ; 12
20140128041: 4 4 6 ; 14
20140128042: 2 6 6 ; 14
20140128043: 4 4 4 ; 12
20140128044: 1 4 6 ; 11
20140128045: 1 3 5 ; 9
20140128046: 1 3 5 ; 9
20140128047: 1 2 5 ; 8
20140128048: 2 3 6 ; 11
20140128049: 1 3 4 ; 8
20140128050: 4 4 5 ; 13
20140128051: 1 5 6 ; 12
20140128052: 2 3 6 ; 11
20140128053: 2 2 6 ; 10
20140128054: 1 2 6 ; 9
20140128055: 5 5 6 ; 16
20140128056: 2 2 4 ; 8
20140128057: 2 4 6 ; 12
20140128058: 1 6 6 ; 13
20140128059: 3 5 5 ; 13
20140128060: 2 4 5 ; 11
20140128061: 1 4 5 ; 10
20140128062: 2 4 5 ; 11
20140128063: 2 2 3 ; 7
20140128064: 1 1 4 ; 6
20140128065: 2 3 4 ; 9
20140128066: 2 3 3 ; 8
20140128067: 1 2 5 ; 8
20140128068: 1 3 5 ; 9
20140128069: 4 4 5 ; 13
20140128070: 1 2 5 ; 8
20140128071: 2 5 6 ; 13
20140128072: 3 3 6 ; 12
20140128073: 3 4 5 ; 12
20140128074: 3 3 6 ; 12
20140128075: 1 2 3 ; 6
20140128076: 1 5 6 ; 12
20140128077: 1 1 3 ; 5
20140128078: 1 4 5 ; 10
