20140629001: 2 3 5 ; 10
20140629002: 1 2 4 ; 7
20140629003: 3 3 4 ; 10
20140629004: 4 6 6 ; 16
20140629005: 1 3 5 ; 9
20140629006: 2 5 5 ; 12
20140629007: 2 3 3 ; 8
20140629008: 2 4 6 ; 12
20140629009: 1 5 6 ; 12
20140629010: 1 1 2 ; 4
20140629011: 1 4 5 ; 10
20140629012: 2 6 6 ; 14
20140629013: 5 5 6 ; 16
20140629014: 2 5 6 ; 13
20140629015: 1 3 4 ; 8
20140629016: 1 5 6 ; 12
20140629017: 2 2 6 ; 10
20140629018: 2 4 5 ; 11
20140629019: 2 3 4 ; 9
20140629020: 2 5 6 ; 13
20140629021: 1 1 4 ; 6
20140629022: 1 2 2 ; 5
20140629023: 4 5 5 ; 14
20140629024: 1 3 6 ; 10
20140629025: 2 5 6 ; 13
20140629026: 2 4 6 ; 12
20140629027: 2 4 5 ; 11
20140629028: 3 3 4 ; 10
20140629029: 2 3 6 ; 11
20140629030: 2 2 3 ; 7
20140629031: 1 2 2 ; 5
20140629032: 5 6 6 ; 17
20140629033: 1 4 4 ; 9
20140629034: 4 5 5 ; 14
20140629035: 3 3 5 ; 11
20140629036: 3 3 5 ; 11
20140629037: 2 5 5 ; 12
20140629038: 1 3 3 ; 7
20140629039: 2 4 4 ; 10
20140629040: 1 4 6 ; 11
20140629041: 1 1 5 ; 7
20140629042: 3 6 6 ; 15
20140629043: 1 5 6 ; 12
20140629044: 1 4 5 ; 10
20140629045: 1 1 6 ; 8
20140629046: 4 6 6 ; 16
20140629047: 2 5 5 ; 12
20140629048: 1 2 6 ; 9
20140629049: 4 5 5 ; 14
20140629050: 2 6 6 ; 14
20140629051: 2 2 5 ; 9
20140629052: 4 4 6 ; 14
20140629053: 4 5 6 ; 15
20140629054: 1 2 5 ; 8
20140629055: 2 2 6 ; 10
20140629056: 1 1 2 ; 4
20140629057: 1 2 4 ; 7
20140629058: 2 2 4 ; 8
20140629059: 3 4 6 ; 13
20140629060: 2 4 4 ; 10
20140629061: 1 2 5 ; 8
20140629062: 1 2 4 ; 7
20140629063: 2 3 5 ; 10
20140629064: 1 1 5 ; 7
20140629065: 1 2 6 ; 9
20140629066: 3 5 5 ; 13
20140629067: 2 4 4 ; 10
20140629068: 2 4 6 ; 12
20140629069: 3 3 3 ; 9
20140629070: 1 1 1 ; 3
20140629071: 1 1 3 ; 5
20140629072: 3 4 6 ; 13
20140629073: 1 2 6 ; 9
20140629074: 2 3 4 ; 9
20140629075: 2 4 5 ; 11
20140629076: 3 4 6 ; 13
20140629077: 1 2 4 ; 7
20140629078: 1 3 5 ; 9
