20140120001: 1 5 6 ; 12
20140120002: 1 1 4 ; 6
20140120003: 1 2 5 ; 8
20140120004: 1 3 6 ; 10
20140120005: 1 1 2 ; 4
20140120006: 2 3 5 ; 10
20140120007: 3 3 6 ; 12
20140120008: 2 3 4 ; 9
20140120009: 1 2 5 ; 8
20140120010: 2 6 6 ; 14
20140120011: 4 4 5 ; 13
20140120012: 1 2 4 ; 7
20140120013: 1 2 4 ; 7
20140120014: 1 4 5 ; 10
20140120015: 1 2 4 ; 7
20140120016: 3 3 5 ; 11
20140120017: 1 3 3 ; 7
20140120018: 1 5 5 ; 11
20140120019: 1 1 4 ; 6
20140120020: 1 2 4 ; 7
20140120021: 4 6 6 ; 16
20140120022: 4 4 5 ; 13
20140120023: 1 1 1 ; 3
20140120024: 3 6 6 ; 15
20140120025: 1 5 6 ; 12
20140120026: 3 5 5 ; 13
20140120027: 2 6 6 ; 14
20140120028: 2 2 6 ; 10
20140120029: 2 3 6 ; 11
20140120030: 3 6 6 ; 15
20140120031: 1 2 3 ; 6
20140120032: 2 2 3 ; 7
20140120033: 3 3 6 ; 12
20140120034: 3 4 6 ; 13
20140120035: 3 3 6 ; 12
20140120036: 4 6 6 ; 16
20140120037: 4 4 6 ; 14
20140120038: 3 6 6 ; 15
20140120039: 1 3 6 ; 10
20140120040: 2 5 6 ; 13
20140120041: 2 3 5 ; 10
20140120042: 2 3 6 ; 11
20140120043: 2 3 6 ; 11
20140120044: 2 3 5 ; 10
20140120045: 5 5 6 ; 16
20140120046: 1 2 2 ; 5
20140120047: 1 4 6 ; 11
20140120048: 3 4 6 ; 13
20140120049: 2 2 5 ; 9
20140120050: 1 2 5 ; 8
20140120051: 3 3 6 ; 12
20140120052: 1 1 4 ; 6
20140120053: 1 2 2 ; 5
20140120054: 2 6 6 ; 14
20140120055: 1 4 6 ; 11
20140120056: 1 3 5 ; 9
20140120057: 1 1 3 ; 5
20140120058: 1 4 4 ; 9
20140120059: 1 5 6 ; 12
20140120060: 1 2 6 ; 9
20140120061: 2 4 6 ; 12
20140120062: 2 4 5 ; 11
20140120063: 3 4 5 ; 12
20140120064: 4 5 6 ; 15
20140120065: 3 3 4 ; 10
20140120066: 1 5 6 ; 12
20140120067: 3 3 5 ; 11
20140120068: 1 1 5 ; 7
20140120069: 1 2 5 ; 8
20140120070: 2 2 3 ; 7
20140120071: 1 2 3 ; 6
20140120072: 1 3 5 ; 9
20140120073: 1 2 4 ; 7
20140120074: 1 2 4 ; 7
20140120075: 3 4 5 ; 12
20140120076: 3 4 6 ; 13
20140120077: 1 3 5 ; 9
20140120078: 4 4 6 ; 14
