20140630001: 2 6 6 ; 14
20140630002: 1 3 3 ; 7
20140630003: 2 3 3 ; 8
20140630004: 2 3 5 ; 10
20140630005: 1 2 2 ; 5
20140630006: 4 4 5 ; 13
20140630007: 3 5 6 ; 14
20140630008: 1 2 3 ; 6
20140630009: 3 4 4 ; 11
20140630010: 1 1 5 ; 7
20140630011: 3 6 6 ; 15
20140630012: 1 2 6 ; 9
20140630013: 2 5 6 ; 13
20140630014: 2 2 2 ; 6
20140630015: 1 2 3 ; 6
20140630016: 1 5 6 ; 12
20140630017: 2 6 6 ; 14
20140630018: 2 2 3 ; 7
20140630019: 4 5 5 ; 14
20140630020: 4 4 5 ; 13
20140630021: 5 5 5 ; 15
20140630022: 3 4 6 ; 13
20140630023: 3 4 5 ; 12
20140630024: 2 3 3 ; 8
20140630025: 1 2 4 ; 7
20140630026: 2 4 6 ; 12
20140630027: 3 3 3 ; 9
20140630028: 5 5 6 ; 16
20140630029: 2 4 6 ; 12
20140630030: 1 2 4 ; 7
20140630031: 3 4 5 ; 12
20140630032: 1 3 6 ; 10
20140630033: 3 5 5 ; 13
20140630034: 1 4 6 ; 11
20140630035: 4 5 6 ; 15
20140630036: 1 5 6 ; 12
20140630037: 1 2 3 ; 6
20140630038: 1 1 4 ; 6
20140630039: 6 6 6 ; 18
20140630040: 2 5 6 ; 13
20140630041: 2 2 4 ; 8
20140630042: 2 2 5 ; 9
20140630043: 3 3 4 ; 10
20140630044: 3 3 6 ; 12
20140630045: 3 3 6 ; 12
20140630046: 1 5 6 ; 12
20140630047: 2 4 4 ; 10
20140630048: 4 5 5 ; 14
20140630049: 1 4 5 ; 10
20140630050: 4 6 6 ; 16
20140630051: 1 2 4 ; 7
20140630052: 4 4 6 ; 14
20140630053: 4 5 6 ; 15
20140630054: 1 5 6 ; 12
20140630055: 2 3 5 ; 10
20140630056: 1 3 6 ; 10
20140630057: 1 3 5 ; 9
20140630058: 3 4 4 ; 11
20140630059: 1 3 6 ; 10
20140630060: 3 5 5 ; 13
20140630061: 2 2 5 ; 9
20140630062: 1 4 4 ; 9
20140630063: 2 2 5 ; 9
20140630064: 5 6 6 ; 17
20140630065: 3 3 6 ; 12
20140630066: 1 4 6 ; 11
20140630067: 2 3 4 ; 9
20140630068: 1 5 5 ; 11
20140630069: 4 5 5 ; 14
20140630070: 3 4 4 ; 11
20140630071: 1 2 2 ; 5
20140630072: 2 3 5 ; 10
20140630073: 3 5 6 ; 14
20140630074: 1 2 3 ; 6
20140630075: 3 5 6 ; 14
20140630076: 5 6 6 ; 17
20140630077: 1 2 3 ; 6
20140630078: 3 4 5 ; 12
