20140208001: 1 3 4 ; 8
20140208002: 1 4 6 ; 11
20140208003: 1 4 6 ; 11
20140208004: 1 3 3 ; 7
20140208005: 1 5 5 ; 11
20140208006: 1 3 5 ; 9
20140208007: 3 3 4 ; 10
20140208008: 2 2 6 ; 10
20140208009: 1 2 6 ; 9
20140208010: 4 5 6 ; 15
20140208011: 3 5 6 ; 14
20140208012: 2 4 5 ; 11
20140208013: 2 2 3 ; 7
20140208014: 3 4 5 ; 12
20140208015: 2 3 4 ; 9
20140208016: 5 5 5 ; 15
20140208017: 1 1 4 ; 6
20140208018: 4 6 6 ; 16
20140208019: 2 3 6 ; 11
20140208020: 3 3 4 ; 10
20140208021: 2 5 6 ; 13
20140208022: 3 3 3 ; 9
20140208023: 1 1 6 ; 8
20140208024: 2 5 6 ; 13
20140208025: 2 2 5 ; 9
20140208026: 1 2 4 ; 7
20140208027: 3 4 6 ; 13
20140208028: 3 4 5 ; 12
20140208029: 1 3 3 ; 7
20140208030: 3 3 4 ; 10
20140208031: 2 2 4 ; 8
20140208032: 5 5 5 ; 15
20140208033: 4 6 6 ; 16
20140208034: 3 3 6 ; 12
20140208035: 1 4 6 ; 11
20140208036: 2 5 6 ; 13
20140208037: 3 4 5 ; 12
20140208038: 3 5 5 ; 13
20140208039: 2 4 5 ; 11
20140208040: 1 2 3 ; 6
20140208041: 1 3 3 ; 7
20140208042: 3 5 6 ; 14
20140208043: 4 5 5 ; 14
20140208044: 2 3 4 ; 9
20140208045: 3 3 4 ; 10
20140208046: 2 3 4 ; 9
20140208047: 3 3 5 ; 11
20140208048: 2 3 5 ; 10
20140208049: 5 5 5 ; 15
20140208050: 2 3 4 ; 9
20140208051: 4 5 6 ; 15
20140208052: 1 2 3 ; 6
20140208053: 1 2 2 ; 5
20140208054: 2 3 5 ; 10
20140208055: 1 5 6 ; 12
20140208056: 2 4 6 ; 12
20140208057: 1 1 2 ; 4
20140208058: 2 5 6 ; 13
20140208059: 5 6 6 ; 17
20140208060: 3 5 6 ; 14
20140208061: 2 5 5 ; 12
20140208062: 2 4 5 ; 11
20140208063: 1 3 4 ; 8
20140208064: 3 5 6 ; 14
20140208065: 2 4 5 ; 11
20140208066: 4 6 6 ; 16
20140208067: 4 5 6 ; 15
20140208068: 3 3 5 ; 11
20140208069: 2 2 4 ; 8
20140208070: 2 4 4 ; 10
20140208071: 2 3 5 ; 10
20140208072: 4 5 5 ; 14
20140208073: 2 3 6 ; 11
20140208074: 1 1 2 ; 4
20140208075: 2 2 4 ; 8
20140208076: 1 2 3 ; 6
20140208077: 1 4 5 ; 10
20140208078: 2 4 5 ; 11
