20140823001: 2 2 3 ; 7
20140823002: 5 5 6 ; 16
20140823003: 2 2 6 ; 10
20140823004: 1 1 2 ; 4
20140823005: 2 3 3 ; 8
20140823006: 1 4 6 ; 11
20140823007: 1 5 5 ; 11
20140823008: 2 3 5 ; 10
20140823009: 1 3 6 ; 10
20140823010: 1 4 4 ; 9
20140823011: 2 4 5 ; 11
20140823012: 3 4 6 ; 13
20140823013: 1 5 5 ; 11
20140823014: 2 2 3 ; 7
20140823015: 2 2 5 ; 9
20140823016: 1 1 5 ; 7
20140823017: 1 2 4 ; 7
20140823018: 2 4 6 ; 12
20140823019: 2 4 6 ; 12
20140823020: 1 3 3 ; 7
20140823021: 2 4 5 ; 11
20140823022: 2 4 4 ; 10
20140823023: 4 5 5 ; 14
20140823024: 4 5 6 ; 15
20140823025: 1 2 5 ; 8
20140823026: 2 2 3 ; 7
20140823027: 1 1 6 ; 8
20140823028: 1 2 3 ; 6
20140823029: 3 3 3 ; 9
20140823030: 1 5 6 ; 12
20140823031: 1 2 3 ; 6
20140823032: 1 2 5 ; 8
20140823033: 1 3 4 ; 8
20140823034: 1 2 6 ; 9
20140823035: 1 3 4 ; 8
20140823036: 3 5 5 ; 13
20140823037: 2 4 6 ; 12
20140823038: 3 3 6 ; 12
20140823039: 2 4 4 ; 10
20140823040: 2 3 6 ; 11
20140823041: 3 5 5 ; 13
20140823042: 4 4 5 ; 13
20140823043: 1 3 4 ; 8
20140823044: 1 4 6 ; 11
20140823045: 3 4 5 ; 12
20140823046: 2 3 6 ; 11
20140823047: 4 4 4 ; 12
20140823048: 3 3 4 ; 10
20140823049: 4 5 6 ; 15
20140823050: 3 4 6 ; 13
20140823051: 1 2 3 ; 6
20140823052: 2 3 3 ; 8
20140823053: 3 3 4 ; 10
20140823054: 1 3 4 ; 8
20140823055: 2 4 4 ; 10
20140823056: 3 4 6 ; 13
20140823057: 2 2 3 ; 7
20140823058: 1 2 3 ; 6
20140823059: 1 2 3 ; 6
20140823060: 3 4 6 ; 13
20140823061: 1 3 4 ; 8
20140823062: 3 3 6 ; 12
20140823063: 2 3 5 ; 10
20140823064: 6 6 6 ; 18
20140823065: 1 3 4 ; 8
20140823066: 4 5 6 ; 15
20140823067: 1 2 4 ; 7
20140823068: 2 3 6 ; 11
20140823069: 1 1 4 ; 6
20140823070: 1 1 2 ; 4
20140823071: 1 1 4 ; 6
20140823072: 2 2 3 ; 7
20140823073: 1 3 3 ; 7
20140823074: 2 3 6 ; 11
20140823075: 2 2 5 ; 9
20140823076: 3 3 4 ; 10
20140823077: 1 2 6 ; 9
20140823078: 2 3 4 ; 9
