20140106001: 3 4 5 ; 12
20140106002: 1 5 6 ; 12
20140106003: 1 4 5 ; 10
20140106004: 4 4 6 ; 14
20140106005: 1 1 4 ; 6
20140106006: 1 3 4 ; 8
20140106007: 1 3 5 ; 9
20140106008: 2 3 5 ; 10
20140106009: 2 3 5 ; 10
20140106010: 2 6 6 ; 14
20140106011: 1 1 3 ; 5
20140106012: 1 1 3 ; 5
20140106013: 4 5 6 ; 15
20140106014: 1 4 5 ; 10
20140106015: 5 5 6 ; 16
20140106016: 1 1 6 ; 8
20140106017: 2 5 5 ; 12
20140106018: 1 2 4 ; 7
20140106019: 3 3 4 ; 10
20140106020: 2 2 6 ; 10
20140106021: 2 3 5 ; 10
20140106022: 1 4 4 ; 9
20140106023: 2 5 6 ; 13
20140106024: 3 3 5 ; 11
20140106025: 1 4 4 ; 9
20140106026: 1 3 3 ; 7
20140106027: 2 3 3 ; 8
20140106028: 2 2 4 ; 8
20140106029: 2 3 4 ; 9
20140106030: 2 4 6 ; 12
20140106031: 2 5 5 ; 12
20140106032: 3 4 4 ; 11
20140106033: 2 5 6 ; 13
20140106034: 2 3 4 ; 9
20140106035: 4 4 5 ; 13
20140106036: 2 4 5 ; 11
20140106037: 1 2 6 ; 9
20140106038: 3 4 6 ; 13
20140106039: 2 6 6 ; 14
20140106040: 2 6 6 ; 14
20140106041: 5 5 5 ; 15
20140106042: 1 4 6 ; 11
20140106043: 5 5 6 ; 16
20140106044: 1 2 5 ; 8
20140106045: 2 3 6 ; 11
20140106046: 1 2 5 ; 8
20140106047: 1 3 6 ; 10
20140106048: 1 1 2 ; 4
20140106049: 1 1 6 ; 8
20140106050: 3 5 6 ; 14
20140106051: 4 6 6 ; 16
20140106052: 5 6 6 ; 17
20140106053: 2 5 5 ; 12
20140106054: 3 5 5 ; 13
20140106055: 2 3 5 ; 10
20140106056: 1 4 5 ; 10
20140106057: 3 5 6 ; 14
20140106058: 1 1 3 ; 5
20140106059: 4 5 6 ; 15
20140106060: 3 3 6 ; 12
20140106061: 1 3 3 ; 7
20140106062: 1 1 5 ; 7
20140106063: 1 2 3 ; 6
20140106064: 1 2 6 ; 9
20140106065: 2 6 6 ; 14
20140106066: 2 4 5 ; 11
20140106067: 2 6 6 ; 14
20140106068: 1 4 4 ; 9
20140106069: 2 3 5 ; 10
20140106070: 3 5 6 ; 14
20140106071: 4 4 4 ; 12
20140106072: 1 1 2 ; 4
20140106073: 4 5 6 ; 15
20140106074: 2 3 3 ; 8
20140106075: 5 5 6 ; 16
20140106076: 3 5 6 ; 14
20140106077: 1 1 6 ; 8
20140106078: 2 4 4 ; 10
