20140627001: 3 3 4 ; 10
20140627002: 1 3 6 ; 10
20140627003: 2 5 6 ; 13
20140627004: 1 2 4 ; 7
20140627005: 1 5 5 ; 11
20140627006: 1 1 4 ; 6
20140627007: 1 2 4 ; 7
20140627008: 2 2 4 ; 8
20140627009: 1 3 3 ; 7
20140627010: 1 1 6 ; 8
20140627011: 2 4 6 ; 12
20140627012: 1 4 5 ; 10
20140627013: 2 3 4 ; 9
20140627014: 1 3 5 ; 9
20140627015: 3 4 4 ; 11
20140627016: 2 4 6 ; 12
20140627017: 1 1 3 ; 5
20140627018: 1 2 6 ; 9
20140627019: 1 2 3 ; 6
20140627020: 2 2 3 ; 7
20140627021: 2 3 5 ; 10
20140627022: 5 5 6 ; 16
20140627023: 4 6 6 ; 16
20140627024: 1 2 3 ; 6
20140627025: 1 2 4 ; 7
20140627026: 5 6 6 ; 17
20140627027: 3 3 4 ; 10
20140627028: 4 5 6 ; 15
20140627029: 1 3 5 ; 9
20140627030: 1 3 6 ; 10
20140627031: 2 4 6 ; 12
20140627032: 2 5 6 ; 13
20140627033: 4 5 6 ; 15
20140627034: 1 3 4 ; 8
20140627035: 2 3 3 ; 8
20140627036: 2 3 5 ; 10
20140627037: 1 4 6 ; 11
20140627038: 1 1 4 ; 6
20140627039: 4 6 6 ; 16
20140627040: 1 3 5 ; 9
20140627041: 5 5 6 ; 16
20140627042: 1 5 6 ; 12
20140627043: 1 2 6 ; 9
20140627044: 1 2 4 ; 7
20140627045: 3 4 5 ; 12
20140627046: 2 3 3 ; 8
20140627047: 1 3 4 ; 8
20140627048: 1 1 5 ; 7
20140627049: 1 2 5 ; 8
20140627050: 1 2 5 ; 8
20140627051: 3 4 6 ; 13
20140627052: 2 2 5 ; 9
20140627053: 1 3 4 ; 8
20140627054: 2 3 5 ; 10
20140627055: 3 5 6 ; 14
20140627056: 1 3 5 ; 9
20140627057: 4 5 6 ; 15
20140627058: 1 4 4 ; 9
20140627059: 1 5 6 ; 12
20140627060: 1 5 5 ; 11
20140627061: 1 1 2 ; 4
20140627062: 1 5 6 ; 12
20140627063: 2 3 5 ; 10
20140627064: 1 4 6 ; 11
20140627065: 3 4 6 ; 13
20140627066: 1 2 6 ; 9
20140627067: 1 3 3 ; 7
20140627068: 2 3 5 ; 10
20140627069: 3 3 6 ; 12
20140627070: 1 4 5 ; 10
20140627071: 1 2 4 ; 7
20140627072: 1 4 5 ; 10
20140627073: 2 4 6 ; 12
20140627074: 5 5 6 ; 16
20140627075: 1 5 5 ; 11
20140627076: 1 2 4 ; 7
20140627077: 4 4 6 ; 14
20140627078: 3 3 5 ; 11
