20140126001: 2 4 4 ; 10
20140126002: 2 3 5 ; 10
20140126003: 4 4 6 ; 14
20140126004: 2 2 6 ; 10
20140126005: 1 3 6 ; 10
20140126006: 1 4 5 ; 10
20140126007: 2 3 4 ; 9
20140126008: 4 4 5 ; 13
20140126009: 1 1 2 ; 4
20140126010: 3 5 5 ; 13
20140126011: 5 6 6 ; 17
20140126012: 2 3 4 ; 9
20140126013: 4 5 6 ; 15
20140126014: 4 6 6 ; 16
20140126015: 2 4 6 ; 12
20140126016: 3 6 6 ; 15
20140126017: 1 2 3 ; 6
20140126018: 1 2 4 ; 7
20140126019: 1 3 5 ; 9
20140126020: 1 3 6 ; 10
20140126021: 1 1 6 ; 8
20140126022: 1 1 5 ; 7
20140126023: 3 4 6 ; 13
20140126024: 1 2 6 ; 9
20140126025: 2 3 5 ; 10
20140126026: 2 3 4 ; 9
20140126027: 2 3 4 ; 9
20140126028: 3 4 6 ; 13
20140126029: 1 1 6 ; 8
20140126030: 1 3 6 ; 10
20140126031: 1 3 6 ; 10
20140126032: 2 4 5 ; 11
20140126033: 1 2 2 ; 5
20140126034: 2 4 4 ; 10
20140126035: 1 2 3 ; 6
20140126036: 4 4 5 ; 13
20140126037: 4 4 4 ; 12
20140126038: 1 5 6 ; 12
20140126039: 1 2 4 ; 7
20140126040: 1 3 6 ; 10
20140126041: 1 4 6 ; 11
20140126042: 1 3 6 ; 10
20140126043: 3 3 3 ; 9
20140126044: 4 4 6 ; 14
20140126045: 2 4 5 ; 11
20140126046: 1 4 6 ; 11
20140126047: 2 2 5 ; 9
20140126048: 3 3 4 ; 10
20140126049: 2 4 5 ; 11
20140126050: 2 3 4 ; 9
20140126051: 1 1 4 ; 6
20140126052: 1 2 5 ; 8
20140126053: 1 3 5 ; 9
20140126054: 1 4 5 ; 10
20140126055: 1 4 6 ; 11
20140126056: 3 5 6 ; 14
20140126057: 1 3 4 ; 8
20140126058: 1 5 6 ; 12
20140126059: 2 4 5 ; 11
20140126060: 2 4 5 ; 11
20140126061: 1 2 4 ; 7
20140126062: 2 3 4 ; 9
20140126063: 1 3 4 ; 8
20140126064: 2 3 4 ; 9
20140126065: 4 5 6 ; 15
20140126066: 5 6 6 ; 17
20140126067: 2 2 4 ; 8
20140126068: 1 1 4 ; 6
20140126069: 1 1 6 ; 8
20140126070: 2 5 6 ; 13
20140126071: 4 5 6 ; 15
20140126072: 1 2 6 ; 9
20140126073: 5 6 6 ; 17
20140126074: 1 5 6 ; 12
20140126075: 3 4 6 ; 13
20140126076: 2 2 6 ; 10
20140126077: 1 2 5 ; 8
20140126078: 1 4 5 ; 10
