20140423001: 2 2 5 ; 9
20140423002: 4 6 6 ; 16
20140423003: 1 1 5 ; 7
20140423004: 1 3 5 ; 9
20140423005: 2 3 4 ; 9
20140423006: 2 2 3 ; 7
20140423007: 1 1 2 ; 4
20140423008: 1 2 4 ; 7
20140423009: 1 3 5 ; 9
20140423010: 2 5 5 ; 12
20140423011: 4 4 5 ; 13
20140423012: 4 5 5 ; 14
20140423013: 3 5 5 ; 13
20140423014: 3 3 6 ; 12
20140423015: 2 4 4 ; 10
20140423016: 1 4 5 ; 10
20140423017: 2 3 5 ; 10
20140423018: 1 3 3 ; 7
20140423019: 2 2 4 ; 8
20140423020: 3 5 6 ; 14
20140423021: 2 2 2 ; 6
20140423022: 1 4 5 ; 10
20140423023: 3 4 6 ; 13
20140423024: 2 3 5 ; 10
20140423025: 1 3 4 ; 8
20140423026: 1 1 3 ; 5
20140423027: 2 5 6 ; 13
20140423028: 5 5 6 ; 16
20140423029: 2 3 4 ; 9
20140423030: 1 2 4 ; 7
20140423031: 1 1 4 ; 6
20140423032: 3 6 6 ; 15
20140423033: 4 5 5 ; 14
20140423034: 1 4 5 ; 10
20140423035: 1 5 6 ; 12
20140423036: 1 2 5 ; 8
20140423037: 1 2 2 ; 5
20140423038: 2 3 3 ; 8
20140423039: 1 2 3 ; 6
20140423040: 2 3 4 ; 9
20140423041: 2 2 4 ; 8
20140423042: 2 3 5 ; 10
20140423043: 1 5 6 ; 12
20140423044: 3 4 5 ; 12
20140423045: 1 3 4 ; 8
20140423046: 3 6 6 ; 15
20140423047: 3 4 6 ; 13
20140423048: 1 5 6 ; 12
20140423049: 2 6 6 ; 14
20140423050: 1 1 3 ; 5
20140423051: 4 5 5 ; 14
20140423052: 3 4 4 ; 11
20140423053: 2 5 6 ; 13
20140423054: 1 2 4 ; 7
20140423055: 1 4 6 ; 11
20140423056: 1 5 6 ; 12
20140423057: 3 3 5 ; 11
20140423058: 1 2 2 ; 5
20140423059: 2 4 4 ; 10
20140423060: 1 2 5 ; 8
20140423061: 2 3 5 ; 10
20140423062: 1 3 5 ; 9
20140423063: 1 1 3 ; 5
20140423064: 1 3 4 ; 8
20140423065: 1 3 5 ; 9
20140423066: 1 1 4 ; 6
20140423067: 1 3 6 ; 10
20140423068: 2 5 5 ; 12
20140423069: 2 2 5 ; 9
20140423070: 1 1 3 ; 5
20140423071: 1 5 6 ; 12
20140423072: 1 3 4 ; 8
20140423073: 4 5 6 ; 15
20140423074: 1 2 5 ; 8
20140423075: 2 3 3 ; 8
20140423076: 3 4 4 ; 11
20140423077: 1 6 6 ; 13
20140423078: 2 2 4 ; 8
